-1.3000 2.6300 0.7000
-1.2372 2.5588 0.6981
-1.1794 2.4850 0.6930
-1.1265 2.4050 0.6853
-1.0783 2.3160 0.6754
-1.0148 2.1615 0.6578
-0.9621 1.9791 0.6381
-0.9199 1.7677 0.6174
-0.8881 1.5289 0.5968
-0.8644 1.2276 0.5747
-0.8536 0.8974 0.5549
-0.8548 0.5432 0.5381
-0.8668 0.1695 0.5249
-0.8878 -0.2231 0.5156
-0.9162 -0.6258 0.5103
-0.9495 -1.0333 0.5089
-0.9835 -1.4403 0.5110
-1.0175 -1.8854 0.5165
-1.0420 -2.3170 0.5240
-1.0514 -2.7322 0.5319
-1.0419 -3.1282 0.5383
-1.0135 -3.4829 0.5412
-0.9645 -3.8343 0.5396
-0.8951 -4.1963 0.5325
-0.8069 -4.5828 0.5189
-0.6963 -5.0356 0.4967
-0.5711 -5.5568 0.4665
-0.4351 -6.1631 0.4285
-0.2925 -6.8656 0.3834
-0.1308 -7.7671 0.3256
0.0292 -8.7887 0.2616
0.1831 -9.9120 0.1931
0.3263 -11.0969 0.1220
0.4183 -11.9400 0.0717
0.5021 -12.7701 0.0219
0.5764 -13.5662 -0.0268
0.6399 -14.3059 -0.0738
0.6913 -14.9675 -0.1182
0.7298 -15.5334 -0.1594
0.7545 -15.9900 -0.1969
0.7653 -16.3294 -0.2300
0.7510 -16.6363 -0.2771
0.6990 -16.6260 -0.3068
0.6229 -16.4129 -0.3198
0.5456 -16.1083 -0.3184
0.5070 -15.9188 -0.3120
0.4827 -15.7642 -0.3038
0.4762 -15.6509 -0.2954
0.4881 -15.5761 -0.2888
0.5178 -15.5282 -0.2855
0.5629 -15.4842 -0.2865
0.6198 -15.4156 -0.2922
0.6852 -15.2908 -0.3028
0.7553 -15.0745 -0.3181
0.8257 -14.7268 -0.3375
0.8927 -14.2085 -0.3600
0.9527 -13.4847 -0.3846
1.0137 -12.2365 -0.4165
1.0541 -10.5763 -0.4473
1.0693 -8.4942 -0.4750
1.0563 -5.9931 -0.4967
1.0154 -3.2635 -0.5096
0.9440 -0.2608 -0.5134
0.8409 2.9410 -0.5067
0.7064 6.2674 -0.4879
0.5272 9.9270 -0.4528
0.3196 13.5611 -0.4020
0.0937 17.1041 -0.3364
-0.1381 20.5077 -0.2578
-0.3570 23.6780 -0.1707
-0.5521 26.6346 -0.0782
-0.7129 29.3346 0.0151
-0.8338 31.7223 0.1046
-0.8994 33.3285 0.1687
-0.9421 34.7047 0.2267
-0.9650 35.8500 0.2775
-0.9714 36.7695 0.3207
-0.9651 37.4781 0.3562
-0.9503 38.0078 0.3844
-0.9309 38.3908 0.4060
-0.9105 38.6577 0.4218
-0.8890 38.8679 0.4349
-0.8752 38.9964 0.4432
-0.8732 39.0685 0.4487
-0.8858 39.0979 0.4536
-0.9137 39.0866 0.4598
-0.9595 39.0152 0.4687
-1.0237 38.8517 0.4816
-1.1060 38.5616 0.4999
-1.2095 38.0786 0.5256
-1.3260 37.3504 0.5584
-1.4487 36.3303 0.5979
-1.5698 34.9945 0.6428
-1.7187 32.6254 0.7097
-1.8271 29.8102 0.7772
-1.8811 26.7907 0.8392
-1.8798 23.7777 0.8882
-1.8439 21.4959 0.9143
-1.7832 19.4614 0.9284
-1.7054 17.7006 0.9310
-1.6185 16.2055 0.9227
-1.5300 14.9424 0.9054
-1.4441 13.8626 0.8813
-1.3652 12.9245 0.8524
-1.2963 12.0973 0.8210
-1.2270 11.1906 0.7821
-1.1760 10.3685 0.7449
-1.1421 9.6035 0.7112
-1.1210 8.8852 0.6827
-1.1087 8.2882 0.6625
-1.0980 7.7116 0.6458
-1.0849 7.1515 0.6315
-1.0665 6.6039 0.6187
-1.0348 5.9695 0.6035
-0.9908 5.3389 0.5868
-0.9345 4.7019 0.5676
-0.8678 4.0538 0.5445
-0.8050 3.4924 0.5213
-0.7378 2.9094 0.4952
-0.6670 2.2998 0.4665
-0.5937 1.6598 0.4352
-0.4957 0.7800 0.3916
-0.3957 -0.1582 0.3449
-0.2960 -1.1537 0.2959
-0.2005 -2.1986 0.2457
-0.1394 -2.9448 0.2111
-0.0841 -3.7055 0.1773
-0.0361 -4.4772 0.1448
0.0031 -5.2565 0.1143
0.0323 -6.0415 0.0865
0.0509 -6.8348 0.0621
0.0586 -7.6423 0.0416
0.0562 -8.4725 0.0253
0.0498 -9.0359 0.0171
0.0404 -9.6193 0.0107
0.0289 -10.2275 0.0063
0.0164 -10.8655 0.0034
0.0093 -11.2442 0.0025
0.0025 -11.6352 0.0020
-0.0039 -12.0394 0.0019
-0.0095 -12.4574 0.0020
-0.0140 -12.8902 0.0024
-0.0172 -13.3385 0.0030
-0.0188 -13.8028 0.0036
-0.0186 -14.2837 0.0042
-0.0158 -14.8906 0.0047
-0.0097 -15.5234 0.0050
-0.0000 -16.1828 0.0047
0.0133 -16.8692 0.0039
0.0277 -17.4759 0.0025
0.0451 -18.1027 0.0004
0.0655 -18.7495 -0.0024
0.0888 -19.4163 -0.0060
0.1294 -20.4574 -0.0132
0.1764 -21.5429 -0.0227
0.2296 -22.6712 -0.0345
0.2884 -23.8399 -0.0489
0.3649 -25.2785 -0.0693
0.4475 -26.7600 -0.0934
0.5354 -28.2704 -0.1209
0.6271 -29.7911 -0.1518
0.7599 -31.8915 -0.2003
0.8944 -33.8703 -0.2539
1.0270 -35.6093 -0.3116
1.1543 -36.9621 -0.3719
1.3007 -37.8514 -0.4486
1.4257 -37.5812 -0.5243
1.5227 -35.9299 -0.5962
1.5872 -32.7493 -0.6607
1.6157 -28.4014 -0.7114
1.6124 -22.9420 -0.7510
1.5783 -16.6242 -0.7781
1.5158 -9.7464 -0.7918
1.4213 -2.1413 -0.7916
1.3004 5.5270 -0.7762
1.1547 13.1168 -0.7456
0.9846 20.5842 -0.7005
0.7816 28.2539 -0.6390
0.5497 35.9828 -0.5624
0.2868 43.9213 -0.4705
-0.0090 52.2021 -0.3627
-0.2906 59.6473 -0.2566
-0.5979 67.3177 -0.1379
-0.9292 74.9098 -0.0066
-1.2797 81.8432 0.1372
-1.6415 87.2645 0.2926
-1.9992 89.8212 0.4573
-2.3335 88.4065 0.6274
-2.6228 82.4865 0.7971
-2.7754 76.3645 0.9032
-2.8958 68.9318 1.0041
-2.9818 60.7408 1.0975
-3.0335 52.4278 1.1818
-3.0528 44.6093 1.2555
-3.0438 37.6644 1.3178
-3.0112 31.8138 1.3682
-2.9599 27.1158 1.4069
-2.9105 24.2187 1.4289
-2.8545 21.8817 1.4444
-2.7936 20.0285 1.4541
-2.7293 18.5699 1.4583
-2.6628 17.4185 1.4574
-2.5947 16.5145 1.4520
-2.5257 15.8034 1.4427
-2.4566 15.2362 1.4298
-2.3839 14.7487 1.4128
-2.3119 14.3479 1.3929
-2.2407 14.0093 1.3705
-2.1706 13.7133 1.3460
-2.0856 13.3850 1.3133
-2.0025 13.0832 1.2786
-1.9214 12.7962 1.2423
-1.8419 12.5154 1.2049
-1.7367 12.1359 1.1531
-1.6334 11.7507 1.1004
-1.5314 11.3555 1.0470
-1.4303 10.9474 0.9934
-1.2858 10.3350 0.9163
-1.1438 9.6926 0.8391
-1.0074 9.0222 0.7623
-0.8816 8.3282 0.6872
-0.7909 7.7481 0.6286
-0.7150 7.1622 0.5733
-0.6567 6.5746 0.5226
-0.6179 5.9898 0.4779
-0.5996 5.4105 0.4408
-0.6022 4.8323 0.4118
-0.6245 4.2498 0.3915
-0.6627 3.6569 0.3802
-0.7079 3.0846 0.3777
-0.7559 2.4912 0.3816
-0.8003 1.8752 0.3905
-0.8351 1.2387 0.4024
-0.8523 0.7071 0.4126
-0.8570 0.1674 0.4220
-0.8481 -0.3792 0.4293
-0.8252 -0.9314 0.4336
-0.7889 -1.4901 0.4338
-0.7409 -2.0616 0.4295
-0.6835 -2.6522 0.4205
-0.6185 -3.2691 0.4068
-0.5387 -4.0107 0.3859
-0.4561 -4.8068 0.3599
-0.3736 -5.6659 0.3299
-0.2942 -6.5934 0.2969
-0.2249 -7.5250 0.2645
-0.1622 -8.5204 0.2313
-0.1070 -9.5804 0.1984
-0.0599 -10.7035 0.1666
-0.0208 -11.8888 0.1367
0.0121 -13.1397 0.1089
0.0414 -14.4596 0.0835
0.0708 -15.8526 0.0600
0.0977 -17.0450 0.0420
0.1300 -18.2929 0.0243
0.1701 -19.5987 0.0063
0.2202 -20.9630 -0.0127
0.2877 -22.5083 -0.0356
0.3696 -24.1157 -0.0617
0.4657 -25.7716 -0.0918
0.5747 -27.4531 -0.1265
0.6922 -29.0984 -0.1656
0.8173 -30.6874 -0.2094
0.9471 -32.1547 -0.2578
1.0783 -33.4177 -0.3102
1.2565 -34.6431 -0.3882
1.4195 -34.9645 -0.4697
1.5570 -34.1003 -0.5514
1.6601 -31.8035 -0.6290
1.7190 -28.1271 -0.6956
1.7314 -23.1547 -0.7509
1.6931 -17.1385 -0.7916
1.6037 -10.4078 -0.8146
1.4473 -2.5942 -0.8165
1.2383 5.1915 -0.7923
0.9873 12.7031 -0.7422
0.7060 19.8282 -0.6680
0.3882 26.9947 -0.5664
0.0648 33.9767 -0.4455
-0.2524 40.9074 -0.3099
-0.5570 47.7569 -0.1654
-0.7936 53.1518 -0.0450
-1.0170 58.1576 0.0762
-1.2252 62.4721 0.1965
-1.4163 65.7027 0.3140
-1.5609 67.2763 0.4084
-1.6896 67.6549 0.4989
-1.8003 66.7561 0.5842
-1.8909 64.6115 0.6636
-1.9768 60.1686 0.7576
-2.0263 54.4055 0.8373
-2.0431 47.9606 0.9007
-2.0322 41.5502 0.9486
-2.0076 36.6884 0.9775
-1.9758 32.3327 0.9973
-1.9416 28.5471 1.0092
-1.9089 25.3284 1.0148
-1.8710 21.6137 1.0147
-1.8422 18.7197 1.0097
-1.8161 16.4429 1.0030
-1.7853 14.6935 0.9942
-1.7484 13.5526 0.9835
-1.6942 12.6158 0.9693
-1.6199 11.8317 0.9505
-1.5265 11.1547 0.9253
-1.4228 10.5693 0.8937
-1.3114 10.0219 0.8558
-1.1985 9.4910 0.8126
-1.0893 8.9630 0.7655
-0.9847 8.4069 0.7140
-0.8947 7.8407 0.6623
-0.8230 7.2635 0.6122
-0.7727 6.6804 0.5664
-0.7467 6.1356 0.5296
-0.7418 5.5873 0.4995
-0.7577 5.0342 0.4769
-0.7931 4.4756 0.4628
-0.8431 3.9311 0.4579
-0.9029 3.3788 0.4607
-0.9651 2.8216 0.4703
-1.0221 2.2653 0.4851
-1.0567 1.8417 0.4986
-1.0781 1.4286 0.5124
-1.0826 1.0289 0.5249
-1.0674 0.6443 0.5347
-1.0312 0.2736 0.5402
-0.9739 -0.0911 0.5401
-0.8965 -0.4599 0.5337
-0.8016 -0.8431 0.5200
-0.7087 -1.1928 0.5023
-0.6074 -1.5703 0.4792
-0.4997 -1.9814 0.4510
-0.3881 -2.4301 0.4179
-0.2259 -3.1375 0.3633
-0.0661 -3.9185 0.3019
0.0859 -4.7554 0.2355
0.2256 -5.6138 0.1664
0.3269 -6.2915 0.1104
0.4151 -6.9305 0.0553
0.4880 -7.5053 0.0021
0.5444 -7.9895 -0.0478
0.5831 -8.3596 -0.0933
0.6024 -8.6031 -0.1335
0.6018 -8.7157 -0.1674
0.5815 -8.7009 -0.1944
0.5376 -8.5534 -0.2152
0.4739 -8.3054 -0.2263
0.3949 -8.0013 -0.2277
0.3069 -7.6876 -0.2201
0.2338 -7.4568 -0.2080
0.1642 -7.2740 -0.1915
0.1015 -7.1556 -0.1719
0.0494 -7.1130 -0.1504
0.0104 -7.1523 -0.1285
-0.0142 -7.2739 -0.1074
-0.0240 -7.4741 -0.0882
-0.0196 -7.7464 -0.0718
-0.0053 -8.0329 -0.0607
0.0177 -8.3611 -0.0525
0.0480 -8.7245 -0.0476
0.0846 -9.1172 -0.0459
0.1247 -9.5201 -0.0473
0.1679 -9.9391 -0.0517
0.2133 -10.3688 -0.0587
0.2595 -10.8032 -0.0682
0.3123 -11.2981 -0.0816
0.3637 -11.7826 -0.0974
0.4125 -12.2478 -0.1148
0.4578 -12.6847 -0.1335
0.5211 -13.3026 -0.1648
0.5686 -13.7947 -0.1957
0.5966 -14.1454 -0.2243
0.6032 -14.3389 -0.2483
0.5921 -14.3819 -0.2630
0.5663 -14.3496 -0.2727
0.5277 -14.2685 -0.2771
0.4795 -14.1688 -0.2759
0.4215 -14.0784 -0.2685
0.3683 -14.0541 -0.2562
0.3291 -14.1270 -0.2409
0.3130 -14.3140 -0.2256
0.3203 -14.5206 -0.2166
0.3447 -14.7784 -0.2104
0.3861 -15.0742 -0.2081
0.4436 -15.3906 -0.2105
0.5153 -15.7064 -0.2183
0.5990 -15.9946 -0.2317
0.6920 -16.2237 -0.2506
0.7906 -16.3573 -0.2750
0.9221 -16.3185 -0.3137
1.0505 -15.9463 -0.3590
1.1686 -15.1403 -0.4088
1.2709 -13.7979 -0.4607
1.3583 -11.6296 -0.5161
1.4134 -8.6915 -0.5677
1.4304 -5.0063 -0.6124
1.4057 -0.6379 -0.6466
1.3387 4.1661 -0.6669
1.2275 9.3302 -0.6722
1.0723 14.7105 -0.6608
0.8755 20.1949 -0.6311
0.6231 26.0979 -0.5780
0.3351 32.0233 -0.5034
0.0210 37.9760 -0.4084
-0.3088 43.9511 -0.2952
-0.5573 48.3850 -0.2007
-0.8038 52.7317 -0.0994
-1.0438 56.8663 0.0073
-1.2728 60.6006 0.1175
-1.4867 63.6945 0.2293
-1.6823 65.8804 0.3408
-1.8560 66.9212 0.4502
-2.0052 66.6332 0.5556
-2.1486 64.4118 0.6750
-2.2493 60.3536 0.7829
-2.3069 54.8979 0.8768
-2.3235 48.6841 0.9549
-2.3026 42.2615 1.0180
-2.2515 36.2854 1.0631
-2.1795 31.0683 1.0910
-2.0947 26.7585 1.1036
-2.0094 23.4721 1.1036
-1.9265 20.8402 1.0942
-1.8509 18.7392 1.0781
-1.7867 17.0629 1.0576
-1.7307 15.5119 1.0311
-1.6957 14.2642 1.0051
-1.6789 13.2291 0.9821
-1.6743 12.3674 0.9632
-1.6726 11.6796 0.9491
-1.6599 11.0852 0.9374
-1.6252 10.5650 0.9255
-1.5605 10.1009 0.9104
-1.4754 9.7246 0.8914
-1.3663 9.3612 0.8657
-1.2377 8.9958 0.8322
-1.0948 8.6179 0.7906
-0.9447 8.2193 0.7412
-0.7943 7.7952 0.6854
-0.6495 7.3470 0.6248
-0.5159 6.8820 0.5613
-0.3781 6.3272 0.4851
-0.2684 5.7854 0.4111
-0.1908 5.2748 0.3422
-0.1483 4.8263 0.2819
-0.1407 4.5250 0.2418
-0.1581 4.2685 0.2101
-0.2006 4.0481 0.1877
-0.2667 3.8506 0.1754
-0.3532 3.6587 0.1737
-0.4560 3.4467 0.1824
-0.5690 3.1941 0.2007
-0.6856 2.8852 0.2275
-0.7933 2.5296 0.2596
-0.8889 2.1156 0.2958
-0.9655 1.6516 0.3341
-1.0185 1.1540 0.3718
-1.0416 0.7595 0.3988
-1.0484 0.3630 0.4231
-1.0388 -0.0300 0.4436
-1.0135 -0.4159 0.4598
-0.9739 -0.7936 0.4709
-0.9215 -1.1661 0.4767
-0.8579 -1.5378 0.4771
-0.7855 -1.9145 0.4720
-0.6754 -2.4509 0.4564
-0.5567 -3.0261 0.4317
-0.4335 -3.6533 0.3991
-0.3093 -4.3403 0.3598
-0.1542 -5.3065 0.3021
-0.0096 -6.3687 0.2386
0.1194 -7.5091 0.1724
0.2292 -8.6782 0.1065
0.2879 -9.4166 0.0660
0.3364 -10.1390 0.0274
0.3743 -10.8364 -0.0087
0.4017 -11.5009 -0.0418
0.4189 -12.1273 -0.0713
0.4272 -12.7154 -0.0971
0.4282 -13.2678 -0.1191
0.4236 -13.7889 -0.1372
0.4147 -14.3306 -0.1530
0.4055 -14.8557 -0.1650
0.3997 -15.3755 -0.1742
0.4000 -15.8985 -0.1815
0.4119 -16.5404 -0.1893
0.4385 -17.1986 -0.1976
0.4801 -17.8644 -0.2079
0.5356 -18.5188 -0.2216
0.5930 -19.0571 -0.2369
0.6563 -19.5410 -0.2554
0.7227 -19.9408 -0.2770
0.7895 -20.2248 -0.3012
0.8651 -20.3627 -0.3323
0.9331 -20.2341 -0.3651
0.9899 -19.7899 -0.3981
1.0322 -18.9871 -0.4298
1.0600 -17.5642 -0.4626
1.0607 -15.6356 -0.4893
1.0319 -13.2551 -0.5078
0.9728 -10.4932 -0.5160
0.8920 -7.6920 -0.5128
0.7879 -4.7639 -0.4989
0.6645 -1.8004 -0.4741
0.5271 1.1212 -0.4389
0.3535 4.5098 -0.3841
0.1834 7.6935 -0.3190
0.0282 10.6533 -0.2476
-0.1020 13.3967 -0.1746
-0.1650 14.9465 -0.1323
-0.2167 16.4366 -0.0920
-0.2576 17.8758 -0.0542
-0.2883 19.2724 -0.0197
-0.3101 20.6351 0.0114
-0.3249 21.9741 0.0387
-0.3343 23.2989 0.0625
-0.3399 24.6194 0.0829
-0.3452 26.5066 0.1068
-0.3525 28.4281 0.1258
-0.3665 30.4006 0.1415
-0.3912 32.4358 0.1560
-0.4222 34.1567 0.1684
-0.4647 35.9107 0.1822
-0.5201 37.6795 0.1985
-0.5896 39.4366 0.2182
-0.6789 41.2393 0.2437
-0.7844 42.9240 0.2749
-0.9053 44.4099 0.3121
-1.0395 45.6096 0.3558
-1.1843 46.4262 0.4063
-1.3349 46.7381 0.4628
-1.4860 46.4485 0.5244
-1.6319 45.4944 0.5899
-1.8049 43.1864 0.6787
-1.9446 39.8559 0.7663
-2.0421 35.8268 0.8477
-2.0934 31.4887 0.9182
-2.1020 27.9528 0.9658
-2.0834 24.7181 1.0020
-2.0428 21.8958 1.0267
-1.9862 19.5297 1.0398
-1.9198 17.5959 1.0422
-1.8489 16.0254 1.0358
-1.7779 14.7492 1.0224
-1.7105 13.7055 1.0036
-1.6424 12.7290 0.9780
-1.5863 11.9073 0.9504
-1.5442 11.1926 0.9231
-1.5166 10.5619 0.8979
-1.5023 9.9713 0.8755
-1.4974 9.4359 0.8578
-1.4932 8.9497 0.8439
-1.4789 8.5053 0.8325
-1.4401 8.0810 0.8196
-1.3652 7.6724 0.8018
-1.2490 7.2511 0.7755
-1.0949 6.8085 0.7366
-0.9473 6.4183 0.6934
-0.7884 5.9827 0.6411
-0.6266 5.5002 0.5809
-0.4707 4.9774 0.5148
-0.3467 4.5071 0.4552
-0.2364 4.0314 0.3950
-0.1436 3.5648 0.3356
-0.0707 3.1273 0.2791
-0.0191 2.7382 0.2276
0.0098 2.4047 0.1820
0.0158 2.1307 0.1437
-0.0002 1.9165 0.1137
-0.0325 1.7671 0.0942
-0.0783 1.6460 0.0823
-0.1339 1.5374 0.0776
-0.1961 1.4247 0.0798
-0.2543 1.3065 0.0868
-0.3115 1.1606 0.0979
-0.3646 0.9786 0.1120
-0.4120 0.7548 0.1284
-0.4571 0.4472 0.1483
-0.4914 0.0813 0.1685
-0.5145 -0.3411 0.1878
-0.5269 -0.8153 0.2053
-0.5295 -1.3525 0.2206
-0.5234 -1.9345 0.2328
-0.5101 -2.5574 0.2416
-0.4912 -3.2182 0.2470
-0.4670 -3.9553 0.2492
-0.4401 -4.7335 0.2482
-0.4117 -5.5543 0.2443
-0.3827 -6.4203 0.2381
-0.3439 -7.6609 0.2269
-0.3046 -9.0003 0.2132
-0.2625 -10.4513 0.1972
-0.2146 -12.0257 0.1790
-0.1629 -13.5528 0.1605
-0.0987 -15.2030 0.1390
-0.0185 -16.9869 0.1134
0.0799 -18.9131 0.0824
0.1869 -20.8095 0.0482
0.3090 -22.8241 0.0078
0.4443 -24.9348 -0.0389
0.5894 -27.1010 -0.0920
0.7121 -28.8653 -0.1398
0.8363 -30.5689 -0.1910
0.9594 -32.1434 -0.2452
1.0791 -33.5026 -0.3014
1.2180 -34.7322 -0.3721
1.3425 -35.2913 -0.4429
1.4478 -35.0044 -0.5118
1.5296 -33.7241 -0.5766
1.5899 -30.9089 -0.6432
1.6097 -26.7387 -0.6984
1.5875 -21.4135 -0.7395
1.5250 -15.2285 -0.7645
1.4141 -7.8516 -0.7721
1.2667 -0.2878 -0.7584
1.0905 7.1968 -0.7241
0.8921 14.4627 -0.6714
0.6818 21.3445 -0.6048
0.4570 28.1362 -0.5246
0.2178 34.9556 -0.4321
-0.0370 41.8935 -0.3287
-0.3044 48.8508 -0.2174
-0.5905 55.8777 -0.0960
-0.8948 62.6737 0.0353
-1.2135 68.6759 0.1762
-1.4959 72.6223 0.3056
-1.7741 74.6341 0.4401
-2.0359 74.1156 0.5772
-2.2672 70.7615 0.7134
-2.4525 64.6888 0.8445
-2.5815 56.6805 0.9645
-2.6495 47.7794 1.0682
-2.6573 39.2033 1.1523
-2.6209 32.8547 1.2070
-2.5521 27.6335 1.2448
-2.4580 23.5665 1.2662
-2.3460 20.5147 1.2720
-2.2259 18.2902 1.2634
-2.0998 16.6286 1.2433
-1.9721 15.3662 1.2138
-1.8461 14.3871 1.1766
-1.7354 13.6645 1.1373
-1.6302 13.0427 1.0945
-1.5318 12.4864 1.0496
-1.4417 11.9743 1.0035
-1.3243 11.2632 0.9355
-1.2276 10.5852 0.8702
-1.1514 9.9245 0.8093
-1.0941 9.2798 0.7549
-1.0564 8.7146 0.7128
-1.0295 8.1574 0.6766
-1.0113 7.6074 0.6460
-0.9993 7.0631 0.6209
-0.9908 6.4353 0.5976
-0.9869 5.8111 0.5798
-0.9863 5.1886 0.5666
-0.9881 4.5681 0.5571
-0.9909 3.9606 0.5505
-0.9931 3.3548 0.5461
-0.9925 2.7503 0.5431
-0.9854 2.1481 0.5404
-0.9677 1.5485 0.5365
-0.9359 0.9434 0.5300
-0.8873 0.3224 0.5196
-0.8201 -0.3251 0.5036
-0.7432 -0.9458 0.4831
-0.6532 -1.6172 0.4565
-0.5531 -2.3528 0.4239
-0.4464 -3.1630 0.3856
-0.3396 -4.0355 0.3433
-0.2352 -4.9885 0.2974
-0.1371 -6.0192 0.2493
-0.0492 -7.1178 0.2006
0.0103 -8.0084 0.1637
0.0619 -8.9282 0.1282
0.1065 -9.8730 0.0945
0.1453 -10.8383 0.0629
0.1731 -11.6163 0.0396
0.2002 -12.4050 0.0176
0.2284 -13.2040 -0.0033
0.2590 -14.0124 -0.0233
0.2934 -14.8293 -0.0430
0.3329 -15.6523 -0.0627
0.3784 -16.4771 -0.0829
0.4300 -17.2982 -0.1040
0.4883 -18.1201 -0.1268
0.5519 -18.9179 -0.1512
0.6196 -19.6762 -0.1774
0.6895 -20.3767 -0.2053
0.7873 -21.2186 -0.2469
0.8804 -21.8355 -0.2906
0.9633 -22.1567 -0.3352
1.0316 -22.1143 -0.3790
1.0888 -21.4952 -0.4275
1.1116 -20.2397 -0.4692
1.0942 -18.3876 -0.5013
1.0332 -16.0073 -0.5200
0.9494 -13.7504 -0.5230
0.8355 -11.3672 -0.5139
0.6949 -8.9761 -0.4922
0.5350 -6.6851 -0.4578
0.3450 -4.3485 -0.4055
0.1616 -2.3460 -0.3417
0.0031 -0.7163 -0.2708
-0.1159 0.5432 -0.1988
-0.1653 1.1596 -0.1563
-0.1941 1.6617 -0.1170
-0.2024 2.0668 -0.0823
-0.1916 2.3933 -0.0530
-0.1641 2.6601 -0.0300
-0.1221 2.8853 -0.0134
-0.0680 3.0869 -0.0034
-0.0058 3.2823 0.0002
0.0590 3.4818 -0.0021
0.1262 3.7065 -0.0093
0.1933 3.9713 -0.0209
0.2583 4.2907 -0.0362
0.3129 4.6330 -0.0521
0.3631 5.0400 -0.0697
0.4077 5.5207 -0.0884
0.4450 6.0840 -0.1076
0.4745 6.7559 -0.1271
0.4945 7.5286 -0.1456
0.5036 8.4062 -0.1628
0.5011 9.3902 -0.1777
0.4811 10.7402 -0.1923
0.4414 12.2406 -0.2017
0.3817 13.8776 -0.2051
0.3028 15.6339 -0.2017
0.2068 17.4882 -0.1909
0.0963 19.4149 -0.1726
-0.0252 21.3883 -0.1469
-0.1518 23.3819 -0.1143
-0.2747 25.3340 -0.0765
-0.3928 27.2559 -0.0343
-0.5025 29.1244 0.0111
-0.5997 30.9151 0.0583
-0.6864 32.6915 0.1080
-0.7570 34.3344 0.1565
-0.8122 35.8269 0.2025
-0.8548 37.1534 0.2451
-0.8895 38.3468 0.2853
-0.9165 39.3507 0.3212
-0.9390 40.1685 0.3531
-0.9607 40.8051 0.3814
-0.9915 41.3729 0.4137
-1.0291 41.6675 0.4429
-1.0771 41.6860 0.4703
-1.1380 41.4329 0.4981
-1.2019 40.9936 0.5240
-1.2769 40.3249 0.5522
-1.3632 39.4083 0.5832
-1.4603 38.2351 0.6178
-1.5769 36.6627 0.6601
-1.7029 34.7779 0.7074
-1.8347 32.6052 0.7592
-1.9667 30.2024 0.8151
-2.1161 27.1004 0.8866
-2.2393 23.9940 0.9585
-2.3235 21.0951 1.0266
-2.3598 18.5755 1.0859
-2.3523 16.9943 1.1216
-2.3148 15.6988 1.1479
-2.2493 14.6681 1.1639
-2.1592 13.8574 1.1686
-2.0490 13.2118 1.1615
-1.9233 12.6843 1.1434
-1.7868 12.2317 1.1151
-1.6441 11.8194 1.0777
-1.4592 11.3136 1.0187
-1.2774 10.7964 0.9500
-1.1050 10.2484 0.8746
-0.9476 9.6757 0.7959
-0.8048 9.0690 0.7144
-0.6869 8.4485 0.6358
-0.5959 7.8244 0.5623
-0.5327 7.2173 0.4968
-0.4998 6.7150 0.4482
-0.4860 6.2330 0.4075
-0.4888 5.7685 0.3752
-0.5043 5.3170 0.3512
-0.5296 4.8548 0.3345
-0.5595 4.3873 0.3251
-0.5892 3.9052 0.3216
-0.6142 3.4014 0.3223
-0.6297 2.9369 0.3249
-0.6376 2.4502 0.3283
-0.6368 1.9405 0.3314
-0.6270 1.4086 0.3334
-0.6084 0.8553 0.3332
-0.5814 0.2799 0.3306
-0.5470 -0.3184 0.3251
-0.5062 -0.9405 0.3167
-0.4559 -1.6481 0.3039
-0.4014 -2.3888 0.2877
-0.3443 -3.1652 0.2684
-0.2867 -3.9797 0.2466
-0.2313 -4.8251 0.2231
-0.1792 -5.7113 0.1984
-0.1323 -6.6401 0.1732
-0.0928 -7.6123 0.1484
-0.0627 -8.6291 0.1251
-0.0441 -9.6964 0.1040
-0.0380 -10.8223 0.0859
-0.0442 -12.0154 0.0718
-0.0573 -13.0672 0.0635
-0.0742 -14.1844 0.0583
-0.0901 -15.3762 0.0558
-0.1002 -16.6518 0.0550
-0.1011 -17.5173 0.0550
-0.0950 -18.4223 0.0547
-0.0802 -19.3685 0.0538
-0.0553 -20.3570 0.0518
-0.0195 -21.3889 0.0479
0.0282 -22.4651 0.0418
0.0883 -23.5861 0.0328
0.1605 -24.7516 0.0206
0.2440 -25.9559 0.0047
0.3385 -27.2009 -0.0151
0.4427 -28.4811 -0.0390
0.5547 -29.7882 -0.0672
0.7216 -31.6381 -0.1135
0.8967 -33.4607 -0.1676
1.0753 -35.1741 -0.2285
1.2531 -36.6718 -0.2953
1.4353 -37.8708 -0.3708
1.6065 -38.4852 -0.4498
1.7616 -38.3209 -0.5304
1.8953 -37.1958 -0.6105
2.0389 -33.6260 -0.7192
2.1136 -27.7933 -0.8159
2.1063 -20.0531 -0.8941
2.0076 -10.9689 -0.9466
1.8294 -1.9993 -0.9665
1.5711 6.7996 -0.9549
1.2434 15.0878 -0.9100
0.8665 22.6870 -0.8319
0.4078 30.6715 -0.7045
-0.0330 38.2381 -0.5475
-0.4231 45.6579 -0.3735
-0.7456 52.9446 -0.1946
-0.9033 57.0948 -0.0917
-1.0390 61.0392 0.0073
-1.1551 64.6700 0.1014
-1.2563 67.8598 0.1897
-1.3466 70.4802 0.2720
-1.4273 72.4300 0.3484
-1.5005 73.6300 0.4193
-1.5671 74.0311 0.4847
-1.6523 73.1927 0.5715
-1.7257 70.7468 0.6482
-1.7885 66.8980 0.7151
-1.8405 62.0264 0.7737
-1.8758 57.6291 0.8162
-1.9084 53.0152 0.8541
-1.9413 48.3564 0.8881
-1.9781 43.7989 0.9192
-2.0322 38.5202 0.9550
-2.0993 33.6759 0.9903
-2.1766 29.3398 1.0264
-2.2524 25.5545 1.0637
-2.3108 22.4158 1.0995
-2.3403 19.8192 1.1328
-2.3284 17.7494 1.1604
-2.2697 16.1346 1.1781
-2.1656 14.8859 1.1814
-2.0234 13.9365 1.1695
-1.8534 13.2002 1.1422
-1.6674 12.5832 1.0999
-1.4898 12.0550 1.0485
-1.3158 11.5485 0.9882
-1.1522 11.0420 0.9215
-1.0034 10.5306 0.8512
-0.8745 10.0239 0.7811
-0.7661 9.5131 0.7122
-0.6801 9.0027 0.6466
-0.6183 8.5020 0.5862
-0.5819 8.0190 0.5329
-0.5716 7.5535 0.4878
-0.5874 7.1043 0.4520
-0.6277 6.6686 0.4265
-0.6893 6.2434 0.4121
-0.7683 5.8149 0.4082
-0.8591 5.3754 0.4143
-0.9552 4.9208 0.4293
-1.0615 4.3855 0.4552
-1.1531 3.8410 0.4874
-1.2217 3.3023 0.5222
-1.2618 2.7969 0.5558
-1.2711 2.3942 0.5817
-1.2556 2.0335 0.6019
-1.2168 1.7079 0.6151
-1.1580 1.4108 0.6203
-1.0975 1.1785 0.6180
-1.0279 0.9421 0.6101
-0.9509 0.6911 0.5968
-0.8685 0.4162 0.5784
-0.7610 0.0298 0.5492
-0.6505 -0.4170 0.5138
-0.5396 -0.9307 0.4733
-0.4303 -1.5118 0.4288
-0.3048 -2.2829 0.3727
-0.1865 -3.1349 0.3142
-0.0781 -4.0534 0.2548
0.0185 -5.0122 0.1963
0.0912 -5.8517 0.1480
0.1529 -6.6890 0.1022
0.2034 -7.5119 0.0597
0.2429 -8.3079 0.0211
0.2690 -8.9754 -0.0091
0.2885 -9.6154 -0.0359
0.3026 -10.2284 -0.0593
0.3129 -10.8173 -0.0795
0.3225 -11.4701 -0.0992
0.3328 -12.1047 -0.1157
0.3467 -12.7276 -0.1301
0.3669 -13.3421 -0.1434
0.3919 -13.8872 -0.1553
0.4242 -14.4212 -0.1679
0.4636 -14.9350 -0.1817
0.5092 -15.4167 -0.1974
0.5596 -15.8508 -0.2151
0.6128 -16.2152 -0.2348
0.6669 -16.4858 -0.2562
0.7196 -16.6380 -0.2792
0.7781 -16.6233 -0.3082
0.8262 -16.3491 -0.3372
0.8598 -15.7855 -0.3647
0.8756 -14.9105 -0.3889
0.8705 -13.7203 -0.4080
0.8408 -12.2531 -0.4204
0.7840 -10.5648 -0.4245
0.6987 -8.7249 -0.4188
0.5808 -6.7475 -0.4008
0.4345 -4.8185 -0.3699
0.2671 -3.0413 -0.3260
0.0939 -1.5019 -0.2704
-0.0167 -0.6256 -0.2276
-0.1152 0.1029 -0.1825
-0.1962 0.6838 -0.1367
-0.2548 1.1240 -0.0923
-0.2821 1.3749 -0.0604
-0.2931 1.5590 -0.0315
-0.2883 1.6855 -0.0062
-0.2680 1.7646 0.0148
-0.2335 1.8067 0.0310
-0.1862 1.8221 0.0420
-0.1278 1.8210 0.0477
-0.0613 1.8137 0.0481
0.0200 1.8104 0.0425
0.1059 1.8267 0.0310
0.1933 1.8782 0.0143
0.2801 1.9804 -0.0069
0.3475 2.1102 -0.0267
0.4114 2.2924 -0.0483
0.4706 2.5356 -0.0714
0.5245 2.8489 -0.0954
0.5786 3.3045 -0.1232
0.6233 3.8741 -0.1509
0.6573 4.5666 -0.1778
0.6790 5.3897 -0.2030
0.6871 6.4643 -0.2282
0.6774 7.7050 -0.2494
0.6483 9.1057 -0.2659
0.5992 10.6551 -0.2766
0.5091 12.7820 -0.2808
0.3880 15.0724 -0.2734
0.2397 17.4778 -0.2539
0.0707 19.9496 -0.2220
-0.1097 22.4389 -0.1782
-0.2919 24.8968 -0.1244
-0.4661 27.2761 -0.0627
-0.6223 29.5310 0.0042
-0.7530 31.6108 0.0728
-0.8572 33.4799 0.1404
-0.9354 35.1079 0.2047
-0.9902 36.4621 0.2637
-1.0217 37.3862 0.3087
-1.0430 38.1049 0.3487
-1.0573 38.6256 0.3837
-1.0673 38.9618 0.4141
-1.0797 39.1640 0.4540
-1.0958 39.0194 0.4860
-1.1220 38.5737 0.5125
-1.1616 37.8716 0.5367
-1.2054 37.1351 0.5569
-1.2614 36.2430 0.5784
-1.3303 35.1892 0.6023
-1.4121 33.9706 0.6295
-1.5180 32.3932 0.6652
-1.6348 30.5973 0.7065
-1.7556 28.6028 0.7528
-1.8695 26.4594 0.8029
-1.9831 23.6849 0.8669
-2.0470 20.9927 0.9264
-2.0504 18.5591 0.9752
-1.9925 16.5040 1.0069
-1.8942 15.0016 1.0162
-1.7646 13.7939 1.0079
-1.6157 12.8151 0.9837
-1.4587 11.9923 0.9449
-1.3309 11.3883 0.9041
-1.2091 10.8227 0.8578
-1.0969 10.2779 0.8078
-0.9967 9.7467 0.7564
-0.8895 9.0911 0.6923
-0.8061 8.4431 0.6315
-0.7461 7.7999 0.5759
-0.7064 7.1698 0.5277
-0.6849 6.6523 0.4937
-0.6713 6.1405 0.4651
-0.6623 5.6318 0.4415
-0.6555 5.1228 0.4222
-0.6477 4.5337 0.4043
-0.6387 3.9341 0.3897
-0.6287 3.3194 0.3776
-0.6188 2.6863 0.3673
-0.6104 2.0387 0.3582
-0.6048 1.3656 0.3505
-0.6025 0.6637 0.3441
-0.6030 -0.0706 0.3393
-0.6064 -1.2380 0.3344
-0.6026 -2.4947 0.3314
-0.5796 -3.8517 0.3271
-0.5259 -5.3244 0.3173
-0.4807 -6.1763 0.3077
-0.4234 -7.0759 0.2944
-0.3546 -8.0304 0.2769
-0.2759 -9.0468 0.2548
-0.1889 -10.1321 0.2280
-0.0961 -11.2922 0.1967
0.0000 -12.5293 0.1614
0.0972 -13.8415 0.1225
0.1941 -15.2349 0.0806
0.2870 -16.6860 0.0368
0.3738 -18.1783 -0.0081
0.4530 -19.6882 -0.0529
0.5193 -21.0938 -0.0940
0.5774 -22.4719 -0.1335
0.6277 -23.8035 -0.1711
0.6720 -25.0682 -0.2063
0.7147 -26.3128 -0.2408
0.7565 -27.4469 -0.2729
0.8011 -28.4507 -0.3030
0.8511 -29.3018 -0.3322
0.9117 -29.9990 -0.3628
0.9818 -30.4479 -0.3944
1.0603 -30.5835 -0.4278
1.1445 -30.3325 -0.4634
1.2294 -29.6140 -0.5013
1.3094 -28.3342 -0.5406
1.3789 -26.4204 -0.5801
1.4318 -23.8351 -0.6182
1.4652 -19.8755 -0.6588
1.4587 -15.0634 -0.6911
1.4068 -9.5811 -0.7116
1.3068 -3.6376 -0.7168
1.1502 2.8154 -0.7023
0.9434 9.2684 -0.6660
0.6939 15.5828 -0.6073
0.4127 21.6978 -0.5266
0.1312 27.2941 -0.4321
-0.1514 32.7742 -0.3233
-0.4221 38.1432 -0.2042
-0.6706 43.3124 -0.0799
-0.8293 46.7626 0.0085
-0.9731 49.9436 0.0956
-1.1022 52.7558 0.1803
-1.2171 55.0846 0.2615
-1.3186 56.8204 0.3385
-1.4081 57.8840 0.4107
-1.4869 58.2250 0.4781
-1.5554 57.8329 0.5403
-1.6206 56.5594 0.6042
-1.6747 54.4992 0.6617
-1.7188 51.7894 0.7126
-1.7540 48.6059 0.7576
-1.7816 45.1393 0.7970
-1.8034 41.5471 0.8312
-1.8203 37.9679 0.8604
-1.8320 34.5177 0.8852
-1.8381 30.8101 0.9088
-1.8344 27.4589 0.9271
-1.8180 24.5034 0.9401
-1.7860 21.9481 0.9472
-1.7262 19.4148 0.9464
-1.6451 17.3479 0.9357
-1.5482 15.6717 0.9158
-1.4436 14.2968 0.8868
-1.3566 13.3063 0.8562
-1.2763 12.4373 0.8222
-1.2076 11.6577 0.7867
-1.1546 10.9461 0.7518
-1.1150 10.1635 0.7142
-1.1018 9.4306 0.6828
-1.1123 8.7340 0.6592
-1.1396 8.0699 0.6447
-1.1688 7.5270 0.6393
-1.1951 7.0044 0.6387
-1.2116 6.5025 0.6411
-1.2127 6.0240 0.6441
-1.1917 5.5205 0.6448
-1.1476 5.0345 0.6407
-1.0840 4.5504 0.6307
-1.0074 4.0639 0.6136
-0.9399 3.6552 0.5941
-0.8724 3.2255 0.5709
-0.8090 2.7698 0.5450
-0.7533 2.2852 0.5177
-0.7006 1.6670 0.4856
-0.6662 1.0048 0.4556
-0.6512 0.2994 0.4296
-0.6530 -0.4446 0.4093
-0.6633 -1.1083 0.3972
-0.6728 -1.7994 0.3890
-0.6719 -2.5179 0.3831
-0.6523 -3.2655 0.3774
-0.6018 -4.1033 0.3681
-0.5152 -4.9956 0.3521
-0.3933 -5.9614 0.3270
-0.2422 -7.0036 0.2904
-0.1038 -7.9149 0.2513
0.0417 -8.8867 0.2048
0.1883 -9.9081 0.1520
0.3312 -10.9570 0.0941
0.4506 -11.8764 0.0404
0.5602 -12.7601 -0.0148
0.6570 -13.5738 -0.0701
0.7392 -14.2766 -0.1242
0.8051 -14.8275 -0.1757
0.8520 -15.1962 -0.2234
0.8781 -15.3608 -0.2663
0.8822 -15.3090 -0.3030
0.8605 -14.9950 -0.3357
0.8106 -14.4491 -0.3581
0.7351 -13.7283 -0.3695
0.6399 -12.9015 -0.3697
0.5198 -11.9516 -0.3573
0.3981 -11.0743 -0.3333
0.2886 -10.3443 -0.3007
0.2039 -9.8117 -0.2636
0.1588 -9.5348 -0.2333
0.1372 -9.3964 -0.2052
0.1388 -9.3818 -0.1811
0.1617 -9.4679 -0.1627
0.1979 -9.6122 -0.1516
0.2456 -9.8005 -0.1462
0.3017 -10.0130 -0.1464
0.3630 -10.2296 -0.1519
0.4402 -10.4664 -0.1648
0.5159 -10.6446 -0.1833
0.5857 -10.7316 -0.2061
0.6463 -10.6897 -0.2315
0.6903 -10.5174 -0.2545
0.7229 -10.2043 -0.2771
0.7426 -9.7403 -0.2982
0.7473 -9.1203 -0.3168
0.7309 -8.1555 -0.3342
0.6898 -6.9937 -0.3446
0.6252 -5.6803 -0.3467
0.5403 -4.2651 -0.3397
0.4429 -2.8374 -0.3239
0.3403 -1.4260 -0.3000
0.2416 -0.0738 -0.2697
0.1549 1.1916 -0.2353
0.0846 2.4180 -0.1975
0.0407 3.5382 -0.1614
0.0241 4.5716 -0.1294
0.0317 5.5514 -0.1040
0.0523 6.3380 -0.0891
0.0812 7.1361 -0.0793
0.1141 7.9678 -0.0745
0.1477 8.8540 -0.0738
0.1762 9.7195 -0.0761
0.1999 10.6593 -0.0804
0.2166 11.6849 -0.0858
0.2248 12.8053 -0.0914
0.2231 14.0768 -0.0965
0.2093 15.4613 -0.1000
0.1821 16.9585 -0.1010
0.1412 18.5653 -0.0987
0.0872 20.2513 -0.0923
0.0197 22.0254 -0.0815
-0.0610 23.8725 -0.0657
-0.1539 25.7748 -0.0446
-0.2585 27.7199 -0.0178
-0.3724 29.6713 0.0145
-0.4936 31.5968 0.0521
-0.6202 33.4590 0.0947
-0.7590 35.3323 0.1453
-0.8986 37.0227 0.2003
-1.0363 38.4649 0.2590
-1.1693 39.5916 0.3202
-1.3389 40.4968 0.4058
-1.4906 40.5775 0.4915
-1.6202 39.7940 0.5751
-1.7248 38.1730 0.6538
-1.8025 35.8431 0.7252
-1.8519 33.0438 0.7876
-1.8731 30.0152 0.8395
-1.8668 26.9951 0.8799
-1.8342 24.1330 0.9082
-1.7775 21.5803 0.9238
-1.7002 19.3834 0.9269
-1.6066 17.5369 0.9180
-1.5015 15.9958 0.8980
-1.3902 14.7017 0.8687
-1.2784 13.5989 0.8318
-1.1717 12.6424 0.7896
-1.0819 11.8518 0.7476
-1.0062 11.1301 0.7050
-0.9486 10.4595 0.6638
-0.9119 9.8297 0.6262
-0.8985 9.2333 0.5944
-0.9086 8.6591 0.5697
-0.9395 8.0996 0.5530
-0.9854 7.5505 0.5450
-1.0377 7.0048 0.5450
-1.0824 6.4647 0.5511
-1.1066 5.9320 0.5603
-1.0999 5.4110 0.5685
-1.0677 5.0020 0.5714
-1.0121 4.5982 0.5693
-0.9353 4.1940 0.5608
-0.8412 3.7850 0.5452
-0.7350 3.3651 0.5221
-0.6228 2.9263 0.4922
-0.5101 2.4653 0.4564
-0.4009 1.9824 0.4160
-0.3083 1.5317 0.3769
-0.2236 1.0708 0.3363
-0.1488 0.6059 0.2953
-0.0860 0.1448 0.2549
-0.0368 -0.3045 0.2164
-0.0026 -0.7366 0.1806
0.0147 -1.1479 0.1486
0.0130 -1.5369 0.1215
-0.0104 -1.9179 0.0996
-0.0571 -2.2879 0.0850
-0.1269 -2.6611 0.0786
-0.2167 -3.0546 0.0810
-0.3231 -3.4978 0.0928
-0.4368 -4.0026 0.1133
-0.5475 -4.5813 0.1411
-0.6419 -5.2370 0.1739
-0.7060 -5.9514 0.2081
-0.7328 -6.7237 0.2405
-0.7181 -7.5436 0.2678
-0.6612 -8.3915 0.2868
-0.5834 -9.1179 0.2943
-0.4819 -9.8680 0.2931
-0.3611 -10.6495 0.2830
-0.2261 -11.4714 0.2638
-0.0538 -12.5129 0.2298
0.1255 -13.6324 0.1848
0.3064 -14.8244 0.1305
0.4835 -16.0655 0.0686
0.6318 -17.1581 0.0098
0.7722 -18.2186 -0.0520
0.9029 -19.1993 -0.1156
1.0213 -20.0396 -0.1798
1.1253 -20.6737 -0.2432
1.2129 -21.0403 -0.3048
1.2817 -21.0841 -0.3633
1.3292 -20.7592 -0.4175
1.3555 -19.7356 -0.4794
1.3374 -18.0525 -0.5292
1.2732 -15.7885 -0.5646
1.1658 -13.0719 -0.5834
0.9977 -9.5811 -0.5831
0.8054 -5.9979 -0.5603
0.6132 -2.5271 -0.5186
0.4438 0.7060 -0.4638
0.3477 2.8364 -0.4210
0.2745 4.8374 -0.3777
0.2240 6.7298 -0.3360
0.1942 8.5406 -0.2978
0.1812 10.3009 -0.2642
0.1793 12.0403 -0.2357
0.1834 13.7876 -0.2122
0.1895 15.5687 -0.1932
0.1938 17.8387 -0.1748
0.1886 20.2291 -0.1602
0.1693 22.7645 -0.1473
0.1315 25.4633 -0.1339
0.0796 28.0136 -0.1197
0.0094 30.6947 -0.1020
-0.0808 33.4928 -0.0797
-0.1915 36.3879 -0.0515
-0.2990 38.8345 -0.0230
-0.4212 41.2980 0.0108
-0.5577 43.7411 0.0501
-0.7077 46.1166 0.0953
-0.8675 48.3382 0.1459
-1.0369 50.3609 0.2023
-1.2133 52.0973 0.2644
-1.3927 53.4497 0.3318
-1.6385 54.4938 0.4323
-1.8688 54.3365 0.5386
-2.0710 52.8332 0.6471
-2.2341 49.9851 0.7536
-2.3493 45.9878 0.8534
-2.4121 41.2736 0.9424
-2.4233 36.3069 1.0171
-2.3876 31.5524 1.0749
-2.2949 26.6377 1.1194
-2.1623 22.6828 1.1384
-2.0047 19.6670 1.1346
-1.8352 17.4298 1.1103
-1.6908 15.9749 1.0765
-1.5502 14.8012 1.0337
-1.4168 13.8185 0.9845
-1.2934 12.9760 0.9312
-1.1540 12.0498 0.8608
-1.0366 11.2155 0.7908
-0.9421 10.4347 0.7236
-0.8708 9.7034 0.6622
-0.8259 9.0939 0.6142
-0.7981 8.5081 0.5729
-0.7862 7.9407 0.5385
-0.7887 7.3874 0.5116
-0.8041 6.8305 0.4919
-0.8298 6.2761 0.4796
-0.8624 5.7193 0.4739
-0.8981 5.1571 0.4740
-0.9310 4.6116 0.4783
-0.9570 4.0617 0.4853
-0.9713 3.5094 0.4933
-0.9704 2.9586 0.5003
-0.9515 2.4127 0.5042
-0.9132 1.8661 0.5037
-0.8558 1.3115 0.4975
-0.7819 0.7429 0.4847
-0.7001 0.1849 0.4659
-0.6105 -0.4058 0.4411
-0.5173 -1.0369 0.4110
-0.4245 -1.7132 0.3765
-0.3417 -2.3824 0.3416
-0.2655 -3.0916 0.3051
-0.1985 -3.8384 0.2681
-0.1433 -4.6182 0.2319
-0.1023 -5.4259 0.1980
-0.0784 -6.2612 0.1674
-0.0731 -7.1260 0.1414
-0.0872 -8.0240 0.1211
-0.1202 -8.9591 0.1078
-0.1668 -9.9508 0.1016
-0.2192 -11.0141 0.1022
-0.2676 -12.1618 0.1082
-0.2964 -13.1725 0.1158
-0.3076 -14.2503 0.1239
-0.2957 -15.3975 0.1306
-0.2568 -16.6144 0.1338
-0.1937 -17.8233 0.1319
-0.1060 -19.0998 0.1237
0.0041 -20.4481 0.1083
0.1339 -21.8695 0.0850
0.2650 -23.2138 0.0568
0.4058 -24.6128 0.0221
0.5525 -26.0536 -0.0189
0.7022 -27.5131 -0.0656
0.9079 -29.4771 -0.1375
1.1081 -31.2831 -0.2167
1.2962 -32.7648 -0.3011
1.4674 -33.7016 -0.3879
1.6099 -33.8669 -0.4704
1.7265 -33.1514 -0.5505
1.8113 -31.4350 -0.6259
1.8582 -28.6621 -0.6938
1.8585 -24.2440 -0.7589
1.7961 -18.7751 -0.8066
1.6696 -12.6148 -0.8335
1.4828 -6.1533 -0.8368
1.0868 3.8010 -0.7898
0.6530 12.8994 -0.6870
0.2628 21.1102 -0.5464
-0.0343 28.5722 -0.3909
-0.1386 31.9561 -0.3189
-0.2241 35.2934 -0.2503
-0.2957 38.6039 -0.1861
-0.3574 41.8939 -0.1265
-0.4136 45.1630 -0.0716
-0.4693 48.4080 -0.0207
-0.5286 51.6161 0.0268
-0.5937 54.7683 0.0720
-0.6762 58.2270 0.1215
-0.7714 61.5206 0.1708
-0.8811 64.5660 0.2210
-1.0053 67.2691 0.2734
-1.1269 69.2834 0.3228
-1.2599 70.8312 0.3753
-1.4039 71.7992 0.4314
-1.5575 72.0768 0.4914
-1.7613 71.2863 0.5730
-1.9722 69.0386 0.6607
-2.1825 65.2684 0.7535
-2.3797 60.0988 0.8498
-2.5714 52.9095 0.9599
-2.7121 45.0621 1.0652
-2.7882 37.3726 1.1601
-2.7934 30.5900 1.2384
-2.7509 26.3212 1.2839
-2.6743 22.8945 1.3154
-2.5695 20.2620 1.3328
-2.4435 18.2798 1.3360
-2.3036 16.7780 1.3254
-2.1568 15.6430 1.3030
-2.0089 14.7638 1.2704
-1.8642 14.0582 1.2295
-1.7329 13.4932 1.1849
-1.6108 12.9883 1.1362
-1.4999 12.5189 1.0851
-1.4014 12.0716 1.0331
-1.2874 11.4751 0.9623
-1.2010 10.8904 0.8954
-1.1424 10.3128 0.8346
-1.1100 9.7463 0.7821
-1.1012 9.1966 0.7396
-1.1101 8.6595 0.7069
-1.1304 8.1368 0.6832
-1.1559 7.6287 0.6678
-1.1802 7.1306 0.6589
-1.1969 6.6489 0.6547
-1.2022 6.1827 0.6528
-1.1945 5.7357 0.6513
-1.1704 5.2524 0.6474
-1.1329 4.7817 0.6402
-1.0855 4.3120 0.6293
-1.0321 3.8381 0.6142
-0.9827 3.4104 0.5976
-0.9329 2.9647 0.5786
-0.8836 2.4959 0.5578
-0.8344 2.0005 0.5357
-0.7753 1.3726 0.5081
-0.7122 0.6976 0.4791
-0.6417 -0.0300 0.4483
-0.5614 -0.8160 0.4148
-0.4698 -1.6667 0.3778
-0.3683 -2.5876 0.3367
-0.2605 -3.5805 0.2916
-0.1509 -4.6421 0.2428
-0.0730 -5.4583 0.2054
0.0001 -6.3006 0.1673
0.0659 -7.1620 0.1293
0.1225 -8.0340 0.0923
0.1684 -8.9080 0.0573
0.2024 -9.7798 0.0251
0.2241 -10.6482 -0.0036
0.2347 -11.5139 -0.0283
0.2366 -12.2441 -0.0456
0.2338 -12.9835 -0.0598
0.2287 -13.7396 -0.0711
0.2240 -14.5207 -0.0800
0.2228 -15.4264 -0.0877
0.2297 -16.3826 -0.0942
0.2480 -17.3947 -0.1007
0.2793 -18.4648 -0.1085
0.3153 -19.3884 -0.1168
0.3602 -20.3453 -0.1273
0.4135 -21.3281 -0.1403
0.4741 -22.3271 -0.1562
0.5479 -23.4358 -0.1772
0.6259 -24.5257 -0.2018
0.7056 -25.5695 -0.2296
0.7847 -26.5340 -0.2600
0.8896 -27.6707 -0.3055
0.9818 -28.4776 -0.3527
1.0551 -28.8625 -0.3996
1.1045 -28.7390 -0.4432
1.1261 -28.0471 -0.4808
1.1150 -26.8301 -0.5101
1.0706 -25.1738 -0.5290
0.9982 -23.1888 -0.5359
0.9061 -21.0123 -0.5304
0.8087 -18.8209 -0.5138
0.7214 -16.7237 -0.4889
0.6574 -14.7874 -0.4600
0.6306 -13.4341 -0.4386
0.6248 -12.1599 -0.4197
0.6394 -10.9339 -0.4046
0.6714 -9.7159 -0.3947
0.7162 -8.4608 -0.3908
0.7694 -7.1196 -0.3926
0.8262 -5.6438 -0.3996
0.8812 -3.9908 -0.4109
0.9338 -1.9081 -0.4270
0.9722 0.4774 -0.4447
0.9904 3.1846 -0.4622
0.9843 6.2256 -0.4769
0.9567 9.1195 -0.4852
0.9063 12.2319 -0.4883
0.8320 15.5371 -0.4847
0.7333 19.0092 -0.4734
0.5796 23.4676 -0.4473
0.3951 28.0968 -0.4071
0.1875 32.8645 -0.3526
-0.0328 37.7437 -0.2848
-0.2148 41.7992 -0.2209
-0.3931 45.8793 -0.1509
-0.5643 49.9353 -0.0765
-0.7259 53.8913 0.0007
-0.8774 57.6462 0.0790
-1.0199 61.0812 0.1575
-1.1547 64.0620 0.2354
-1.2834 66.4396 0.3119
-1.4188 68.1863 0.3940
-1.5501 68.8750 0.4741
-1.6778 68.3895 0.5519
-1.8011 66.7044 0.6277
-1.9240 63.7052 0.7052
-2.0396 59.5871 0.7800
-2.1473 54.5878 0.8514
-2.2466 49.0408 0.9196
-2.3387 43.2263 0.9855
-2.4230 37.5580 1.0476
-2.4991 32.3112 1.1056
-2.5647 27.6977 1.1595
-2.6181 23.6223 1.2109
-2.6488 20.4111 1.2562
-2.6512 18.0307 1.2942
-2.6208 16.3199 1.3224
-2.5695 15.2697 1.3362
-2.4957 14.5036 1.3413
-2.4021 13.9506 1.3372
-2.2921 13.5298 1.3237
-2.1790 13.2025 1.3028
-2.0593 12.9141 1.2747
-1.9370 12.6423 1.2402
-1.8147 12.3710 1.2002
-1.6655 12.0166 1.1440
-1.5261 11.6368 1.0832
-1.4007 11.2282 1.0201
-1.2928 10.7951 0.9571
-1.2010 10.3131 0.8928
-1.1349 9.8142 0.8334
-1.0939 9.3058 0.7806
-1.0747 8.7956 0.7360
-1.0705 8.2884 0.7005
-1.0706 7.7865 0.6728
-1.0650 7.2914 0.6508
-1.0442 6.8021 0.6323
-0.9967 6.2866 0.6125
-0.9225 5.7653 0.5896
-0.8257 5.2278 0.5616
-0.7128 4.6776 0.5267
-0.6104 4.1969 0.4912
-0.5093 3.7008 0.4516
-0.4149 3.1918 0.4094
-0.3312 2.6751 0.3659
-0.2672 2.2035 0.3267
-0.2175 1.7366 0.2891
-0.1838 1.2782 0.2543
-0.1677 0.8319 0.2236
-0.1700 0.3986 0.1982
-0.1909 -0.0278 0.1789
-0.2298 -0.4558 0.1662
-0.2847 -0.8956 0.1609
-0.3481 -1.3306 0.1626
-0.4179 -1.7989 0.1705
-0.4884 -2.3090 0.1839
-0.5547 -2.8663 0.2016
-0.6162 -3.5369 0.2241
-0.6575 -4.2633 0.2477
-0.6738 -5.0398 0.2699
-0.6623 -5.8546 0.2879
-0.6259 -6.6556 0.2990
-0.5669 -7.4875 0.3032
-0.4885 -8.3561 0.2997
-0.3948 -9.2683 0.2881
-0.2969 -10.1723 0.2699
-0.1935 -11.1337 0.2453
-0.0877 -12.1588 0.2150
0.0180 -13.2498 0.1800
0.1412 -14.6363 0.1333
0.2572 -16.1042 0.0829
0.3634 -17.6357 0.0304
0.4572 -19.1971 -0.0224
0.5241 -20.4883 -0.0653
0.5805 -21.7577 -0.1064
0.6263 -22.9885 -0.1451
0.6619 -24.1637 -0.1809
0.6887 -25.2716 -0.2132
0.7093 -26.3068 -0.2421
0.7265 -27.2663 -0.2677
0.7434 -28.1503 -0.2903
0.7756 -29.3293 -0.3202
0.8263 -30.3353 -0.3483
0.9009 -31.1216 -0.3775
0.9986 -31.5921 -0.4109
1.0999 -31.6377 -0.4461
1.2081 -31.1963 -0.4862
1.3152 -30.1289 -0.5303
1.4111 -28.3156 -0.5768
1.4922 -25.3752 -0.6271
1.5399 -21.4143 -0.6735
1.5464 -16.5204 -0.7126
1.5071 -10.8371 -0.7400
1.4243 -4.8239 -0.7517
1.2987 1.4371 -0.7473
1.1346 7.7485 -0.7255
0.9387 13.9743 -0.6858
0.6972 20.6086 -0.6227
0.4384 27.1110 -0.5411
0.1717 33.5586 -0.4439
-0.0969 40.0212 -0.3346
-0.2984 44.9061 -0.2466
-0.4994 49.7956 -0.1546
-0.7000 54.6150 -0.0593
-0.9009 59.2237 0.0385
-1.1024 63.4266 0.1384
-1.3038 66.9553 0.2401
-1.5036 69.5120 0.3429
-1.6982 70.8000 0.4465
-1.9547 69.9676 0.5920
-2.1752 65.8438 0.7329
-2.3431 58.8467 0.8633
-2.4450 50.0811 0.9781
-2.4729 42.7825 1.0558
-2.4526 35.9943 1.1165
-2.3879 30.1301 1.1583
-2.2847 25.4309 1.1806
-2.1660 22.1758 1.1839
-2.0305 19.6560 1.1725
-1.8847 17.7188 1.1484
-1.7359 16.2182 1.1131
-1.5913 15.0271 1.0686
-1.4557 14.0454 1.0178
-1.3339 13.2008 0.9632
-1.2309 12.4560 0.9074
-1.1474 11.7591 0.8508
-1.0915 11.1133 0.7982
-1.0657 10.5041 0.7518
-1.0707 9.9264 0.7141
-1.1056 9.3766 0.6869
-1.1658 8.8484 0.6710
-1.2433 8.3415 0.6662
-1.3285 7.8583 0.6719
-1.4163 7.3627 0.6878
-1.4787 6.9129 0.7093
-1.5028 6.5139 0.7313
-1.4829 6.1776 0.7485
-1.4233 5.9149 0.7559
-1.3312 5.6740 0.7526
-1.2159 5.4271 0.7380
-1.0861 5.1566 0.7119
-0.9685 4.8896 0.6807
-0.8519 4.5806 0.6432
-0.7401 4.2262 0.6010
-0.6368 3.8290 0.5558
-0.5419 3.3794 0.5076
-0.4627 2.8959 0.4596
-0.4026 2.3858 0.4135
-0.3650 1.8595 0.3714
-0.3528 1.3252 0.3353
-0.3678 0.7813 0.3067
-0.4097 0.2249 0.2869
-0.4749 -0.3482 0.2770
-0.5564 -0.9600 0.2773
-0.6386 -1.6056 0.2868
-0.7056 -2.2870 0.3025
-0.7387 -3.0014 0.3206
-0.7261 -3.6811 0.3349
-0.6709 -4.3860 0.3429
-0.5749 -5.1239 0.3418
-0.4433 -5.8919 0.3290
-0.3143 -6.5484 0.3089
-0.1731 -7.2421 0.2804
-0.0252 -7.9759 0.2439
0.1253 -8.7469 0.2003
0.2690 -9.5156 0.1527
0.4077 -10.2947 0.1007
0.5392 -11.0622 0.0454
0.6612 -11.7865 -0.0119
0.7715 -12.4299 -0.0700
0.8687 -12.9552 -0.1277
0.9512 -13.3237 -0.1840
1.0172 -13.4961 -0.2378
1.0690 -13.4164 -0.2933
1.0958 -13.0241 -0.3429
1.0951 -12.3097 -0.3852
1.0657 -11.2842 -0.4190
0.9771 -9.4425 -0.4488
0.8374 -7.2487 -0.4578
0.6577 -4.8886 -0.4452
0.4533 -2.5365 -0.4120
0.2413 -0.3083 -0.3599
0.0509 1.6415 -0.2949
-0.1001 3.2669 -0.2233
-0.2033 4.5841 -0.1523
-0.2425 5.2579 -0.1122
-0.2658 5.8454 -0.0756
-0.2750 6.3602 -0.0430
-0.2724 6.8156 -0.0150
-0.2602 7.2249 0.0083
-0.2414 7.6003 0.0269
-0.2187 7.9532 0.0411
-0.1944 8.2940 0.0514
-0.1681 8.6621 0.0587
-0.1438 9.0367 0.0626
-0.1230 9.4261 0.0640
-0.1074 9.8377 0.0636
-0.0984 10.2708 0.0623
-0.0965 10.7339 0.0607
-0.1028 11.2286 0.0596
-0.1177 11.7547 0.0595
-0.1428 12.3343 0.0612
-0.1782 12.9408 0.0653
-0.2239 13.5669 0.0722
-0.2796 14.2040 0.0825
-0.3395 14.7996 0.0954
-0.4058 15.3851 0.1115
-0.4768 15.9497 0.1308
-0.5499 16.4827 0.1531
-0.6460 17.1244 0.1867
-0.7344 17.6691 0.2235
-0.8088 18.1019 0.2618
-0.8648 18.4134 0.2996
-0.9012 18.6097 0.3366
-0.9119 18.6804 0.3685
-0.8985 18.6468 0.3937
-0.8647 18.5340 0.4110
-0.8194 18.3840 0.4193
-0.7658 18.2148 0.4208
-0.7085 18.0472 0.4160
-0.6513 17.8997 0.4060
-0.5823 17.7653 0.3877
-0.5254 17.7130 0.3655
-0.4852 17.7537 0.3419
-0.4646 17.8975 0.3201
-0.4627 18.0910 0.3055
-0.4740 18.3417 0.2945
-0.4979 18.6376 0.2876
-0.5328 18.9661 0.2855
-0.5767 19.3087 0.2882
-0.6287 19.6475 0.2957
-0.6876 19.9622 0.3077
-0.7522 20.2330 0.3241
-0.8474 20.4932 0.3526
-0.9505 20.5896 0.3878
-1.0603 20.4839 0.4290
-1.1751 20.1468 0.4753
-1.3292 19.3374 0.5414
-1.4768 18.1529 0.6128
-1.6003 16.6969 0.6856
-1.6791 15.1164 0.7526
-1.6955 14.1686 0.7866
-1.6825 13.2760 0.8134
-1.6382 12.4575 0.8312
-1.5640 11.7229 0.8383
-1.4637 11.0680 0.8331
-1.3427 10.4730 0.8161
-1.2078 9.9192 0.7879
-1.0657 9.3890 0.7494
-0.9055 8.8041 0.6964
-0.7534 8.2184 0.6358
-0.6180 7.6275 0.5707
-0.5075 7.0452 0.5053
-0.4345 6.5343 0.4487
-0.3938 6.0455 0.3979
-0.3885 5.5790 0.3554
-0.4189 5.1380 0.3239
-0.4703 4.7827 0.3076
-0.5376 4.4258 0.3006
-0.6109 4.0564 0.3024
-0.6804 3.6653 0.3114
-0.7327 3.2693 0.3243
-0.7627 2.8470 0.3389
-0.7647 2.3998 0.3524
-0.7364 1.9332 0.3621
-0.6664 1.3749 0.3653
-0.5653 0.7942 0.3582
-0.4430 0.1899 0.3401
-0.3086 -0.4334 0.3112
-0.1957 -0.9545 0.2803
-0.0853 -1.4824 0.2442
0.0189 -2.0090 0.2044
0.1138 -2.5225 0.1622
0.1893 -2.9603 0.1234
0.2542 -3.3652 0.0847
0.3067 -3.7269 0.0472
0.3461 -4.0351 0.0116
0.3714 -4.2813 -0.0210
0.3802 -4.4624 -0.0498
0.3709 -4.5792 -0.0741
0.3425 -4.6367 -0.0930
0.2976 -4.6459 -0.1050
0.2343 -4.6275 -0.1108
0.1537 -4.6003 -0.1099
0.0588 -4.5852 -0.1019
-0.0546 -4.6085 -0.0856
-0.1739 -4.6998 -0.0616
-0.2912 -4.8804 -0.0312
-0.3961 -5.1639 0.0040
-0.4780 -5.5475 0.0412
-0.5330 -6.0306 0.0783
-0.5568 -6.6034 0.1128
-0.5480 -7.2500 0.1424
-0.5074 -7.9539 0.1651
-0.4384 -8.7075 0.1794
-0.3457 -9.5047 0.1846
-0.2336 -10.3412 0.1800
-0.1227 -11.1138 0.1680
-0.0044 -11.9177 0.1489
0.1188 -12.7512 0.1232
0.2432 -13.6092 0.0916
0.3764 -14.5579 0.0517
0.5061 -15.5082 0.0071
0.6300 -16.4361 -0.0412
0.7464 -17.3100 -0.0920
0.8950 -18.3754 -0.1659
1.0202 -19.1442 -0.2398
1.1171 -19.5113 -0.3109
1.1807 -19.3644 -0.3762
1.2052 -18.7668 -0.4252
1.2001 -17.7450 -0.4661
1.1656 -16.3320 -0.4976
1.1035 -14.5831 -0.5185
1.0061 -12.2941 -0.5286
0.8900 -9.8197 -0.5247
0.7669 -7.2817 -0.5084
0.6506 -4.7724 -0.4821
0.5687 -2.7768 -0.4555
0.5015 -0.8515 -0.4266
0.4501 1.0058 -0.3971
0.4136 2.8081 -0.3686
0.3893 4.5746 -0.3423
0.3737 6.3272 -0.3187
0.3634 8.0880 -0.2980
0.3542 9.8775 -0.2800
0.3408 11.9329 -0.2623
0.3197 14.0681 -0.2463
0.2869 16.2970 -0.2306
0.2402 18.6297 -0.2139
0.1782 21.0571 -0.1948
0.0990 23.5850 -0.1721
0.0017 26.2010 -0.1447
-0.1139 28.8877 -0.1117
-0.2436 31.5452 -0.0733
-0.3891 34.2075 -0.0282
-0.5485 36.8246 0.0236
-0.7189 39.3323 0.0823
-0.8886 41.5571 0.1446
-1.0604 43.5165 0.2122
-1.2298 45.1124 0.2842
-1.3922 46.2406 0.3593
-1.5839 46.8361 0.4585
-1.7453 46.3516 0.5568
-1.8696 44.7878 0.6506
-1.9533 42.2435 0.7360
-1.9958 38.9839 0.8092
-2.0006 35.3585 0.8689
-1.9725 31.6772 0.9138
-1.9181 28.2125 0.9436
-1.8273 24.5111 0.9604
-1.7218 21.4440 0.9587
-1.6111 18.9811 0.9422
-1.5024 17.0192 0.9144
-1.4040 15.4987 0.8806
-1.3103 14.2305 0.8423
-1.2197 13.1418 0.8009
-1.1303 12.1915 0.7578
-1.0328 11.2787 0.7096
-0.9363 10.4504 0.6602
-0.8443 9.6840 0.6103
-0.7623 8.9652 0.5613
-0.7054 8.3856 0.5216
-0.6648 7.8300 0.4851
-0.6440 7.2929 0.4532
-0.6458 6.7707 0.4276
-0.6716 6.2573 0.4102
-0.7211 5.7403 0.4018
-0.7914 5.2096 0.4030
-0.8779 4.6593 0.4140
-0.9684 4.1156 0.4331
-1.0563 3.5581 0.4589
-1.1307 2.9993 0.4888
-1.1823 2.4580 0.5198
-1.2011 2.0807 0.5411
-1.2010 1.7272 0.5596
-1.1814 1.3978 0.5740
-1.1432 1.0905 0.5831
-1.0882 0.7996 0.5862
-1.0187 0.5129 0.5829
-0.9372 0.2186 0.5731
-0.8476 -0.0945 0.5569
-0.7592 -0.4161 0.5363
-0.6686 -0.7711 0.5112
-0.5777 -1.1642 0.4821
-0.4894 -1.5980 0.4498
-0.3807 -2.2299 0.4041
-0.2836 -2.9295 0.3564
-0.2022 -3.6908 0.3083
-0.1390 -4.5007 0.2622
-0.0969 -5.3210 0.2212
-0.0750 -6.1734 0.1851
-0.0719 -7.0578 0.1550
-0.0833 -7.9754 0.1315
-0.0948 -8.5832 0.1201
-0.1064 -9.2111 0.1110
-0.1158 -9.8618 0.1041
-0.1196 -10.5384 0.0986
-0.1150 -11.2434 0.0938
-0.1002 -11.9789 0.0889
-0.0730 -12.7461 0.0832
-0.0325 -13.5456 0.0757
0.0363 -14.5895 0.0628
0.1244 -15.6818 0.0450
0.2294 -16.8165 0.0214
0.3470 -17.9823 -0.0083
0.4524 -18.9772 -0.0382
0.5610 -19.9673 -0.0720
0.6705 -20.9321 -0.1094
0.7788 -21.8464 -0.1499
0.9068 -22.8476 -0.2026
1.0257 -23.6614 -0.2576
1.1318 -24.2192 -0.3137
1.2226 -24.4454 -0.3693
1.3021 -24.2259 -0.4281
1.3558 -23.4607 -0.4826
1.3805 -22.1256 -0.5308
1.3736 -20.2288 -0.5709
1.3255 -17.4662 -0.6040
1.2359 -14.2163 -0.6222
1.1095 -10.6617 -0.6242
0.9534 -6.9841 -0.6096
0.7225 -2.2748 -0.5671
0.4904 2.1219 -0.5026
0.2822 6.1026 -0.4229
0.1121 9.6793 -0.3369
0.0277 11.7333 -0.2845
-0.0424 13.6818 -0.2339
-0.1007 15.5462 -0.1862
-0.1497 17.3441 -0.1417
-0.1926 19.0906 -0.1008
-0.2324 20.7999 -0.0632
-0.2722 22.4822 -0.0283
-0.3142 24.1425 0.0042
-0.3597 25.7579 0.0348
-0.4109 27.3519 0.0645
-0.4690 28.9179 0.0942
-0.5352 30.4448 0.1246
-0.6299 32.2773 0.1646
-0.7375 33.9770 0.2076
-0.8563 35.4836 0.2544
-0.9826 36.7324 0.3052
-1.1080 37.6376 0.3588
-1.2280 38.1537 0.4150
-1.3354 38.2281 0.4722
-1.4226 37.8411 0.5284
-1.4883 36.8908 0.5862
-1.5185 35.4784 0.6368
-1.5139 33.7304 0.6777
-1.4794 31.7826 0.7070
-1.4242 29.8030 0.7236
-1.3563 27.8796 0.7291
-1.2839 26.0848 0.7249
-1.2149 24.4552 0.7130
-1.1602 23.0912 0.6975
-1.1194 21.8696 0.6798
-1.0959 20.7725 0.6620
-1.0917 19.7808 0.6464
-1.1073 18.8728 0.6349
-1.1410 18.0221 0.6287
-1.1889 17.2068 0.6283
-1.2452 16.4123 0.6340
-1.3120 15.5026 0.6471
-1.3694 14.6007 0.6652
-1.4070 13.7124 0.6852
-1.4181 12.8497 0.7038
-1.4002 12.0148 0.7170
-1.3568 11.2315 0.7230
-1.2940 10.5003 0.7210
-1.2185 9.8220 0.7104
-1.1506 9.2851 0.6951
-1.0836 8.7699 0.6753
-1.0209 8.2698 0.6524
-0.9659 7.7799 0.6276
-0.9206 7.2864 0.6019
-0.8890 6.7958 0.5774
-0.8731 6.3055 0.5552
-0.8736 5.8150 0.5369
-0.8895 5.3238 0.5236
-0.9186 4.8306 0.5158
-0.9553 4.3360 0.5134
-0.9894 3.8420 0.5156
-1.0113 3.2989 0.5211
-1.0040 2.7592 0.5262
-0.9582 2.2170 0.5271
-0.8714 1.6741 0.5196
-0.7688 1.2066 0.5037
-0.6451 0.7131 0.4785
-0.5068 0.1834 0.4443
-0.3623 -0.3879 0.4015
-0.2177 -1.0054 0.3511
-0.0803 -1.6574 0.2955
0.0443 -2.3287 0.2366
0.1523 -2.9926 0.1770
0.2314 -3.5472 0.1256
0.2926 -4.0555 0.0766
0.3342 -4.5020 0.0316
0.3541 -4.8737 -0.0083
0.3511 -5.1663 -0.0419
0.3245 -5.3841 -0.0677
0.2753 -5.5430 -0.0851
0.2060 -5.6657 -0.0934
0.1332 -5.7668 -0.0931
0.0524 -5.8875 -0.0860
-0.0321 -6.0493 -0.0728
-0.1136 -6.2713 -0.0545
-0.1802 -6.5393 -0.0344
-0.2359 -6.8765 -0.0125
-0.2778 -7.2857 0.0102
-0.3040 -7.7654 0.0322
-0.3136 -8.3830 0.0546
-0.3022 -9.0776 0.0731
-0.2711 -9.8420 0.0867
-0.2222 -10.6676 0.0945
-0.1719 -11.3752 0.0961
-0.1137 -12.1171 0.0934
-0.0493 -12.8913 0.0867
0.0193 -13.6961 0.0759
0.1021 -14.6685 0.0588
0.1864 -15.6754 0.0373
0.2700 -16.7108 0.0120
0.3517 -17.7665 -0.0162
0.4303 -18.8309 -0.0468
0.5041 -19.8924 -0.0790
0.5718 -20.9371 -0.1122
0.6325 -21.9482 -0.1456
0.6883 -22.9575 -0.1803
0.7347 -23.8937 -0.2138
0.7713 -24.7423 -0.2454
0.7982 -25.4902 -0.2747
0.8180 -26.2126 -0.3047
0.8284 -26.7923 -0.3306
0.8326 -27.2344 -0.3523
0.8341 -27.5491 -0.3702
0.8375 -27.7571 -0.3857
0.8484 -27.8517 -0.3989
0.8704 -27.8327 -0.4111
0.9058 -27.6909 -0.4240
0.9547 -27.4056 -0.4389
1.0155 -26.9333 -0.4567
1.0853 -26.2210 -0.4778
1.1601 -25.2136 -0.5023
1.2409 -23.7135 -0.5325
1.3150 -21.7187 -0.5651
1.3769 -19.1790 -0.5986
1.4204 -16.0663 -0.6311
1.4420 -11.4820 -0.6660
1.4240 -6.1767 -0.6924
1.3636 -0.3244 -0.7073
1.2616 5.9070 -0.7076
1.1351 11.8024 -0.6931
0.9810 17.7665 -0.6645
0.8040 23.7580 -0.6220
0.6080 29.7833 -0.5660
0.3725 36.5382 -0.4895
0.1189 43.4866 -0.3991
-0.1538 50.6816 -0.2957
-0.4476 58.0793 -0.1799
-0.8335 67.0662 -0.0235
-1.2559 75.1492 0.1513
-1.7061 80.7288 0.3435
-2.1601 81.8212 0.5509
-2.4253 79.3569 0.6839
-2.6658 74.3306 0.8175
-2.8698 67.0600 0.9483
-3.0284 58.2496 1.0728
-3.1154 51.0854 1.1616
-3.1703 44.1038 1.2426
-3.1930 37.6861 1.3145
-3.1848 32.1165 1.3760
-3.1483 27.5210 1.4261
-3.0867 23.8867 1.4645
-3.0029 21.1406 1.4913
-2.9010 19.1074 1.5064
-2.8013 17.7739 1.5102
-2.6927 16.7609 1.5060
-2.5772 15.9926 1.4944
-2.4570 15.3964 1.4758
-2.3404 14.9375 1.4525
-2.2228 14.5527 1.4241
-2.1052 14.2173 1.3913
-1.9889 13.9125 1.3547
-1.8400 13.5362 1.3017
-1.6978 13.1708 1.2446
-1.5641 12.8046 1.1846
-1.4415 12.4324 1.1232
-1.2953 11.9107 1.0396
-1.1779 11.3731 0.9586
-1.0936 10.8248 0.8831
-1.0451 10.2750 0.8161
-1.0335 9.7473 0.7618
-1.0522 9.2281 0.7196
-1.0925 8.7206 0.6896
-1.1440 8.2275 0.6712
-1.1917 7.7573 0.6627
-1.2197 7.3027 0.6602
-1.2170 6.8632 0.6596
-1.1781 6.4411 0.6568
-1.1156 6.0937 0.6497
-1.0307 5.7480 0.6368
-0.9293 5.3963 0.6171
-0.8163 5.0336 0.5905
-0.6974 4.6551 0.5573
-0.5786 4.2569 0.5186
-0.4644 3.8397 0.4755
-0.3586 3.4076 0.4295
-0.2625 2.9607 0.3812
-0.1797 2.5147 0.3330
-0.1118 2.0789 0.2861
-0.0609 1.6645 0.2420
-0.0290 1.2814 0.2019
-0.0178 0.9321 0.1671
-0.0291 0.6154 0.1386
-0.0647 0.3269 0.1176
-0.1187 0.0836 0.1062
-0.1936 -0.1598 0.1025
-0.2879 -0.4191 0.1070
-0.3984 -0.7098 0.1199
-0.5142 -1.0331 0.1401
-0.6333 -1.4099 0.1673
-0.7490 -1.8439 0.2004
-0.8507 -2.3316 0.2375
-0.9299 -2.8702 0.2771
-0.9803 -3.4380 0.3158
-0.9977 -4.0194 0.3513
-0.9807 -4.5973 0.3810
-0.9286 -5.1764 0.4032
-0.8452 -5.7464 0.4157
-0.7358 -6.3189 0.4174
-0.6064 -6.9074 0.4081
-0.4674 -7.5099 0.3887
-0.3205 -8.1630 0.3599
-0.1706 -8.8781 0.3229
-0.0207 -9.6601 0.2788
0.1384 -10.5771 0.2246
0.2905 -11.5570 0.1652
0.4325 -12.5769 0.1023
0.5629 -13.5987 0.0376
0.6836 -14.6063 -0.0295
0.7872 -15.5152 -0.0954
0.8710 -16.2719 -0.1586
0.9325 -16.8216 -0.2175
0.9687 -17.1135 -0.2690
0.9799 -17.1491 -0.3138
0.9653 -16.9277 -0.3506
0.9264 -16.4667 -0.3784
0.8419 -15.5466 -0.4005
0.7334 -14.4083 -0.4058
0.6193 -13.1879 -0.3961
0.5182 -12.0026 -0.3752
0.4651 -11.2507 -0.3572
0.4295 -10.5649 -0.3382
0.4129 -9.9453 -0.3201
0.4148 -9.3815 -0.3042
0.4334 -8.8571 -0.2919
0.4655 -8.3516 -0.2838
0.5074 -7.8411 -0.2802
0.5559 -7.3021 -0.2812
0.6075 -6.7132 -0.2864
0.6585 -6.0475 -0.2952
0.7054 -5.2832 -0.3069
0.7462 -4.3998 -0.3206
0.7820 -3.2614 -0.3367
0.8050 -1.9412 -0.3528
0.8129 -0.4325 -0.3676
0.8045 1.2683 -0.3798
0.7793 3.1568 -0.3881
0.7360 5.2141 -0.3916
0.6742 7.4187 -0.3896
0.5944 9.7477 -0.3812
0.4828 12.5154 -0.3630
0.3505 15.3699 -0.3354
0.2002 18.2737 -0.2981
0.0365 21.1931 -0.2515
-0.1592 24.4759 -0.1881
-0.3594 27.6861 -0.1151
-0.5570 30.7628 -0.0343
-0.7458 33.6182 0.0517
-0.8951 35.7833 0.1266
-1.0328 37.6467 0.2019
-1.1572 39.1408 0.2764
-1.2672 40.1978 0.3487
-1.3641 40.7699 0.4191
-1.4444 40.8098 0.4851
-1.5074 40.3278 0.5457
-1.5531 39.3659 0.6002
-1.5886 37.2319 0.6684
-1.5870 34.5309 0.7202
-1.5515 31.5735 0.7544
-1.4872 28.6562 0.7717
-1.4050 26.0871 0.7735
-1.3115 23.8084 0.7621
-1.2155 21.8466 0.7400
-1.1258 20.1811 0.7104
-1.0597 18.9416 0.6817
-1.0103 17.8639 0.6523
-0.9827 16.9148 0.6247
-0.9808 16.0689 0.6016
-1.0077 15.3014 0.5860
-1.0640 14.5767 0.5794
-1.1469 13.8676 0.5830
-1.2500 13.1587 0.5975
-1.3560 12.4849 0.6210
-1.4562 11.8040 0.6516
-1.5367 11.1291 0.6862
-1.5860 10.4792 0.7210
-1.5964 9.9481 0.7481
-1.5729 9.4608 0.7690
-1.5162 9.0167 0.7817
-1.4308 8.6142 0.7842
-1.3229 8.2428 0.7756
-1.1997 7.8825 0.7564
-1.0685 7.5188 0.7274
-0.9345 7.1406 0.6899
-0.7622 6.6149 0.6309
-0.6029 6.0457 0.5642
-0.4640 5.4363 0.4935
-0.3539 4.8207 0.4236
-0.2899 4.3295 0.3696
-0.2564 3.8571 0.3216
-0.2571 3.4056 0.2818
-0.2946 2.9768 0.2527
-0.3551 2.6265 0.2382
-0.4359 2.2706 0.2335
-0.5285 1.8956 0.2385
-0.6231 1.4905 0.2519
-0.6966 1.1148 0.2686
-0.7525 0.7098 0.2882
-0.7833 0.2771 0.3085
-0.7849 -0.1775 0.3271
-0.7564 -0.6473 0.3413
-0.6981 -1.1320 0.3494
-0.6133 -1.6317 0.3501
-0.5073 -2.1460 0.3424
-0.3820 -2.6959 0.3253
-0.2455 -3.2685 0.2993
-0.1029 -3.8638 0.2652
0.0394 -4.4773 0.2240
0.1852 -5.1409 0.1738
0.3224 -5.7937 0.1190
0.4481 -6.4093 0.0613
0.5589 -6.9509 0.0026
0.6541 -7.3838 -0.0564
0.7296 -7.6607 -0.1132
0.7834 -7.7488 -0.1661
0.8129 -7.6184 -0.2135
0.8164 -7.3021 -0.2500
0.7965 -6.8036 -0.2798
0.7523 -6.1388 -0.3021
0.6830 -5.3328 -0.3158
0.5768 -4.3087 -0.3201
0.4430 -3.2202 -0.3119
0.2874 -2.1346 -0.2912
0.1197 -1.1164 -0.2586
-0.0550 -0.1898 -0.2136
-0.2161 0.5574 -0.1602
-0.3515 1.1033 -0.1017
-0.4533 1.4468 -0.0421
-0.5004 1.5728 -0.0031
-0.5288 1.6207 0.0335
-0.5393 1.6002 0.0666
-0.5334 1.5216 0.0956
-0.5125 1.3954 0.1199
-0.4783 1.2307 0.1390
-0.4335 1.0359 0.1529
-0.3808 0.8183 0.1615
-0.3004 0.4975 0.1652
-0.2129 0.1593 0.1604
-0.1224 -0.1843 0.1482
-0.0331 -0.5219 0.1298
0.0534 -0.8498 0.1058
0.1335 -1.1464 0.0781
0.2051 -1.3989 0.0480
0.2658 -1.5922 0.0169
0.3090 -1.7025 -0.0105
0.3412 -1.7480 -0.0367
0.3614 -1.7237 -0.0611
0.3688 -1.6265 -0.0828
0.3635 -1.4680 -0.1001
0.3463 -1.2494 -0.1138
0.3178 -0.9776 -0.1237
0.2787 -0.6618 -0.1292
0.2212 -0.2504 -0.1302
0.1558 0.1837 -0.1252
0.0881 0.6200 -0.1147
0.0225 1.0389 -0.0997
-0.0317 1.3903 -0.0832
-0.0762 1.7070 -0.0652
-0.1081 1.9855 -0.0467
-0.1261 2.2255 -0.0289
-0.1301 2.4004 -0.0155
-0.1244 2.5540 -0.0040
-0.1098 2.6910 0.0053
-0.0873 2.8167 0.0118
-0.0621 2.9216 0.0153
-0.0328 3.0268 0.0165
-0.0007 3.1365 0.0156
0.0330 3.2551 0.0126
0.0750 3.4177 0.0066
0.1166 3.6079 -0.0018
0.1560 3.8332 -0.0122
0.1918 4.1012 -0.0240
0.2240 4.4341 -0.0372
0.2499 4.8274 -0.0508
0.2686 5.2861 -0.0642
0.2793 5.8144 -0.0768
0.2813 6.4158 -0.0880
0.2742 7.0892 -0.0973
0.2580 7.8328 -0.1042
0.2326 8.6432 -0.1085
0.1916 9.6679 -0.1095
0.1391 10.7646 -0.1059
0.0763 11.9192 -0.0976
0.0041 13.1166 -0.0844
-0.0807 14.4083 -0.0653
-0.1724 15.7085 -0.0409
-0.2689 16.9965 -0.0118
-0.3688 18.2510 0.0217
-0.4865 19.6267 0.0650
-0.6048 20.8966 0.1125
-0.7221 22.0275 0.1633
-0.8372 22.9861 0.2165
-0.9927 23.9795 0.2936
-1.1375 24.4999 0.3719
-1.2671 24.5147 0.4493
-1.3756 24.0186 0.5231
-1.4468 23.2195 0.5812
-1.4928 22.1567 0.6328
-1.5101 20.9146 0.6760
-1.4967 19.5840 0.7088
-1.4573 18.3559 0.7285
-1.3940 17.1729 0.7373
-1.3103 16.0670 0.7353
-1.2118 15.0546 0.7225
-1.1051 14.1383 0.7000
-0.9955 13.3106 0.6693
-0.8894 12.5623 0.6323
-0.7933 11.8862 0.5912
-0.7053 11.2162 0.5446
-0.6426 10.6146 0.4994
-0.6103 10.0687 0.4586
-0.6103 9.5751 0.4258
-0.6349 9.1953 0.4065
-0.6780 8.8280 0.3953
-0.7332 8.4599 0.3920
-0.7923 8.0809 0.3960
-0.8458 7.6750 0.4061
-0.8812 7.2438 0.4191
-0.8908 6.7875 0.4318
-0.8706 6.3127 0.4412
-0.8313 5.9129 0.4443
-0.7746 5.5067 0.4422
-0.7045 5.0955 0.4342
-0.6248 4.6810 0.4203
-0.5394 4.2641 0.4008
-0.4528 3.8458 0.3764
-0.3688 3.4286 0.3481
-0.2910 3.0162 0.3170
-0.2069 2.5223 0.2767
-0.1404 2.0513 0.2364
-0.0952 1.6092 0.1981
-0.0742 1.2057 0.1643
-0.0768 0.8965 0.1407
-0.0999 0.6087 0.1230
-0.1436 0.3316 0.1120
-0.2067 0.0520 0.1086
-0.2803 -0.2262 0.1126
-0.3633 -0.5376 0.1235
-0.4499 -0.8951 0.1406
-0.5336 -1.3080 0.1629
-0.5978 -1.7188 0.1853
-0.6481 -2.1747 0.2091
-0.6814 -2.6722 0.2328
-0.6947 -3.2047 0.2548
-0.6866 -3.7646 0.2733
-0.6576 -4.3482 0.2874
-0.6092 -4.9533 0.2959
-0.5440 -5.5785 0.2983
-0.4530 -6.3212 0.2929
-0.3485 -7.0995 0.2790
-0.2346 -7.9192 0.2572
-0.1169 -8.7849 0.2281
-0.0013 -9.6875 0.1932
0.1116 -10.6329 0.1536
0.2194 -11.6125 0.1105
0.3190 -12.6110 0.0651
0.3975 -13.4831 0.0247
0.4672 -14.3413 -0.0157
0.5272 -15.1713 -0.0552
0.5766 -15.9577 -0.0931
0.6147 -16.6864 -0.1288
0.6414 -17.3483 -0.1616
0.6570 -17.9378 -0.1911
0.6621 -18.4524 -0.2168
0.6554 -19.0100 -0.2440
0.6378 -19.4669 -0.2645
0.6149 -19.8487 -0.2788
0.5942 -20.1819 -0.2879
0.5812 -20.5436 -0.2944
0.5867 -20.9011 -0.2989
0.6148 -21.2548 -0.3041
0.6647 -21.5809 -0.3128
0.7175 -21.7939 -0.3239
0.7785 -21.9299 -0.3385
0.8441 -21.9512 -0.3568
0.9107 -21.8185 -0.3783
0.9857 -21.3988 -0.4070
1.0501 -20.6367 -0.4376
1.0991 -19.4861 -0.4685
1.1284 -17.9089 -0.4972
1.1346 -15.8893 -0.5216
1.1153 -13.4752 -0.5399
1.0697 -10.7301 -0.5506
0.9991 -7.7246 -0.5522
0.9044 -4.4800 -0.5434
0.7909 -1.1526 -0.5242
0.6644 2.1841 -0.4948
0.5328 5.4747 -0.4565
0.4078 8.5671 -0.4130
0.2889 11.5834 -0.3648
0.1797 14.5317 -0.3136
0.0814 17.4246 -0.2614
-0.0066 20.2789 -0.2098
-0.0866 23.1155 -0.1596
-0.1617 25.9494 -0.1112
-0.2350 28.7857 -0.0646
-0.3050 31.4293 -0.0225
-0.3796 34.0670 0.0189
-0.4612 36.6810 0.0605
-0.5517 39.2422 0.1030
-0.6603 41.8854 0.1507
-0.7815 44.3468 0.2015
-0.9149 46.5290 0.2559
-1.0575 48.3255 0.3145
-1.2053 49.6148 0.3775
-1.3526 50.2578 0.4440
-1.4924 50.1496 0.5129
-1.6178 49.2316 0.5823
-1.7830 45.7147 0.6978
-1.8658 40.5014 0.7960
-1.8671 34.5984 0.8684
-1.8086 28.9442 0.9104
-1.7308 24.5631 0.9234
-1.6523 21.0366 0.9187
-1.5918 18.2749 0.9039
-1.5612 16.1111 0.8859
-1.5606 14.8123 0.8748
-1.5770 13.6919 0.8675
-1.6066 12.7168 0.8649
-1.6413 11.8688 0.8672
-1.6712 11.1376 0.8732
-1.6865 10.5092 0.8807
-1.6794 9.9715 0.8872
-1.6454 9.5139 0.8896
-1.5811 9.1082 0.8841
-1.4902 8.7394 0.8695
-1.3789 8.3782 0.8454
-1.2560 8.0047 0.8115
-1.1456 7.6530 0.7744
-1.0378 7.2695 0.7324
-0.9372 6.8518 0.6871
-0.8476 6.4023 0.6404
-0.7632 5.8618 0.5886
-0.6988 5.2911 0.5398
-0.6543 4.6955 0.4955
-0.6272 4.0844 0.4574
-0.6139 3.5372 0.4298
-0.6046 2.9782 0.4071
-0.5933 2.4056 0.3882
-0.5750 1.8171 0.3718
-0.5483 1.2611 0.3574
-0.5108 0.6871 0.3424
-0.4625 0.0932 0.3258
-0.4050 -0.5210 0.3067
-0.3410 -1.1561 0.2847
-0.2740 -1.8123 0.2599
-0.2072 -2.4880 0.2328
-0.1440 -3.1812 0.2040
-0.0862 -3.9074 0.1738
-0.0381 -4.6456 0.1439
-0.0013 -5.3943 0.1154
0.0236 -6.1509 0.0894
0.0358 -6.8161 0.0696
0.0403 -7.4928 0.0527
0.0386 -8.1866 0.0388
0.0327 -8.9044 0.0279
0.0275 -9.4091 0.0221
0.0224 -9.9313 0.0174
0.0182 -10.4735 0.0137
0.0157 -11.0380 0.0108
0.0156 -11.6273 0.0082
0.0185 -12.2432 0.0060
0.0248 -12.8872 0.0037
0.0349 -13.5608 0.0011
0.0468 -14.1745 -0.0016
0.0618 -14.8119 -0.0048
0.0796 -15.4734 -0.0086
0.1001 -16.1590 -0.0132
0.1303 -17.0833 -0.0204
0.1639 -18.0479 -0.0291
0.2002 -19.0521 -0.0393
0.2388 -20.0948 -0.0509
0.2817 -21.2546 -0.0650
0.3253 -22.4547 -0.0805
0.3685 -23.6921 -0.0972
0.4108 -24.9631 -0.1150
0.4591 -26.5172 -0.1371
0.5044 -28.1064 -0.1597
0.5466 -29.7240 -0.1826
0.5859 -31.3614 -0.2053
0.6281 -33.2145 -0.2302
0.6704 -35.0730 -0.2547
0.7164 -36.9232 -0.2791
0.7714 -38.7435 -0.3040
0.8531 -40.7816 -0.3354
0.9597 -42.6549 -0.3713
1.0948 -44.2128 -0.4136
1.2561 -45.2621 -0.4646
1.4075 -45.5648 -0.5155
1.5668 -45.0960 -0.5730
1.7263 -43.6321 -0.6363
1.8765 -40.9777 -0.7036
2.0267 -36.1653 -0.7839
2.1374 -29.5115 -0.8619
2.1960 -21.2557 -0.9328
2.1927 -11.8052 -0.9908
2.1132 -0.9763 -1.0326
1.9537 9.7559 -1.0480
1.7177 19.9159 -1.0337
1.4133 29.2152 -0.9869
1.0793 37.1459 -0.9133
0.7108 44.7574 -0.8129
0.3226 52.3732 -0.6887
-0.0721 60.2835 -0.5444
-0.4500 68.3891 -0.3896
-0.8142 76.9212 -0.2247
-1.1601 85.5408 -0.0534
-1.4870 93.4072 0.1202
-1.7467 98.5871 0.2653
-1.9892 101.6497 0.4085
-2.2096 101.9225 0.5482
-2.4015 98.9904 0.6824
-2.5386 93.8682 0.7918
-2.6462 86.6954 0.8938
-2.7224 78.0160 0.9867
-2.7668 68.5709 1.0694
-2.7817 59.1627 1.1410
-2.7728 50.3447 1.2008
-2.7462 42.5092 1.2487
-2.7080 35.8851 1.2856
-2.6658 30.5616 1.3122
-2.6247 26.3196 1.3306
-2.5885 23.0203 1.3427
-2.5609 20.4914 1.3500
-2.5450 18.7312 1.3536
-2.5373 17.3545 1.3557
-2.5367 16.2846 1.3573
-2.5410 15.4531 1.3588
-2.5471 14.8406 1.3603
-2.5524 14.3578 1.3621
-2.5536 13.9800 1.3639
-2.5478 13.6836 1.3653
-2.5293 13.4217 1.3656
-2.4954 13.2204 1.3636
-2.4448 13.0615 1.3584
-2.3767 12.9275 1.3489
-2.2440 12.7437 1.3249
-2.0808 12.5484 1.2880
-1.8964 12.3138 1.2386
-1.7017 12.0220 1.1770
-1.5009 11.6543 1.1031
-1.3082 11.2195 1.0216
-1.1313 10.7245 0.9355
-0.9767 10.1850 0.8486
-0.8487 9.6190 0.7648
-0.7512 9.0363 0.6863
-0.6868 8.4489 0.6156
-0.6565 7.8724 0.5555
-0.6581 7.3700 0.5124
-0.6843 6.8785 0.4801
-0.7305 6.3934 0.4588
-0.7896 5.9096 0.4482
-0.8529 5.4134 0.4470
-0.9092 4.9075 0.4532
-0.9504 4.3908 0.4637
-0.9704 3.8686 0.4756
-0.9680 3.4292 0.4843
-0.9486 2.9894 0.4902
-0.9142 2.5481 0.4924
-0.8669 2.1050 0.4901
-0.8096 1.6575 0.4828
-0.7456 1.1992 0.4708
-0.6780 0.7250 0.4545
-0.6097 0.2308 0.4344
-0.5317 -0.3774 0.4070
-0.4584 -1.0219 0.3768
-0.3919 -1.7046 0.3449
-0.3334 -2.4245 0.3126
-0.2780 -3.2693 0.2776
-0.2332 -4.1595 0.2445
-0.1980 -5.0966 0.2139
-0.1706 -6.0808 0.1866
-0.1510 -6.9918 0.1654
-0.1337 -7.9482 0.1466
-0.1166 -8.9554 0.1298
-0.0980 -10.0196 0.1146
-0.0783 -11.0388 0.1016
-0.0550 -12.1149 0.0888
-0.0273 -13.2527 0.0759
0.0054 -14.4564 0.0624
0.0435 -15.7301 0.0477
0.0875 -17.0770 0.0316
0.1379 -18.4988 0.0137
0.1952 -19.9966 -0.0063
0.2511 -21.3690 -0.0259
0.3130 -22.7956 -0.0476
0.3813 -24.2707 -0.0715
0.4564 -25.7849 -0.0980
0.6025 -28.4648 -0.1506
0.7678 -31.0964 -0.2121
0.9479 -33.4696 -0.2822
1.1350 -35.2951 -0.3604
1.2976 -36.1469 -0.4348
1.4464 -35.9513 -0.5116
1.5698 -34.4456 -0.5879
1.6570 -31.4370 -0.6594
1.6972 -26.9386 -0.7205
1.6824 -21.1689 -0.7680
1.6063 -14.4827 -0.7977
1.4668 -7.2857 -0.8055
1.2451 0.6185 -0.7851
0.9609 8.2278 -0.7333
0.6326 15.3734 -0.6513
0.2875 22.0035 -0.5423
0.0539 26.3639 -0.4540
-0.1632 30.5739 -0.3592
-0.3562 34.6627 -0.2611
-0.5218 38.6231 -0.1633
-0.6279 41.4997 -0.0918
-0.7187 44.2687 -0.0231
-0.7956 46.9055 0.0420
-0.8605 49.3797 0.1031
-0.9158 51.6605 0.1598
-0.9633 53.7218 0.2120
-1.0049 55.5399 0.2600
-1.0431 57.0971 0.3040
-1.0944 58.8148 0.3596
-1.1456 59.9734 0.4095
-1.1999 60.5557 0.4548
-1.2591 60.5662 0.4970
-1.3238 60.0353 0.5371
-1.3971 58.9601 0.5766
-1.4805 57.3423 0.6164
-1.5760 55.2072 0.6578
-1.6835 52.6272 0.7016
-1.8024 49.5921 0.7489
-1.9287 46.1498 0.7998
-2.0569 42.3904 0.8543
-2.1973 37.7536 0.9213
-2.3074 33.1007 0.9884
-2.3702 28.7012 1.0507
-2.3760 24.7833 1.1032
-2.3379 22.1186 1.1342
-2.2640 19.8896 1.1537
-2.1593 18.0779 1.1608
-2.0321 16.6247 1.1549
-1.8915 15.4542 1.1363
-1.7439 14.5002 1.1067
-1.5959 13.7006 1.0678
-1.4528 13.0095 1.0215
-1.2740 12.1860 0.9507
-1.1210 11.4279 0.8754
-0.9994 10.6946 0.7998
-0.9127 9.9964 0.7290
-0.8664 9.4044 0.6726
-0.8541 8.8298 0.6254
-0.8768 8.2700 0.5891
-0.9333 7.7241 0.5658
-1.0135 7.2261 0.5570
-1.1125 6.7342 0.5603
-1.2196 6.2519 0.5748
-1.3245 5.7877 0.5983
-1.4196 5.3365 0.6299
-1.4836 4.9382 0.6640
-1.5073 4.6006 0.6958
-1.4878 4.3407 0.7209
-1.4406 4.1849 0.7336
-1.3682 4.0545 0.7378
-1.2748 3.9291 0.7329
-1.1662 3.7909 0.7188
-1.0528 3.6299 0.6967
-0.9340 3.4273 0.6673
-0.8134 3.1751 0.6315
-0.6942 2.8704 0.5905
-0.5699 2.4845 0.5418
-0.4535 2.0433 0.4900
-0.3477 1.5548 0.4364
-0.2540 1.0328 0.3828
-0.1736 0.4926 0.3307
-0.1082 -0.0552 0.2811
-0.0585 -0.5995 0.2350
-0.0245 -1.1301 0.1935
-0.0114 -1.4416 0.1710
-0.0034 -1.7454 0.1505
0.0001 -2.0417 0.1322
-0.0005 -2.3309 0.1160
-0.0043 -2.6143 0.1019
-0.0103 -2.8935 0.0899
-0.0176 -3.1703 0.0798
-0.0256 -3.4467 0.0715
-0.0331 -3.7258 0.0647
-0.0390 -4.0087 0.0591
-0.0428 -4.2970 0.0546
-0.0439 -4.5924 0.0508
-0.0416 -4.9217 0.0471
-0.0351 -5.2618 0.0436
-0.0244 -5.6131 0.0400
-0.0097 -5.9759 0.0359
0.0099 -6.3697 0.0309
0.0331 -6.7750 0.0250
0.0593 -7.1906 0.0181
0.0877 -7.6151 0.0101
0.1192 -8.0698 0.0005
0.1513 -8.5300 -0.0102
0.1833 -8.9934 -0.0219
0.2144 -9.4574 -0.0343
0.2499 -10.0109 -0.0500
0.2824 -10.5578 -0.0661
0.3111 -11.0945 -0.0822
0.3356 -11.6179 -0.0981
0.3586 -12.2018 -0.1155
0.3758 -12.7649 -0.1316
0.3874 -13.3091 -0.1462
0.3942 -13.8370 -0.1588
0.3968 -14.3837 -0.1700
0.3957 -14.9274 -0.1789
0.3921 -15.4783 -0.1857
0.3867 -16.0474 -0.1907
0.3796 -16.7389 -0.1943
0.3726 -17.4862 -0.1962
0.3668 -18.3046 -0.1968
0.3634 -19.2090 -0.1967
0.3632 -20.2131 -0.1965
0.3676 -21.3257 -0.1965
0.3783 -22.5532 -0.1974
0.3984 -23.9001 -0.2000
0.4285 -25.2582 -0.2050
0.4724 -26.7094 -0.2132
0.5330 -28.2332 -0.2256
0.6131 -29.8004 -0.2436
0.7023 -31.1995 -0.2654
0.8076 -32.5437 -0.2932
0.9277 -33.7590 -0.3275
1.0599 -34.7522 -0.3685
1.2159 -35.4541 -0.4213
1.3749 -35.5339 -0.4811
1.5292 -34.7740 -0.5463
1.6701 -32.9724 -0.6145
1.8128 -28.9990 -0.6993
1.9033 -23.1094 -0.7784
1.9274 -15.5561 -0.8454
1.8750 -6.7402 -0.8929
1.7502 2.1476 -0.9137
1.5531 11.0374 -0.9076
1.2903 19.6246 -0.8725
0.9730 27.7543 -0.8072
0.6301 35.2128 -0.7165
0.2684 42.5682 -0.6019
-0.0957 50.0180 -0.4676
-0.4474 57.6509 -0.3192
-0.6693 62.8061 -0.2156
-0.8807 67.9340 -0.1098
-1.0812 72.8933 -0.0032
-1.2712 77.4730 0.1033
-1.4515 81.4164 0.2085
-1.6218 84.4386 0.3119
-1.7812 86.2678 0.4129
-1.9288 86.6789 0.5108
-2.0799 85.2410 0.6178
-2.2101 81.7569 0.7189
-2.3165 76.4232 0.8128
-2.3972 69.6837 0.8984
-2.4516 62.1522 0.9751
-2.4833 54.3943 1.0417
-2.4968 46.9062 1.0977
-2.4967 40.1027 1.1438
-2.4889 34.4482 1.1795
-2.4790 29.6769 1.2079
-2.4704 25.7667 1.2305
-2.4647 22.6330 1.2483
-2.4622 20.4649 1.2605
-2.4605 18.7119 1.2706
-2.4573 17.3100 1.2791
-2.4503 16.1953 1.2858
-2.4374 15.3089 1.2905
-2.4147 14.6099 1.2930
-2.3797 14.0610 1.2928
-2.3312 13.6250 1.2890
-2.2601 13.2309 1.2797
-2.1719 12.9093 1.2645
-2.0688 12.6320 1.2431
-1.9534 12.3753 1.2151
-1.7874 12.0375 1.1678
-1.6154 11.6792 1.1106
-1.4455 11.2838 1.0457
-1.2845 10.8483 0.9753
-1.1160 10.2958 0.8901
-0.9754 9.6973 0.8054
-0.8676 9.0639 0.7246
-0.7962 8.4214 0.6522
-0.7647 7.8764 0.5995
-0.7593 7.3356 0.5566
-0.7763 6.7997 0.5239
-0.8102 6.2681 0.5018
-0.8509 5.7629 0.4900
-0.8930 5.2551 0.4857
-0.9302 4.7433 0.4870
-0.9574 4.2288 0.4918
-0.9703 3.7476 0.4974
-0.9700 3.2666 0.5025
-0.9566 2.7851 0.5060
-0.9321 2.3047 0.5067
-0.8988 1.8249 0.5038
-0.8591 1.3390 0.4975
-0.8155 0.8423 0.4879
-0.7702 0.3298 0.4754
-0.7127 -0.3493 0.4561
-0.6582 -1.0707 0.4340
-0.6082 -1.8418 0.4103
-0.5630 -2.6673 0.3861
-0.5181 -3.6169 0.3607
-0.4740 -4.6414 0.3357
-0.4261 -5.7482 0.3105
-0.3681 -6.9465 0.2845
-0.3025 -8.1037 0.2592
-0.2216 -9.3528 0.2304
-0.1249 -10.7017 0.1971
-0.0135 -12.1543 0.1582
0.0972 -13.5491 0.1181
0.2139 -15.0191 0.0732
0.3327 -16.5450 0.0242
0.4503 -18.0965 -0.0281
0.5695 -19.7197 -0.0858
0.6783 -21.2573 -0.1443
0.7730 -22.6383 -0.2022
0.8508 -23.7787 -0.2574
0.9047 -24.5276 -0.3029
0.9437 -24.9915 -0.3441
0.9687 -25.1508 -0.3803
0.9808 -24.9973 -0.4109
0.9816 -24.4561 -0.4387
0.9726 -23.5644 -0.4594
0.9576 -22.3677 -0.4736
0.9399 -20.9170 -0.4823
0.9227 -19.3911 -0.4866
0.9050 -17.7120 -0.4878
0.8864 -15.8977 -0.4865
0.8653 -13.9658 -0.4831
0.8393 -11.9298 -0.4778
0.8066 -9.7993 -0.4701
0.7653 -7.5881 -0.4598
0.7135 -5.3121 -0.4462
0.6372 -2.5695 -0.4250
0.5433 0.1994 -0.3976
0.4319 2.9552 -0.3631
0.3052 5.6643 -0.3211
0.1677 8.2936 -0.2715
0.0261 10.8135 -0.2153
-0.1115 13.2039 -0.1541
-0.2359 15.4495 -0.0905
-0.3029 16.7784 -0.0508
-0.3601 18.0475 -0.0122
-0.4066 19.2586 0.0247
-0.4425 20.4135 0.0591
-0.4682 21.5154 0.0904
-0.4849 22.5707 0.1184
-0.4941 23.5859 0.1429
-0.4976 24.5687 0.1638
-0.4968 25.7683 0.1853
-0.4944 26.9468 0.2021
-0.4944 28.1178 0.2152
-0.5006 29.2943 0.2259
-0.5149 30.4283 0.2353
-0.5397 31.5721 0.2449
-0.5763 32.7163 0.2557
-0.6256 33.8470 0.2690
-0.6870 34.9385 0.2856
-0.7604 35.9607 0.3062
-0.8440 36.8727 0.3309
-0.9349 37.6330 0.3600
-1.0376 38.2305 0.3961
-1.1407 38.5365 0.4363
-1.2398 38.5035 0.4796
-1.3316 38.0995 0.5246
-1.4431 36.8797 0.5877
-1.5314 34.9896 0.6481
-1.5968 32.5871 0.7036
-1.6437 29.8473 0.7519
-1.6756 27.2049 0.7894
-1.7013 24.6082 0.8210
-1.7247 22.1595 0.8477
-1.7478 19.9267 0.8706
-1.7772 17.4379 0.8959
-1.8004 15.3660 0.9176
-1.8080 13.6935 0.9355
-1.7907 12.3841 0.9470
-1.7598 11.6597 0.9490
-1.7122 11.0499 0.9455
-1.6486 10.5267 0.9360
-1.5717 10.0643 0.9198
-1.4850 9.6392 0.8967
-1.3932 9.2294 0.8676
-1.3008 8.8186 0.8338
-1.2116 8.3974 0.7964
-1.1169 7.8910 0.7508
-1.0359 7.3580 0.7047
-0.9698 6.7987 0.6600
-0.9169 6.2188 0.6187
-0.8754 5.6766 0.5849
-0.8330 5.1200 0.5540
-0.7823 4.5484 0.5245
-0.7168 3.9600 0.4946
-0.6471 3.4503 0.4674
-0.5644 2.9247 0.4373
-0.4708 2.3825 0.4036
-0.3710 1.8258 0.3659
-0.2700 1.2594 0.3247
-0.1726 0.6902 0.2809
-0.0838 0.1282 0.2356
-0.0079 -0.4125 0.1904
0.0483 -0.8844 0.1500
0.0878 -1.3163 0.1125
0.1086 -1.7035 0.0792
0.1093 -2.0434 0.0514
0.0978 -2.2505 0.0361
0.0762 -2.4420 0.0243
0.0446 -2.6237 0.0162
0.0035 -2.8025 0.0121
-0.0466 -2.9865 0.0120
-0.1045 -3.1851 0.0161
-0.1688 -3.4076 0.0243
-0.2379 -3.6628 0.0364
-0.3069 -3.9474 0.0515
-0.3758 -4.2755 0.0697
-0.4425 -4.6505 0.0905
-0.5036 -5.0739 0.1131
-0.5574 -5.5550 0.1373
-0.6007 -6.0823 0.1618
-0.6311 -6.6512 0.1856
-0.6471 -7.2559 0.2079
-0.6464 -8.0122 0.2310
-0.6237 -8.8034 0.2493
-0.5797 -9.6257 0.2616
-0.5162 -10.4774 0.2672
-0.4361 -11.3617 0.2654
-0.3414 -12.2875 0.2562
-0.2347 -13.2636 0.2396
-0.1198 -14.2985 0.2159
0.0222 -15.6061 0.1795
0.1680 -17.0092 0.1353
0.3140 -18.5003 0.0845
0.4566 -20.0560 0.0286
0.5792 -21.4781 -0.0248
0.6941 -22.8871 -0.0801
0.7991 -24.2400 -0.1361
0.8924 -25.4827 -0.1917
0.9719 -26.5565 -0.2456
1.0356 -27.4147 -0.2968
1.0821 -28.0168 -0.3444
1.1109 -28.3287 -0.3872
1.1219 -28.3190 -0.4273
1.1153 -27.9603 -0.4601
1.0955 -27.2818 -0.4853
1.0670 -26.3292 -0.5034
1.0302 -24.9451 -0.5164
0.9999 -23.3430 -0.5227
0.9834 -21.5787 -0.5249
0.9840 -19.6716 -0.5257
0.9992 -17.8391 -0.5273
1.0256 -15.8645 -0.5308
1.0595 -13.7146 -0.5367
1.0950 -11.3588 -0.5451
1.1263 -8.7665 -0.5554
1.1489 -5.9146 -0.5666
1.1583 -2.7940 -0.5773
1.1511 0.5924 -0.5861
1.1223 4.4052 -0.5914
1.0690 8.4557 -0.5911
0.9895 12.7035 -0.5839
0.8821 17.1139 -0.5679
0.7460 21.6550 -0.5417
0.5810 26.3029 -0.5043
0.3877 31.0452 -0.4551
0.1672 35.8774 -0.3933
-0.1089 41.3889 -0.3086
-0.4095 46.9693 -0.2080
-0.7259 52.4903 -0.0928
-1.0480 57.7077 0.0351
-1.3706 62.3278 0.1762
-1.6698 65.6036 0.3234
-1.9307 66.9509 0.4718
-2.1414 65.8819 0.6154
-2.2860 62.4714 0.7418
-2.3719 57.1889 0.8540
-2.4000 50.7058 0.9482
-2.3747 43.8605 1.0219
-2.2952 36.8213 1.0780
-2.1771 30.8043 1.1079
-2.0357 25.9974 1.1141
-1.8838 22.3465 1.0998
-1.7298 19.5755 1.0685
-1.5844 17.4614 1.0253
-1.4529 15.7814 0.9747
-1.3396 14.4414 0.9204
-1.2419 13.3066 0.8628
-1.1684 12.3304 0.8081
-1.1189 11.4559 0.7585
-1.0915 10.6622 0.7163
-1.0836 9.9940 0.6853
-1.0889 9.3618 0.6615
-1.1036 8.7578 0.6446
-1.1233 8.1766 0.6339
-1.1464 7.5166 0.6277
-1.1614 6.8819 0.6260
-1.1619 6.2694 0.6262
-1.1436 5.6832 0.6251
-1.1067 5.1471 0.6198
-1.0523 4.6188 0.6094
-0.9837 4.0843 0.5934
-0.9057 3.5352 0.5712
-0.8350 3.0399 0.5471
-0.7651 2.5168 0.5199
-0.6992 1.9611 0.4904
-0.6400 1.3708 0.4599
-0.5934 0.7950 0.4321
-0.5573 0.1885 0.4054
-0.5336 -0.4490 0.3810
-0.5241 -1.1173 0.3599
-0.5298 -1.8170 0.3433
-0.5508 -2.5504 0.3319
-0.5844 -3.3190 0.3261
-0.6254 -4.1228 0.3260
-0.6688 -5.0443 0.3317
-0.6930 -6.0027 0.3403
-0.6819 -6.9954 0.3476
-0.6239 -8.0256 0.3489
-0.5296 -8.9628 0.3409
-0.3957 -9.9653 0.3217
-0.2277 -11.0594 0.2897
-0.0332 -12.2577 0.2439
0.1405 -13.3274 0.1959
0.3193 -14.4691 0.1397
0.4974 -15.6599 0.0764
0.6710 -16.8581 0.0076
0.8552 -18.1308 -0.0739
1.0240 -19.2269 -0.1581
1.1728 -20.0194 -0.2425
1.2963 -20.3644 -0.3248
1.3953 -20.0766 -0.4075
1.4542 -19.0162 -0.4818
1.4670 -17.1537 -0.5451
1.4299 -14.5199 -0.5941
1.3485 -11.4712 -0.6241
1.2212 -8.0367 -0.6373
1.0512 -4.3950 -0.6324
0.8465 -0.7162 -0.6088
0.5741 3.4956 -0.5575
0.2929 7.3994 -0.4839
0.0261 10.9223 -0.3931
-0.2057 14.0461 -0.2923
-0.3301 15.8705 -0.2253
-0.4327 17.5470 -0.1593
-0.5139 19.0862 -0.0958
-0.5752 20.4971 -0.0361
-0.6188 21.7877 0.0186
-0.6474 22.9686 0.0680
-0.6640 24.0497 0.1116
-0.6712 25.0402 0.1496
-0.6713 25.9006 0.1803
-0.6673 26.6985 0.2064
-0.6615 27.4429 0.2283
-0.6553 28.1427 0.2466
-0.6488 29.0130 0.2661
-0.6463 29.8353 0.2815
-0.6503 30.6195 0.2940
-0.6627 31.3738 0.3050
-0.6844 32.0870 0.3155
-0.7183 32.7668 0.3269
-0.7667 33.3988 0.3402
-0.8306 33.9660 0.3565
-0.9094 34.4401 0.3768
-1.0044 34.7892 0.4019
-1.1142 34.9726 0.4325
-1.2350 34.9496 0.4689
-1.4021 34.5321 0.5252
-1.5613 33.6103 0.5890
-1.6930 32.1759 0.6564
-1.7793 30.2858 0.7219
-1.8067 28.4784 0.7698
-1.7936 26.5638 0.8090
-1.7421 24.6468 0.8372
-1.6571 22.8172 0.8527
-1.5467 21.1394 0.8545
-1.4188 19.6388 0.8434
-1.2808 18.3221 0.8204
-1.1413 17.1786 0.7873
-0.9864 16.0434 0.7392
-0.8447 15.0807 0.6840
-0.7225 14.2607 0.6249
-0.6245 13.5700 0.5657
-0.5563 13.0246 0.5125
-0.5152 12.5720 0.4644
-0.5032 12.1984 0.4233
-0.5209 11.8945 0.3913
-0.5627 11.6666 0.3716
-0.6275 11.4623 0.3615
-0.7125 11.2612 0.3613
-0.8136 11.0439 0.3711
-0.9323 10.7721 0.3920
-1.0534 10.4432 0.4220
-1.1682 10.0513 0.4592
-1.2667 9.6012 0.5007
-1.3364 9.1468 0.5400
-1.3825 8.6735 0.5777
-1.4034 8.1980 0.6117
-1.3995 7.7391 0.6400
-1.3729 7.3102 0.6608
-1.3265 6.9092 0.6737
-1.2634 6.5321 0.6784
-1.1878 6.1723 0.6748
-1.0994 5.8047 0.6628
-1.0050 5.4325 0.6431
-0.9079 5.0460 0.6169
-0.8106 4.6387 0.5853
-0.7067 4.1680 0.5464
-0.6079 3.6661 0.5040
-0.5164 3.1342 0.4595
-0.4341 2.5789 0.4145
-0.3625 2.0083 0.3705
-0.3036 1.4267 0.3284
-0.2585 0.8389 0.2893
-0.2278 0.2503 0.2543
-0.2111 -0.3473 0.2239
-0.2076 -0.9479 0.1990
-0.2140 -1.5582 0.1799
-0.2265 -2.1859 0.1662
-0.2395 -2.8217 0.1574
-0.2468 -3.4933 0.1517
-0.2430 -4.2081 0.1475
-0.2239 -4.9703 0.1429
-0.1981 -5.5683 0.1381
-0.1619 -6.1938 0.1312
-0.1155 -6.8460 0.1219
-0.0600 -7.5230 0.1095
0.0037 -8.2224 0.0937
0.0732 -8.9403 0.0747
0.1464 -9.6713 0.0523
0.2215 -10.4080 0.0271
0.3168 -11.3394 -0.0087
0.4078 -12.2411 -0.0475
0.4912 -13.0861 -0.0880
0.5638 -13.8414 -0.1289
0.6165 -14.4060 -0.1640
0.6571 -14.8585 -0.1972
0.6841 -15.1871 -0.2277
0.6963 -15.3834 -0.2545
0.6923 -15.4466 -0.2771
0.6702 -15.3895 -0.2940
0.6293 -15.2381 -0.3046
0.5701 -15.0260 -0.3082
0.4895 -14.7838 -0.3036
0.3933 -14.5845 -0.2905
0.2874 -14.4874 -0.2692
0.1805 -14.5448 -0.2408
0.1071 -14.7160 -0.2159
0.0440 -15.0099 -0.1891
-0.0049 -15.4313 -0.1618
-0.0346 -15.9795 -0.1354
-0.0413 -16.6485 -0.1116
-0.0244 -17.4291 -0.0918
0.0166 -18.3098 -0.0774
0.0811 -19.2765 -0.0696
0.1750 -20.3993 -0.0695
0.2904 -21.5885 -0.0786
0.4229 -22.8217 -0.0971
0.5687 -24.0704 -0.1248
0.7182 -25.2575 -0.1600
0.8717 -26.3783 -0.2025
1.0258 -27.3742 -0.2514
1.1768 -28.1681 -0.3057
1.3363 -28.7014 -0.3703
1.4835 -28.7471 -0.4380
1.6142 -28.1810 -0.5071
1.7238 -26.8835 -0.5755
1.8158 -24.4669 -0.6480
1.8698 -21.0240 -0.7142
1.8807 -16.6342 -0.7712
1.8453 -11.4481 -0.8160
1.7530 -5.2047 -0.8477
1.6054 1.3545 -0.8594
1.4074 7.9481 -0.8495
1.1692 14.3666 -0.8174
0.8339 22.0193 -0.7468
0.4857 29.2932 -0.6476
0.1480 36.3335 -0.5268
-0.1651 43.2992 -0.3921
-0.3478 47.7222 -0.3033
-0.5192 52.1495 -0.2135
-0.6807 56.5443 -0.1236
-0.8346 60.8306 -0.0346
-0.9832 64.9017 0.0531
-1.1284 68.6290 0.1393
-1.2715 71.8617 0.2241
-1.4129 74.4303 0.3076
-1.5664 76.2934 0.3982
-1.7156 76.9299 0.4872
-1.8580 76.1953 0.5742
-1.9911 74.0468 0.6589
-2.1375 69.5770 0.7593
-2.2610 63.4364 0.8535
-2.3605 56.1659 0.9395
-2.4358 48.4855 1.0168
-2.4846 41.8701 1.0783
-2.5197 35.8148 1.1319
-2.5439 30.5385 1.1781
-2.5591 26.1461 1.2172
-2.5656 23.2259 1.2439
-2.5656 20.8342 1.2665
-2.5579 18.9181 1.2852
-2.5415 17.4046 1.2998
-2.5151 16.2156 1.3099
-2.4766 15.2962 1.3154
-2.4250 14.5920 1.3162
-2.3602 14.0458 1.3117
-2.2794 13.5955 1.3011
-2.1855 13.2300 1.2842
-2.0800 12.9187 1.2611
-1.9649 12.6357 1.2318
-1.8066 12.2832 1.1855
-1.6417 11.9218 1.1304
-1.4757 11.5355 1.0680
-1.3138 11.1176 1.0000
-1.1469 10.6260 0.9220
-0.9941 10.0984 0.8421
-0.8594 9.5421 0.7624
-0.7464 8.9719 0.6857
-0.6572 8.4032 0.6146
-0.5928 7.8422 0.5504
-0.5537 7.2955 0.4942
-0.5386 6.7698 0.4477
-0.5441 6.3043 0.4141
-0.5657 5.8503 0.3893
-0.6003 5.4006 0.3731
-0.6436 4.9472 0.3649
-0.6967 4.4270 0.3640
-0.7496 3.8829 0.3701
-0.7974 3.3102 0.3813
-0.8367 2.7113 0.3955
-0.8647 2.1010 0.4102
-0.8807 1.4745 0.4242
-0.8844 0.8358 0.4363
-0.8765 0.1916 0.4454
-0.8592 -0.4151 0.4502
-0.8332 -1.0285 0.4514
-0.7994 -1.6537 0.4488
-0.7587 -2.2963 0.4424
-0.7073 -3.0257 0.4309
-0.6497 -3.7967 0.4151
-0.5866 -4.6209 0.3954
-0.5194 -5.5097 0.3720
-0.4211 -6.8692 0.3343
-0.3195 -8.4013 0.2914
-0.2168 -10.1295 0.2445
-0.1140 -12.0677 0.1949
-0.0188 -14.0391 0.1479
0.0803 -16.2066 0.0994
0.1882 -18.5709 0.0486
0.3108 -21.1134 -0.0055
0.4239 -23.2613 -0.0526
0.5520 -25.4623 -0.1040
0.6949 -27.6429 -0.1607
0.8496 -29.6935 -0.2230
0.9950 -31.3078 -0.2843
1.1407 -32.5293 -0.3494
1.2807 -33.1771 -0.4173
1.4079 -33.0579 -0.4861
1.5446 -31.3707 -0.5748
1.6287 -27.7950 -0.6551
1.6465 -22.4172 -0.7210
1.5898 -15.5033 -0.7651
1.4754 -8.5771 -0.7807
1.3025 -1.3903 -0.7723
1.0776 5.7222 -0.7384
0.8126 12.5314 -0.6793
0.4822 19.7896 -0.5839
0.1423 26.6772 -0.4640
-0.1881 33.3130 -0.3263
-0.4951 39.7179 -0.1786
-0.6656 43.4369 -0.0881
-0.8240 46.9743 0.0021
-0.9701 50.2444 0.0908
-1.1047 53.1351 0.1771
-1.1959 54.9262 0.2379
-1.2816 56.4072 0.2968
-1.3618 57.5371 0.3538
-1.4365 58.2812 0.4087
