1000.000000 -0.159791
2000.000000 -0.878723
3000.000000 -0.049802
4000.000000 -0.292660
5000.000000 -0.373115
6000.000000 -0.107895
7000.000000 -1.248544
8000.000000 -1.278349
9000.000000 -0.893593
10000.000000 -0.549601
11000.000000 -0.489932
12000.000000 -2.275970
13000.000000 -4.438209
14000.000000 -4.540690
15000.000000 -5.016170
16000.000000 -6.454620
17000.000000 -8.395051
18000.000000 -9.368982
19000.000000 -9.449813
20000.000000 -9.499337
21000.000000 -9.341776
22000.000000 -9.203746
23000.000000 -9.121184
24000.000000 -9.734680
25000.000000 -9.823464
26000.000000 -9.634090
27000.000000 -9.536982
28000.000000 -9.144017
29000.000000 -8.733468
30000.000000 -8.950818
31000.000000 -8.956900
32000.000000 -8.704199
33000.000000 -8.732167
34000.000000 -8.803869
35000.000000 -7.639380
36000.000000 -8.143331
37000.000000 -7.528143
38000.000000 -6.545595
39000.000000 -7.240634
40000.000000 -8.135463
41000.000000 -7.986027
42000.000000 -8.509271
43000.000000 -7.288007
44000.000000 -8.092552
45000.000000 -7.529618
46000.000000 -6.142460
47000.000000 -6.274396
48000.000000 -7.400030
49000.000000 -7.695215
50000.000000 -7.211773
51000.000000 -7.175536
52000.000000 -6.009410
53000.000000 -5.533885
54000.000000 -6.510290
55000.000000 -6.770499
56000.000000 -7.195807
57000.000000 -6.266600
58000.000000 -5.938354
59000.000000 -5.331759
60000.000000 -6.332405
61000.000000 -7.238329
62000.000000 -8.013440
63000.000000 -9.335180
64000.000000 -7.918935
65000.000000 -8.724867
66000.000000 -9.259842
67000.000000 -9.181190
68000.000000 -8.467606
69000.000000 -8.537851
70000.000000 -7.297014
71000.000000 -6.132586
72000.000000 -7.306222
73000.000000 -7.296930
74000.000000 -5.467014
75000.000000 -5.745660
76000.000000 -7.258696
77000.000000 -6.179293
78000.000000 -6.127549
79000.000000 -5.859763
80000.000000 -5.342348
81000.000000 -5.015802
82000.000000 -3.942546
83000.000000 -3.209123
84000.000000 -4.017763
85000.000000 -4.133505
86000.000000 -5.208755
87000.000000 -6.353239
88000.000000 -6.258771
89000.000000 -5.923923
90000.000000 -5.506623
91000.000000 -6.067744
92000.000000 -5.377040
93000.000000 -5.126805
94000.000000 -4.802631
95000.000000 -4.458019
96000.000000 -4.653475
97000.000000 -4.817623
98000.000000 -4.898190
99000.000000 -4.944544
100000.000000 -4.466556
101000.000000 -4.304366
102000.000000 -4.841518
103000.000000 -5.892984
104000.000000 -5.808887
105000.000000 -5.159698
106000.000000 -4.612153
107000.000000 -4.614309
108000.000000 -6.351895
109000.000000 -6.905729
110000.000000 -5.155983
111000.000000 -5.000230
112000.000000 -4.862826
113000.000000 -4.040015
114000.000000 -2.909703
115000.000000 -2.340246
116000.000000 -1.806254
117000.000000 -1.124177
118000.000000 0.264628
119000.000000 0.304891
120000.000000 0.754503
121000.000000 1.431129
122000.000000 1.580617
123000.000000 1.979516
124000.000000 2.083676
125000.000000 1.524636
126000.000000 0.917881
127000.000000 2.083341
128000.000000 3.360151
129000.000000 3.999374
130000.000000 2.900321
131000.000000 0.516619
132000.000000 -1.756183
133000.000000 -3.577943
134000.000000 -4.758106
135000.000000 -6.991365
136000.000000 -7.734815
137000.000000 -8.229578
138000.000000 -8.182424
139000.000000 -8.985603
140000.000000 -8.748076
141000.000000 -8.901599
142000.000000 -8.491492
143000.000000 -8.332521
144000.000000 -8.411257
145000.000000 -8.230041
146000.000000 -8.380403
147000.000000 -8.177186
148000.000000 -7.926201
149000.000000 -8.120295
150000.000000 -7.009196
151000.000000 -7.531256
152000.000000 -7.697252
153000.000000 -7.863184
154000.000000 -8.302023
155000.000000 -8.917603
156000.000000 -9.085610
157000.000000 -8.970457
158000.000000 -8.822948
159000.000000 -7.130179
160000.000000 -7.484370
161000.000000 -8.302704
162000.000000 -6.820369
163000.000000 -7.465195
164000.000000 -8.554697
165000.000000 -8.556779
166000.000000 -8.325376
167000.000000 -7.929813
168000.000000 -6.967824
169000.000000 -7.082225
170000.000000 -7.623593
171000.000000 -8.119049
172000.000000 -6.374898
173000.000000 -7.753596
174000.000000 -8.215251
175000.000000 -7.819561
176000.000000 -8.792088
177000.000000 -7.024029
178000.000000 -6.517281
179000.000000 -7.766985
180000.000000 -8.145414
181000.000000 -8.589413
182000.000000 -8.767624
183000.000000 -8.807143
184000.000000 -8.759580
185000.000000 -8.364270
186000.000000 -7.931565
187000.000000 -6.355485
188000.000000 -4.825885
189000.000000 -6.254570
190000.000000 -6.896180
191000.000000 -7.310014
192000.000000 -5.558583
193000.000000 -6.314120
194000.000000 -6.624731
195000.000000 -5.548078
196000.000000 -4.826236
197000.000000 -3.935761
198000.000000 -2.775277
199000.000000 -2.201992
200000.000000 -2.312171
201000.000000 -2.112074
202000.000000 -3.253839
203000.000000 -4.341220
204000.000000 -4.501576
205000.000000 -3.533673
206000.000000 -3.187286
207000.000000 -3.077835
208000.000000 -2.428615
209000.000000 -1.884300
210000.000000 -1.381941
211000.000000 -1.905126
212000.000000 -2.321804
213000.000000 -2.121776
214000.000000 -2.157364
215000.000000 -1.511586
216000.000000 -2.639544
217000.000000 -3.727375
218000.000000 -5.091092
219000.000000 -5.248705
220000.000000 -6.156507
221000.000000 -7.118563
222000.000000 -7.806283
223000.000000 -8.304338
224000.000000 -8.469015
225000.000000 -7.749605
226000.000000 -5.862040
227000.000000 -6.511221
228000.000000 -7.852649
229000.000000 -7.563430
230000.000000 -6.605617
231000.000000 -7.301209
232000.000000 -6.117033
233000.000000 -5.903632
234000.000000 -4.843373
235000.000000 -3.959832
236000.000000 -3.014892
237000.000000 -2.513421
238000.000000 -2.506772
239000.000000 -1.935029
240000.000000 -1.416161
241000.000000 -0.090321
242000.000000 1.931530
243000.000000 1.241927
244000.000000 -0.626671
245000.000000 -3.210063
246000.000000 -5.001888
247000.000000 -6.801806
248000.000000 -5.924829
249000.000000 -6.347116
250000.000000 -7.433008
251000.000000 -7.498811
252000.000000 -8.245297
253000.000000 -8.147346
254000.000000 -7.624781
255000.000000 -7.812524
256000.000000 -7.957351
257000.000000 -7.368884
258000.000000 -6.816642
259000.000000 -7.449484
260000.000000 -7.723273
261000.000000 -7.365892
262000.000000 -7.832606
263000.000000 -7.097204
264000.000000 -6.744602
265000.000000 -7.223411
266000.000000 -7.879795
267000.000000 -8.118724
268000.000000 -8.568518
269000.000000 -8.702447
270000.000000 -8.843852
271000.000000 -9.082181
272000.000000 -9.313916
273000.000000 -9.169020
274000.000000 -9.030483
275000.000000 -8.847876
276000.000000 -8.330458
277000.000000 -8.818526
278000.000000 -8.141777
279000.000000 -8.343377
280000.000000 -7.034117
281000.000000 -7.028320
282000.000000 -6.869922
283000.000000 -6.190877
284000.000000 -5.842567
285000.000000 -5.804324
286000.000000 -5.346206
287000.000000 -5.293182
288000.000000 -4.825348
289000.000000 -5.030729
290000.000000 -4.270240
291000.000000 -5.125118
292000.000000 -6.108707
293000.000000 -6.789170
294000.000000 -7.258947
295000.000000 -7.580606
296000.000000 -5.964172
297000.000000 -7.069333
298000.000000 -7.515838
299000.000000 -6.677161
300000.000000 -5.829124
301000.000000 -6.689301
302000.000000 -6.784864
303000.000000 -5.932476
304000.000000 -5.281358
305000.000000 -4.686105
306000.000000 -5.132921
307000.000000 -6.797367
308000.000000 -6.196233
309000.000000 -5.737839
310000.000000 -5.781843
311000.000000 -5.413247
312000.000000 -4.892655
313000.000000 -4.157123
314000.000000 -3.454881
315000.000000 -3.169549
316000.000000 -2.161834
317000.000000 -3.237843
318000.000000 -3.897838
319000.000000 -4.612733
320000.000000 -4.045896
321000.000000 -2.864835
322000.000000 -2.073184
323000.000000 -1.243313
324000.000000 -0.472351
325000.000000 -0.245463
326000.000000 0.692951
327000.000000 0.455145
328000.000000 0.860006
329000.000000 0.702514
330000.000000 0.720715
331000.000000 0.133341
332000.000000 1.288501
333000.000000 3.115966
334000.000000 3.166339
335000.000000 1.346544
336000.000000 -1.240079
337000.000000 -2.789028
338000.000000 -4.105092
339000.000000 -5.750616
340000.000000 -6.936447
341000.000000 -8.831933
342000.000000 -9.288783
343000.000000 -8.931015
344000.000000 -8.793372
345000.000000 -8.683130
346000.000000 -8.505870
347000.000000 -8.192471
348000.000000 -8.364965
349000.000000 -7.487288
350000.000000 -7.474010
351000.000000 -7.803762
352000.000000 -7.842030
353000.000000 -7.600711
354000.000000 -7.913847
355000.000000 -8.814029
356000.000000 -8.730670
357000.000000 -8.710627
358000.000000 -8.889686
359000.000000 -8.504305
360000.000000 -8.164438
361000.000000 -8.211680
362000.000000 -7.707736
363000.000000 -6.921767
364000.000000 -7.447088
365000.000000 -7.810642
366000.000000 -7.484931
367000.000000 -7.518014
368000.000000 -7.289042
369000.000000 -7.804139
370000.000000 -7.054556
371000.000000 -6.439634
372000.000000 -6.237221
373000.000000 -5.506413
374000.000000 -6.799993
375000.000000 -7.732088
376000.000000 -7.231276
377000.000000 -6.567031
378000.000000 -6.517137
379000.000000 -5.955961
380000.000000 -5.186772
381000.000000 -4.900193
382000.000000 -4.442529
383000.000000 -5.418943
384000.000000 -5.813405
385000.000000 -4.912452
386000.000000 -4.378121
387000.000000 -3.763273
388000.000000 -5.374466
389000.000000 -6.318138
390000.000000 -5.860281
391000.000000 -4.819546
392000.000000 -4.484646
393000.000000 -3.501174
394000.000000 -2.507119
395000.000000 -1.775205
396000.000000 -1.290318
397000.000000 -0.503285
398000.000000 -0.314340
399000.000000 0.230760
400000.000000 0.705920
401000.000000 1.284368
402000.000000 1.676435
403000.000000 2.207227
404000.000000 2.048758
405000.000000 1.954639
406000.000000 2.368960
407000.000000 2.655485
408000.000000 2.202638
409000.000000 1.978004
410000.000000 1.672664
411000.000000 1.534096
412000.000000 0.629760
413000.000000 0.359495
414000.000000 0.347193
415000.000000 0.329549
416000.000000 0.337057
417000.000000 0.546893
418000.000000 0.247870
419000.000000 -0.297850
420000.000000 -0.374807
421000.000000 -0.880780
422000.000000 -1.681071
423000.000000 -2.025147
424000.000000 -1.790536
425000.000000 -0.489000
426000.000000 -2.168026
427000.000000 -3.049964
428000.000000 -4.912185
429000.000000 -6.295783
430000.000000 -7.263000
431000.000000 -8.150689
432000.000000 -8.185857
433000.000000 -8.268617
434000.000000 -8.387510
435000.000000 -8.315250
436000.000000 -8.655503
437000.000000 -9.439655
438000.000000 -9.289124
439000.000000 -9.080746
440000.000000 -9.080544
441000.000000 -8.950051
442000.000000 -8.403653
443000.000000 -7.995587
444000.000000 -7.486230
445000.000000 -7.461180
446000.000000 -7.630169
447000.000000 -6.465279
448000.000000 -6.676355
449000.000000 -7.411251
450000.000000 -7.451463
451000.000000 -7.555786
452000.000000 -7.079069
453000.000000 -7.515291
454000.000000 -6.536900
455000.000000 -7.054959
456000.000000 -7.990388
457000.000000 -8.839850
458000.000000 -8.769569
459000.000000 -8.752992
460000.000000 -8.392028
461000.000000 -8.177365
462000.000000 -7.287586
463000.000000 -7.559865
464000.000000 -7.891922
465000.000000 -8.432616
466000.000000 -8.353407
467000.000000 -8.109536
468000.000000 -8.317551
469000.000000 -6.772662
470000.000000 -6.850838
471000.000000 -5.205277
472000.000000 -4.305420
473000.000000 -5.625813
474000.000000 -6.904442
475000.000000 -6.097446
476000.000000 -4.803280
477000.000000 -4.116658
478000.000000 -5.171914
479000.000000 -5.764626
480000.000000 -4.985604
481000.000000 -4.822431
482000.000000 -4.298824
483000.000000 -3.973517
484000.000000 -3.569697
485000.000000 -3.462565
486000.000000 -3.317890
487000.000000 -2.722781
488000.000000 -2.337405
489000.000000 -2.198536
490000.000000 -2.339074
491000.000000 -2.985047
492000.000000 -3.329158
493000.000000 -3.391170
494000.000000 -3.776295
495000.000000 -3.788675
496000.000000 -3.677925
497000.000000 -3.822156
498000.000000 -3.885516
499000.000000 -3.800218
500000.000000 -4.266017
501000.000000 -4.434218
502000.000000 -4.447552
503000.000000 -4.400288
504000.000000 -4.240180
505000.000000 -4.835732
506000.000000 -5.096333
507000.000000 -4.623467
508000.000000 -4.933718
509000.000000 -5.899304
510000.000000 -5.658802
511000.000000 -5.782677
512000.000000 -5.686153
513000.000000 -5.545184
514000.000000 -4.938894
515000.000000 -4.814729
516000.000000 -4.190795
517000.000000 -4.050845
518000.000000 -3.663013
519000.000000 -3.386470
520000.000000 -3.548216
521000.000000 -3.480680
522000.000000 -3.542419
523000.000000 -4.659450
524000.000000 -4.376536
525000.000000 -4.576337
526000.000000 -4.877627
527000.000000 -4.684369
528000.000000 -4.368023
529000.000000 -4.532043
530000.000000 -5.607163
531000.000000 -6.969949
532000.000000 -7.393662
533000.000000 -7.598993
534000.000000 -7.313820
535000.000000 -6.828750
536000.000000 -6.837431
537000.000000 -6.738265
538000.000000 -7.107735
539000.000000 -7.690908
540000.000000 -7.489227
541000.000000 -7.473607
542000.000000 -7.207691
543000.000000 -7.234922
544000.000000 -7.574705
545000.000000 -8.122217
546000.000000 -8.112420
547000.000000 -7.434885
548000.000000 -6.993279
549000.000000 -7.053301
550000.000000 -5.885411
551000.000000 -5.931845
552000.000000 -6.687603
553000.000000 -6.076636
554000.000000 -4.933648
555000.000000 -3.884787
556000.000000 -3.844479
557000.000000 -4.777426
558000.000000 -5.582349
559000.000000 -6.674963
560000.000000 -5.650735
561000.000000 -4.849194
562000.000000 -4.110025
563000.000000 -3.336370
564000.000000 -2.621704
565000.000000 -2.243842
566000.000000 -1.825287
567000.000000 -1.615979
568000.000000 -1.586882
569000.000000 -1.479708
570000.000000 -1.528552
571000.000000 -1.444664
572000.000000 -1.661089
573000.000000 -1.609941
574000.000000 -1.422667
575000.000000 -1.191388
576000.000000 -1.648235
577000.000000 -1.983915
578000.000000 -1.760853
579000.000000 -1.046334
580000.000000 -1.572301
581000.000000 -3.252267
582000.000000 -4.564411
583000.000000 -6.344166
584000.000000 -6.654068
585000.000000 -5.850981
586000.000000 -5.825990
587000.000000 -6.639049
588000.000000 -5.517878
589000.000000 -4.381239
590000.000000 -3.496645
591000.000000 -5.289192
592000.000000 -5.590804
593000.000000 -5.090332
594000.000000 -4.450421
595000.000000 -4.076296
596000.000000 -5.481808
597000.000000 -6.590288
598000.000000 -6.257950
599000.000000 -5.449535
600000.000000 -5.091227
601000.000000 -4.850654
602000.000000 -4.262881
603000.000000 -4.208905
604000.000000 -3.993983
605000.000000 -3.516315
606000.000000 -3.284876
607000.000000 -2.764151
608000.000000 -2.054071
609000.000000 -1.538891
610000.000000 -1.152828
611000.000000 -1.427944
612000.000000 -1.414064
613000.000000 -1.193237
614000.000000 -1.158906
615000.000000 -1.088507
616000.000000 -1.382958
617000.000000 -2.011142
618000.000000 -1.972853
619000.000000 -2.282999
620000.000000 -2.134582
621000.000000 -2.061451
622000.000000 -2.564120
623000.000000 -2.757713
624000.000000 -2.677112
625000.000000 -2.392935
626000.000000 -3.072022
627000.000000 -4.688120
628000.000000 -6.269978
629000.000000 -7.871318
630000.000000 -8.581231
631000.000000 -8.785084
632000.000000 -8.757475
633000.000000 -8.331676
634000.000000 -8.510816
635000.000000 -8.979405
636000.000000 -8.886504
637000.000000 -8.482643
638000.000000 -8.488524
639000.000000 -8.737174
640000.000000 -8.847998
641000.000000 -8.883557
642000.000000 -8.535758
643000.000000 -8.019560
644000.000000 -7.727914
645000.000000 -7.678951
646000.000000 -7.698808
647000.000000 -7.801731
648000.000000 -7.644745
649000.000000 -7.189514
650000.000000 -7.257351
651000.000000 -7.396723
652000.000000 -7.435794
653000.000000 -7.845403
654000.000000 -7.827811
655000.000000 -7.304326
656000.000000 -6.720077
657000.000000 -7.065080
658000.000000 -7.478743
659000.000000 -8.201689
660000.000000 -8.128692
661000.000000 -8.573599
662000.000000 -8.209423
663000.000000 -7.887533
664000.000000 -8.167635
665000.000000 -8.878727
666000.000000 -9.047992
667000.000000 -9.000288
668000.000000 -8.924912
669000.000000 -8.403486
670000.000000 -7.276369
671000.000000 -7.578490
672000.000000 -8.209448
673000.000000 -7.936579
674000.000000 -7.527242
675000.000000 -6.802411
676000.000000 -5.948855
677000.000000 -6.863875
678000.000000 -6.322108
679000.000000 -4.939331
680000.000000 -6.305008
681000.000000 -7.197600
682000.000000 -6.040480
683000.000000 -5.294925
684000.000000 -5.306756
685000.000000 -4.704794
686000.000000 -4.486487
687000.000000 -3.909874
688000.000000 -3.448950
689000.000000 -3.538194
690000.000000 -3.125629
691000.000000 -2.665247
692000.000000 -2.616436
693000.000000 -1.884221
694000.000000 -1.846875
695000.000000 -1.946803
696000.000000 -1.846911
697000.000000 -1.874133
698000.000000 -1.883895
699000.000000 -2.258473
700000.000000 -2.585431
701000.000000 -2.191529
702000.000000 -2.083911
703000.000000 -2.419480
704000.000000 -2.793434
705000.000000 -3.202242
706000.000000 -3.588063
707000.000000 -3.690035
708000.000000 -3.532888
709000.000000 -3.895124
710000.000000 -3.984490
711000.000000 -4.017315
712000.000000 -4.175099
713000.000000 -4.126525
714000.000000 -3.979653
715000.000000 -4.547109
716000.000000 -5.286008
717000.000000 -5.725795
718000.000000 -6.353572
719000.000000 -6.818118
720000.000000 -7.184933
721000.000000 -8.184175
722000.000000 -8.663501
723000.000000 -7.801072
724000.000000 -6.182072
725000.000000 -5.172207
726000.000000 -5.396744
727000.000000 -6.046180
728000.000000 -5.999717
729000.000000 -5.767539
730000.000000 -5.365684
731000.000000 -5.260782
732000.000000 -4.785772
733000.000000 -3.938784
734000.000000 -3.928906
735000.000000 -4.073474
736000.000000 -3.849310
737000.000000 -4.459433
738000.000000 -5.017248
739000.000000 -5.920023
740000.000000 -7.553244
741000.000000 -8.235961
742000.000000 -8.423499
743000.000000 -8.770852
744000.000000 -8.829047
745000.000000 -8.497144
746000.000000 -8.554781
747000.000000 -8.611093
748000.000000 -8.666068
749000.000000 -8.497686
750000.000000 -8.401358
751000.000000 -8.583901
752000.000000 -8.441572
753000.000000 -8.265408
754000.000000 -7.882768
755000.000000 -7.492695
756000.000000 -6.384329
757000.000000 -5.253077
758000.000000 -5.526039
759000.000000 -6.240112
760000.000000 -7.134108
761000.000000 -7.259628
762000.000000 -6.296150
763000.000000 -5.230418
764000.000000 -4.727803
765000.000000 -5.096901
766000.000000 -5.955821
767000.000000 -6.313529
768000.000000 -5.605779
769000.000000 -4.612934
770000.000000 -3.835989
771000.000000 -3.880259
772000.000000 -4.349566
773000.000000 -4.283411
774000.000000 -3.798981
775000.000000 -3.262249
776000.000000 -2.746881
777000.000000 -2.701430
778000.000000 -2.449772
779000.000000 -2.165263
780000.000000 -2.156974
781000.000000 -2.355271
782000.000000 -1.982023
783000.000000 -1.928963
784000.000000 -1.676871
785000.000000 -1.132710
786000.000000 -1.018662
787000.000000 -0.571329
788000.000000 -1.834671
789000.000000 -2.618273
790000.000000 -3.435492
791000.000000 -4.360690
792000.000000 -5.368691
793000.000000 -5.895440
794000.000000 -6.628658
795000.000000 -7.664063
796000.000000 -8.411013
797000.000000 -8.665571
798000.000000 -8.613941
799000.000000 -8.695269
800000.000000 -8.939411
