Untuned age model for the LR04  stack

    age in kyr,    benthic d18O
  0.0000000e+000  2.5880349e+000
  9.7121784e-001  2.5878482e+000
  1.9424357e+000  2.5390140e+000
  2.9136535e+000  2.6464692e+000
  3.8848714e+000  2.6554928e+000
  4.8560892e+000  2.6244639e+000
  5.8273071e+000  2.6931652e+000
  6.7985249e+000  2.7270896e+000
  7.7697427e+000  2.7795417e+000
  8.7409606e+000  2.7446046e+000
  9.7121784e+000  2.8833603e+000
  1.0683396e+001  2.9633799e+000
  1.1654614e+001  3.2837401e+000
  1.2625832e+001  3.4153808e+000
  1.3597050e+001  3.6406785e+000
  1.4568268e+001  3.8546740e+000
  1.5539485e+001  4.1107883e+000
  1.6510703e+001  4.2412884e+000
  1.7481921e+001  4.3840084e+000
  1.8453139e+001  4.3162915e+000
  1.9424357e+001  4.3519030e+000
  2.0395575e+001  4.2745618e+000
  2.1366793e+001  4.2427660e+000
  2.2338010e+001  4.2188092e+000
  2.3309228e+001  4.1710937e+000
  2.4280446e+001  4.1786982e+000
  2.5251664e+001  4.0334376e+000
  2.6285839e+001  4.1088788e+000
  2.7320015e+001  4.1132745e+000
  2.8354190e+001  4.0913400e+000
  2.9388365e+001  3.9771217e+000
  3.0422541e+001  3.9837914e+000
  3.1456716e+001  3.9586361e+000
  3.2490891e+001  3.9389763e+000
  3.3525067e+001  3.9460736e+000
  3.4559242e+001  3.8988101e+000
  3.5593417e+001  3.8142930e+000
  3.6627593e+001  3.8161814e+000
  3.7661768e+001  3.7737804e+000
  3.8695943e+001  3.9145726e+000
  3.9730119e+001  3.9082584e+000
  4.0764294e+001  3.8744482e+000
  4.1798469e+001  3.8635085e+000
  4.2832645e+001  3.8229405e+000
  4.3866820e+001  3.8382246e+000
  4.4900995e+001  3.6886110e+000
  4.5935171e+001  3.7230788e+000
  4.6969346e+001  3.7412215e+000
  4.8003521e+001  3.8051049e+000
  4.9037697e+001  3.8219336e+000
  5.0071872e+001  3.7032545e+000
  5.1106047e+001  3.6935836e+000
  5.2140223e+001  3.6693702e+000
  5.3286460e+001  3.7964835e+000
  5.4432698e+001  3.7355909e+000
  5.5578935e+001  3.6668797e+000
  5.6725173e+001  3.7142805e+000
  5.7871410e+001  3.7873701e+000
  5.9017648e+001  3.8492881e+000
  6.0163885e+001  3.7873070e+000
  6.1310123e+001  3.9586705e+000
  6.2456361e+001  3.8727006e+000
  6.3602598e+001  3.9643935e+000
  6.4748836e+001  3.8912568e+000
  6.5895073e+001  3.7167556e+000
  6.7041311e+001  3.8406144e+000
  6.8187548e+001  3.9265783e+000
  6.9333786e+001  3.7989801e+000
  7.0480023e+001  3.7789193e+000
  7.1626261e+001  3.8279282e+000
  7.2772498e+001  3.6793444e+000
  7.3918736e+001  3.5846439e+000
  7.5064973e+001  3.5745965e+000
  7.6211211e+001  3.5891499e+000
  7.7357449e+001  3.3877266e+000
  7.8503686e+001  3.3126802e+000
  7.9649924e+001  3.4235863e+000
  8.0796161e+001  3.4374792e+000
  8.1942399e+001  3.4147391e+000
  8.2939075e+001  3.4109412e+000
  8.3935752e+001  3.2605117e+000
  8.4932428e+001  3.1836422e+000
  8.5929105e+001  3.1616986e+000
  8.6925781e+001  3.1879002e+000
  8.7922458e+001  3.1830867e+000
  8.8919134e+001  3.3134270e+000
  8.9915811e+001  3.4192054e+000
  9.0912487e+001  3.5401418e+000
  9.1909164e+001  3.4670631e+000
  9.2905840e+001  3.4370617e+000
  9.3902517e+001  3.4205550e+000
  9.4899193e+001  3.3932410e+000
  9.5895870e+001  3.3420767e+000
  9.6892546e+001  3.2644984e+000
  9.7889223e+001  3.2030009e+000
  9.8885899e+001  3.1260464e+000
  9.9882576e+001  3.1122145e+000
  1.0087925e+002  3.1921520e+000
  1.0187593e+002  3.2602584e+000
  1.0287261e+002  3.1408133e+000
  1.0386928e+002  3.1672386e+000
  1.0486596e+002  3.2753926e+000
  1.0586263e+002  3.2155533e+000
  1.0685931e+002  3.2357594e+000
  1.0785599e+002  3.2810528e+000
  1.0888784e+002  3.2092512e+000
  1.0991970e+002  3.3631243e+000
  1.1095155e+002  3.4042716e+000
  1.1198341e+002  3.4716413e+000
  1.1301526e+002  3.4820513e+000
  1.1404712e+002  3.3975392e+000
  1.1507897e+002  3.3848694e+000
  1.1611082e+002  3.3868283e+000
  1.1714268e+002  3.2945566e+000
  1.1817453e+002  3.1729789e+000
  1.1920639e+002  3.0688550e+000
  1.2023824e+002  2.9375333e+000
  1.2127010e+002  2.8988189e+000
  1.2230195e+002  2.8026373e+000
  1.2333381e+002  2.6575719e+000
  1.2436566e+002  2.6334607e+000
  1.2539752e+002  2.6161481e+000
  1.2642937e+002  2.5420249e+000
  1.2746122e+002  2.4608445e+000
  1.2849308e+002  2.6319638e+000
  1.2952493e+002  2.5014164e+000
  1.3055679e+002  2.5168740e+000
  1.3158864e+002  2.7314567e+000
  1.3262050e+002  3.0739611e+000
  1.3365235e+002  3.2634337e+000
  1.3468421e+002  3.0332329e+000
  1.3559848e+002  3.1680059e+000
  1.3651276e+002  3.5640155e+000
  1.3742703e+002  3.7684715e+000
  1.3834131e+002  4.0619630e+000
  1.3925558e+002  4.2189970e+000
  1.4016986e+002  4.1778758e+000
  1.4108414e+002  4.1563974e+000
  1.4199841e+002  4.2515467e+000
  1.4291269e+002  4.2272229e+000
  1.4382696e+002  4.3380155e+000
  1.4474124e+002  4.1729461e+000
  1.4565551e+002  4.1089552e+000
  1.4656979e+002  4.1440003e+000
  1.4748406e+002  4.1837384e+000
  1.4839834e+002  4.1045904e+000
  1.4931262e+002  4.1312026e+000
  1.5022689e+002  4.1755507e+000
  1.5114117e+002  4.0663677e+000
  1.5205544e+002  4.1102140e+000
  1.5296972e+002  4.1068823e+000
  1.5388399e+002  4.0234651e+000
  1.5479827e+002  3.9967354e+000
  1.5571254e+002  3.9833804e+000
  1.5662682e+002  4.0151362e+000
  1.5754110e+002  3.8747977e+000
  1.5845537e+002  4.1392709e+000
  1.5943431e+002  4.1013158e+000
  1.6041324e+002  4.0547428e+000
  1.6139218e+002  4.0207524e+000
  1.6237111e+002  4.0456006e+000
  1.6335005e+002  4.0120214e+000
  1.6432898e+002  4.0180360e+000
  1.6530792e+002  4.0580959e+000
  1.6628686e+002  4.0419466e+000
  1.6726579e+002  4.0385557e+000
  1.6824473e+002  3.8381460e+000
  1.6922366e+002  3.7663030e+000
  1.7020260e+002  3.8423481e+000
  1.7118153e+002  3.8552320e+000
  1.7216047e+002  3.8628871e+000
  1.7313940e+002  3.8931475e+000
  1.7411834e+002  3.8166931e+000
  1.7509728e+002  3.7374064e+000
  1.7607621e+002  3.6393295e+000
  1.7705515e+002  3.6839964e+000
  1.7803408e+002  3.7528540e+000
  1.7901302e+002  3.8238821e+000
  1.7999195e+002  3.7974617e+000
  1.8097089e+002  3.8415259e+000
  1.8194982e+002  3.7509610e+000
  1.8292876e+002  3.8164466e+000
  1.8390769e+002  3.8432408e+000
  1.8484227e+002  3.7271818e+000
  1.8577684e+002  3.7593219e+000
  1.8671142e+002  3.9453159e+000
  1.8764599e+002  3.8337924e+000
  1.8858056e+002  3.7623973e+000
  1.8951514e+002  3.8235497e+000
  1.9044971e+002  3.7491358e+000
  1.9138428e+002  3.6417026e+000
  1.9231886e+002  3.4905545e+000
  1.9325343e+002  3.1247511e+000
  1.9418800e+002  3.2807547e+000
  1.9512258e+002  3.2024846e+000
  1.9605715e+002  3.2653268e+000
  1.9699172e+002  3.1827051e+000
  1.9792630e+002  3.1007658e+000
  1.9886087e+002  3.1825134e+000
  1.9979544e+002  2.9322562e+000
  2.0073002e+002  2.8898049e+000
  2.0166459e+002  2.8893120e+000
  2.0259916e+002  2.9860607e+000
  2.0353374e+002  2.9682669e+000
  2.0446831e+002  3.1429650e+000
  2.0540288e+002  3.1846731e+000
  2.0633746e+002  3.1276857e+000
  2.0727203e+002  3.1449382e+000
  2.0820660e+002  3.0742065e+000
  2.0910231e+002  2.9991848e+000
  2.0999801e+002  2.9348271e+000
  2.1089371e+002  2.9602025e+000
  2.1178941e+002  2.9716651e+000
  2.1268511e+002  3.0132641e+000
  2.1358081e+002  2.9188786e+000
  2.1447652e+002  2.9025441e+000
  2.1537222e+002  2.8903519e+000
  2.1626792e+002  2.8437549e+000
  2.1716362e+002  3.0763485e+000
  2.1805932e+002  3.2981149e+000
  2.1895502e+002  3.3430419e+000
  2.1985073e+002  3.5935328e+000
  2.2074643e+002  3.7365740e+000
  2.2164213e+002  3.8013911e+000
  2.2253783e+002  3.7469031e+000
  2.2343353e+002  3.6445916e+000
  2.2432923e+002  3.6512486e+000
  2.2522494e+002  3.5509009e+000
  2.2612064e+002  3.5470335e+000
  2.2701634e+002  3.3825686e+000
  2.2791204e+002  3.6595442e+000
  2.2880774e+002  3.5773974e+000
  2.2970344e+002  3.5322487e+000
  2.3059915e+002  3.3314588e+000
  2.3149485e+002  3.2006237e+000
  2.3242724e+002  3.0745838e+000
  2.3335963e+002  3.0166485e+000
  2.3429202e+002  2.8278565e+000
  2.3522441e+002  2.8716674e+000
  2.3615681e+002  2.8001575e+000
  2.3708920e+002  2.8026674e+000
  2.3802159e+002  2.9012839e+000
  2.3895398e+002  3.0377711e+000
  2.3988637e+002  3.1375543e+000
  2.4081876e+002  3.4139726e+000
  2.4175116e+002  3.5261411e+000
  2.4268355e+002  3.7385384e+000
  2.4361594e+002  3.6662477e+000
  2.4454833e+002  3.7412649e+000
  2.4548072e+002  3.7193882e+000
  2.4641311e+002  3.8585085e+000
  2.4734551e+002  3.9369440e+000
  2.4827790e+002  3.9855056e+000
  2.4921029e+002  3.8802016e+000
  2.5014268e+002  3.9329995e+000
  2.5107507e+002  3.7260420e+000
  2.5200746e+002  3.7881243e+000
  2.5293986e+002  3.9144787e+000
  2.5387225e+002  3.8689236e+000
  2.5480464e+002  3.8782593e+000
  2.5573703e+002  3.8243592e+000
  2.5670450e+002  3.8757594e+000
  2.5767197e+002  3.8124495e+000
  2.5863944e+002  3.8180724e+000
  2.5960691e+002  3.7787348e+000
  2.6057438e+002  3.8005637e+000
  2.6154185e+002  3.8622150e+000
  2.6250932e+002  3.8630245e+000
  2.6347679e+002  3.6889307e+000
  2.6444426e+002  3.8817366e+000
  2.6541173e+002  3.8719210e+000
  2.6637920e+002  3.8616147e+000
  2.6734667e+002  3.7980636e+000
  2.6831414e+002  3.7956998e+000
  2.6928161e+002  3.7419849e+000
  2.7024909e+002  3.7390694e+000
  2.7121656e+002  3.6625021e+000
  2.7218403e+002  3.8018308e+000
  2.7315150e+002  3.6671893e+000
  2.7411897e+002  3.5933528e+000
  2.7508644e+002  3.5029241e+000
  2.7605391e+002  3.5709778e+000
  2.7702138e+002  3.3419242e+000
  2.7798885e+002  3.2345875e+000
  2.7895632e+002  3.2192371e+000
  2.7992379e+002  3.2014927e+000
  2.8089126e+002  3.1827866e+000
  2.8179607e+002  3.2485983e+000
  2.8270089e+002  3.3796692e+000
  2.8360570e+002  3.4231122e+000
  2.8451052e+002  3.4579398e+000
  2.8541533e+002  3.4724320e+000
  2.8632015e+002  3.6257706e+000
  2.8722496e+002  3.5782999e+000
  2.8812978e+002  3.6919596e+000
  2.8903459e+002  3.6706463e+000
  2.8993941e+002  3.5898307e+000
  2.9084422e+002  3.6572924e+000
  2.9174904e+002  3.5339888e+000
  2.9265385e+002  3.5883305e+000
  2.9355867e+002  3.3783557e+000
  2.9446348e+002  3.4203100e+000
  2.9536830e+002  3.4231699e+000
  2.9627311e+002  3.3575254e+000
  2.9717793e+002  3.4279825e+000
  2.9808274e+002  3.4333684e+000
  2.9898756e+002  3.4104910e+000
  2.9989237e+002  3.3579389e+000
  3.0079719e+002  3.2092764e+000
  3.0170200e+002  3.2225074e+000
  3.0260682e+002  3.1594950e+000
  3.0351163e+002  3.0557394e+000
  3.0441645e+002  3.1468099e+000
  3.0552822e+002  3.0525567e+000
  3.0664000e+002  3.1298144e+000
  3.0775177e+002  2.9774502e+000
  3.0886355e+002  3.0529760e+000
  3.0997533e+002  3.2486250e+000
  3.1108710e+002  3.1176900e+000
  3.1219888e+002  2.9365410e+000
  3.1331065e+002  3.0237668e+000
  3.1442243e+002  2.8882766e+000
  3.1553420e+002  2.8865670e+000
  3.1664598e+002  2.8304498e+000
  3.1775776e+002  2.5737625e+000
  3.1886953e+002  2.6690214e+000
  3.1998131e+002  2.5922155e+000
  3.2109308e+002  2.5799625e+000
  3.2220486e+002  2.5938462e+000
  3.2331663e+002  2.5523419e+000
  3.2442841e+002  2.6569002e+000
  3.2554019e+002  2.6474288e+000
  3.2665196e+002  2.7524945e+000
  3.2776374e+002  2.7416667e+000
  3.2887551e+002  2.8695629e+000
  3.2998729e+002  3.1073968e+000
  3.3109907e+002  3.4395789e+000
  3.3221084e+002  3.5909007e+000
  3.3332262e+002  3.5347501e+000
  3.3430686e+002  3.7791560e+000
  3.3529109e+002  3.9574378e+000
  3.3627533e+002  4.1995861e+000
  3.3725957e+002  4.1865025e+000
  3.3824381e+002  4.1622522e+000
  3.3922805e+002  4.1160004e+000
  3.4021229e+002  4.1516759e+000
  3.4119652e+002  4.0392853e+000
  3.4218076e+002  3.8852961e+000
  3.4316500e+002  3.8453395e+000
  3.4414924e+002  3.9759988e+000
  3.4513348e+002  4.0291452e+000
  3.4611772e+002  4.0029643e+000
  3.4710196e+002  3.8331868e+000
  3.4808619e+002  3.8312751e+000
  3.4907043e+002  3.7574490e+000
  3.5005467e+002  3.9457993e+000
  3.5103891e+002  3.8164849e+000
  3.5202315e+002  3.9095288e+000
  3.5300739e+002  3.9354714e+000
  3.5399163e+002  3.8495526e+000
  3.5497586e+002  3.8954768e+000
  3.5596010e+002  3.8554374e+000
  3.5694434e+002  3.8559817e+000
  3.5792858e+002  3.8876802e+000
  3.5891282e+002  3.7161717e+000
  3.5991239e+002  3.8188932e+000
  3.6091196e+002  3.6829099e+000
  3.6191154e+002  3.7307598e+000
  3.6291111e+002  3.7585724e+000
  3.6391068e+002  3.7388429e+000
  3.6491026e+002  3.7199063e+000
  3.6590983e+002  3.6313110e+000
  3.6690940e+002  3.7834245e+000
  3.6790898e+002  3.6469991e+000
  3.6890855e+002  3.6975628e+000
  3.6990812e+002  3.5558277e+000
  3.7090769e+002  3.5704319e+000
  3.7190727e+002  3.5575537e+000
  3.7290684e+002  3.5452090e+000
  3.7390641e+002  3.5334367e+000
  3.7490599e+002  3.5536003e+000
  3.7590556e+002  3.5115898e+000
  3.7690513e+002  3.4087333e+000
  3.7790470e+002  3.4773615e+000
  3.7890428e+002  3.4432729e+000
  3.7990385e+002  3.4984493e+000
  3.8090342e+002  3.3767291e+000
  3.8190300e+002  3.3494988e+000
  3.8290257e+002  3.2788954e+000
  3.8390214e+002  3.2481344e+000
  3.8490172e+002  3.3215536e+000
  3.8605538e+002  3.3566287e+000
  3.8720905e+002  3.3276554e+000
  3.8836271e+002  3.2168946e+000
  3.8951638e+002  3.2788034e+000
  3.9067004e+002  3.1194802e+000
  3.9182371e+002  3.0750908e+000
  3.9297737e+002  2.8254004e+000
  3.9413104e+002  2.9049904e+000
  3.9528470e+002  2.8396844e+000
  3.9643837e+002  2.6776618e+000
  3.9759203e+002  2.5551438e+000
  3.9874570e+002  2.5284803e+000
  3.9989937e+002  2.5140088e+000
  4.0105303e+002  2.5591286e+000
  4.0220670e+002  2.4738185e+000
  4.0336036e+002  2.5525376e+000
  4.0451403e+002  2.5712281e+000
  4.0566769e+002  2.5290325e+000
  4.0682136e+002  2.5781748e+000
  4.0797502e+002  2.5101492e+000
  4.0912869e+002  2.6461704e+000
  4.1028235e+002  2.6670388e+000
  4.1143602e+002  2.7441777e+000
  4.1258968e+002  2.7748409e+000
  4.1374335e+002  2.7739396e+000
  4.1489701e+002  2.8650315e+000
  4.1596476e+002  2.9322133e+000
  4.1703250e+002  3.1075558e+000
  4.1810024e+002  3.1664325e+000
  4.1916798e+002  3.1309736e+000
  4.2023573e+002  3.2070707e+000
  4.2130347e+002  3.3032118e+000
  4.2237121e+002  3.3814425e+000
  4.2343896e+002  3.2806051e+000
  4.2450670e+002  3.6638628e+000
  4.2557444e+002  3.8635283e+000
  4.2664218e+002  3.6638248e+000
  4.2770993e+002  4.0824127e+000
  4.2877767e+002  4.2745073e+000
  4.2984541e+002  4.3401257e+000
  4.3091315e+002  4.4112569e+000
  4.3198090e+002  4.4112027e+000
  4.3304864e+002  4.4379650e+000
  4.3411638e+002  4.4357544e+000
  4.3518412e+002  4.3793059e+000
  4.3625187e+002  4.4342588e+000
  4.3731961e+002  4.2575655e+000
  4.3838735e+002  4.1528206e+000
  4.3945509e+002  4.2347262e+000
  4.4052284e+002  4.1247625e+000
  4.4159058e+002  4.3088588e+000
  4.4265832e+002  4.3228107e+000
  4.4375244e+002  4.2658582e+000
  4.4484655e+002  4.1841317e+000
  4.4594067e+002  4.2734086e+000
  4.4703479e+002  4.1825429e+000
  4.4812890e+002  3.8657419e+000
  4.4922302e+002  4.1252832e+000
  4.5031713e+002  4.0853578e+000
  4.5141125e+002  4.1092564e+000
  4.5250537e+002  3.9417655e+000
  4.5359948e+002  4.0937262e+000
  4.5469360e+002  3.9193677e+000
  4.5578772e+002  3.9568896e+000
  4.5688183e+002  3.7725640e+000
  4.5797595e+002  3.9825974e+000
  4.5907006e+002  3.9881654e+000
  4.6016418e+002  3.9070189e+000
  4.6125830e+002  3.9859930e+000
  4.6235241e+002  3.9210999e+000
  4.6344653e+002  3.9462330e+000
  4.6454064e+002  3.9716287e+000
  4.6563476e+002  3.9735272e+000
  4.6672888e+002  3.7960691e+000
  4.6782299e+002  3.9323549e+000
  4.6891711e+002  3.8229467e+000
  4.7001122e+002  3.8009022e+000
  4.7110534e+002  3.7363065e+000
  4.7219579e+002  3.8713079e+000
  4.7328624e+002  3.6919051e+000
  4.7437669e+002  3.6090825e+000
  4.7546714e+002  3.6786083e+000
  4.7655759e+002  3.7240521e+000
  4.7764804e+002  3.7479961e+000
  4.7873849e+002  3.7055648e+000
  4.7982894e+002  3.6556971e+000
  4.8091939e+002  3.6291318e+000
  4.8200984e+002  3.5816596e+000
  4.8310029e+002  3.4781734e+000
  4.8419074e+002  3.4800600e+000
  4.8528119e+002  3.5324612e+000
  4.8637164e+002  3.3669563e+000
  4.8746209e+002  3.3336098e+000
  4.8855254e+002  3.1484086e+000
  4.8964299e+002  3.1723786e+000
  4.9073344e+002  3.1173830e+000
  4.9182389e+002  3.0768378e+000
  4.9291434e+002  3.0328117e+000
  4.9400479e+002  2.9620153e+000
  4.9509524e+002  2.8976334e+000
  4.9618570e+002  2.8276929e+000
  4.9727615e+002  2.9940905e+000
  4.9836660e+002  3.0847969e+000
  4.9945705e+002  3.1912644e+000
  5.0043010e+002  3.1902563e+000
  5.0140316e+002  3.1940285e+000
  5.0237622e+002  3.0395062e+000
  5.0334928e+002  3.1754799e+000
  5.0432234e+002  3.1060230e+000
  5.0529540e+002  3.1966765e+000
  5.0626846e+002  3.1447895e+000
  5.0724152e+002  3.1133030e+000
  5.0821458e+002  3.1690835e+000
  5.0918764e+002  3.2662186e+000
  5.1016070e+002  3.2235972e+000
  5.1113376e+002  3.3650877e+000
  5.1210682e+002  3.2903598e+000
  5.1307987e+002  3.5171766e+000
  5.1405293e+002  3.4223546e+000
  5.1502599e+002  3.4998470e+000
  5.1599905e+002  3.4214997e+000
  5.1697211e+002  3.5815692e+000
  5.1794517e+002  3.6082889e+000
  5.1891823e+002  3.4643958e+000
  5.1989129e+002  3.4631378e+000
  5.2086435e+002  3.3731512e+000
  5.2183741e+002  3.3216108e+000
  5.2281047e+002  3.4312960e+000
  5.2378353e+002  3.3151526e+000
  5.2475659e+002  3.3110707e+000
  5.2570869e+002  3.2674690e+000
  5.2666079e+002  3.2356801e+000
  5.2761289e+002  3.2873441e+000
  5.2856499e+002  3.1948585e+000
  5.2951709e+002  3.2849281e+000
  5.3046919e+002  3.3283068e+000
  5.3142129e+002  3.3236084e+000
  5.3237339e+002  3.2770708e+000
  5.3332549e+002  3.3502147e+000
  5.3427759e+002  3.3333718e+000
  5.3522969e+002  3.2796736e+000
  5.3618179e+002  3.3715447e+000
  5.3713389e+002  3.4715752e+000
  5.3808599e+002  3.6301425e+000
  5.3903809e+002  3.6458981e+000
  5.3999019e+002  3.9087077e+000
  5.4094229e+002  3.7916800e+000
  5.4189439e+002  3.9041035e+000
  5.4284649e+002  3.8387062e+000
  5.4379859e+002  3.8863697e+000
  5.4475069e+002  3.8634031e+000
  5.4570279e+002  3.8061796e+000
  5.4665489e+002  3.8062493e+000
  5.4760700e+002  3.8177338e+000
  5.4855910e+002  3.7939384e+000
  5.4951120e+002  3.8659210e+000
  5.5049000e+002  3.8854182e+000
  5.5146880e+002  3.9108519e+000
  5.5244761e+002  3.8878276e+000
  5.5342641e+002  3.8645847e+000
  5.5440521e+002  3.8116012e+000
  5.5538401e+002  3.8784742e+000
  5.5636282e+002  3.8222515e+000
  5.5734162e+002  3.6548477e+000
  5.5832042e+002  3.6061720e+000
  5.5929923e+002  3.7469621e+000
  5.6027803e+002  3.7060828e+000
  5.6125683e+002  3.6089447e+000
  5.6223564e+002  3.5333732e+000
  5.6321444e+002  3.4994594e+000
  5.6419324e+002  3.5685841e+000
  5.6517205e+002  3.4959460e+000
  5.6615085e+002  3.5317313e+000
  5.6712965e+002  3.3722166e+000
  5.6810845e+002  3.3221062e+000
  5.6908726e+002  3.2169315e+000
  5.7006606e+002  3.3022334e+000
  5.7104486e+002  3.3586059e+000
  5.7202367e+002  3.3329195e+000
  5.7300247e+002  3.2710893e+000
  5.7398127e+002  3.2529684e+000
  5.7496008e+002  2.9524510e+000
  5.7598389e+002  3.0102902e+000
  5.7700770e+002  3.0896137e+000
  5.7803152e+002  2.7490177e+000
  5.7905533e+002  2.8160337e+000
  5.8007915e+002  2.8447933e+000
  5.8110296e+002  2.8616905e+000
  5.8212678e+002  2.9288641e+000
  5.8315059e+002  3.0528356e+000
  5.8417441e+002  3.3632679e+000
  5.8519822e+002  3.4919324e+000
  5.8622204e+002  3.6463101e+000
  5.8724585e+002  3.6679261e+000
  5.8826966e+002  3.6887621e+000
  5.8929348e+002  3.5416426e+000
  5.9031729e+002  3.4704230e+000
  5.9134111e+002  3.5502847e+000
  5.9236492e+002  3.4268813e+000
  5.9338874e+002  3.4511327e+000
  5.9441255e+002  3.4343080e+000
  5.9543637e+002  3.3813118e+000
  5.9646018e+002  3.3501868e+000
  5.9748399e+002  3.2618765e+000
  5.9850781e+002  3.2425959e+000
  5.9953162e+002  3.2456475e+000
  6.0055544e+002  3.1565360e+000
  6.0157925e+002  3.3508784e+000
  6.0243593e+002  3.3818217e+000
  6.0329261e+002  3.4278793e+000
  6.0500597e+002  3.3258746e+000
  6.0671933e+002  3.1287309e+000
  6.0843269e+002  3.1590919e+000
  6.1014605e+002  3.1581413e+000
  6.1185941e+002  2.8540475e+000
  6.1357277e+002  2.8848041e+000
  6.1528613e+002  2.8909494e+000
  6.1699949e+002  3.0160953e+000
  6.1871285e+002  3.1719170e+000
  6.2042621e+002  3.4466255e+000
  6.2213957e+002  3.6670200e+000
  6.2385293e+002  3.9919269e+000
  6.2550688e+002  4.2619818e+000
  6.2716083e+002  4.3668785e+000
  6.2881479e+002  4.4412421e+000
  6.3046874e+002  4.4076240e+000
  6.3212269e+002  4.2911962e+000
  6.3377664e+002  4.3579890e+000
  6.3543059e+002  4.1638207e+000
  6.3708454e+002  4.3653994e+000
  6.3873849e+002  4.1070651e+000
  6.4039244e+002  4.0418572e+000
  6.4204639e+002  4.0819698e+000
  6.4370034e+002  4.1079014e+000
  6.4535430e+002  4.0731491e+000
  6.4773039e+002  4.1501202e+000
  6.5010649e+002  4.1297353e+000
  6.5248259e+002  3.9261685e+000
  6.5485869e+002  3.9448908e+000
  6.5723479e+002  3.9951916e+000
  6.5961088e+002  4.1588707e+000
  6.6198698e+002  3.9408525e+000
  6.6436308e+002  3.8594272e+000
  6.6673918e+002  4.0092220e+000
  6.6911528e+002  3.7768712e+000
  6.7149138e+002  3.8795183e+000
  6.7386747e+002  3.8211307e+000
  6.7624357e+002  3.7578058e+000
  6.7854305e+002  3.6205764e+000
  6.8084253e+002  3.5039553e+000
  6.8314201e+002  3.5092245e+000
  6.8544149e+002  3.3946984e+000
  6.8774097e+002  3.4867939e+000
  6.9004044e+002  3.3082953e+000
  6.9233992e+002  3.0623341e+000
  6.9463940e+002  3.0725851e+000
  6.9693888e+002  2.9996699e+000
  6.9923836e+002  2.8589613e+000
  7.0153784e+002  2.9300355e+000
  7.0383732e+002  3.0131791e+000
  7.0613679e+002  3.1216998e+000
  7.0792126e+002  3.1955054e+000
  7.0970573e+002  3.2903903e+000
  7.1149020e+002  3.3867744e+000
  7.1327467e+002  3.3354885e+000
  7.1505913e+002  3.4206787e+000
  7.1684360e+002  3.6460065e+000
  7.1862807e+002  3.9729890e+000
  7.2041254e+002  4.1063915e+000
  7.2219700e+002  4.0233735e+000
  7.2398147e+002  4.0148165e+000
  7.2576594e+002  3.8034353e+000
  7.2755041e+002  3.6759340e+000
  7.2933488e+002  3.5226803e+000
  7.3123913e+002  3.5169011e+000
  7.3314338e+002  3.3758381e+000
  7.3504763e+002  3.5141080e+000
  7.3695189e+002  3.5529159e+000
  7.3885614e+002  3.5731835e+000
  7.4076039e+002  3.4714201e+000
  7.4266464e+002  3.5343422e+000
  7.4456890e+002  3.8362758e+000
  7.4647315e+002  4.0273233e+000
  7.4837740e+002  3.9465377e+000
  7.5028165e+002  3.9566545e+000
  7.5218591e+002  3.8388240e+000
  7.5409016e+002  3.9108977e+000
  7.5608242e+002  3.9458467e+000
  7.5807468e+002  3.6199539e+000
  7.6006694e+002  3.6868711e+000
  7.6205920e+002  3.4690302e+000
  7.6405146e+002  3.6394695e+000
  7.6604373e+002  3.4690392e+000
  7.6803599e+002  3.4283985e+000
  7.7002825e+002  3.3463912e+000
  7.7202051e+002  3.2254352e+000
  7.7401277e+002  3.1171982e+000
  7.7600503e+002  3.0026680e+000
  7.7799729e+002  2.9219607e+000
  7.7998955e+002  2.8371631e+000
  7.8220638e+002  2.8987052e+000
  7.8442320e+002  2.9055903e+000
  7.8664002e+002  3.0422732e+000
  7.8885684e+002  3.0618497e+000
  7.9107366e+002  3.5188226e+000
  7.9329048e+002  3.6278320e+000
  7.9550730e+002  4.0950369e+000
  7.9772412e+002  4.0267659e+000
  7.9994095e+002  4.0404559e+000
  8.0215777e+002  4.0362959e+000
  8.0437459e+002  4.0890747e+000
  8.0659141e+002  3.9081362e+000
  8.0880823e+002  3.8914411e+000
  8.1077473e+002  3.8478476e+000
  8.1274123e+002  3.6680550e+000
  8.1470772e+002  3.7438852e+000
  8.1667422e+002  3.4843215e+000
  8.1864072e+002  3.4376367e+000
  8.2060722e+002  3.2629303e+000
  8.2257371e+002  3.3168660e+000
  8.2454021e+002  3.2596249e+000
  8.2650671e+002  3.2811249e+000
  8.2847321e+002  3.4679031e+000
  8.3043970e+002  3.3064873e+000
  8.3240620e+002  3.4013596e+000
  8.3437270e+002  3.4336214e+000
  8.3653192e+002  3.3139857e+000
  8.3869114e+002  3.1753346e+000
  8.4085036e+002  3.3482660e+000
  8.4300958e+002  3.3839512e+000
  8.4516880e+002  3.1666094e+000
  8.4732802e+002  3.0339484e+000
  8.4948724e+002  2.9364607e+000
  8.5164646e+002  2.9864886e+000
  8.5380568e+002  2.8575553e+000
  8.5596490e+002  3.0132368e+000
  8.5812412e+002  2.9886889e+000
  8.6028334e+002  2.8247943e+000
  8.6244256e+002  2.7836006e+000
  8.6444463e+002  2.8112033e+000
  8.6644670e+002  3.0438698e+000
  8.6844877e+002  2.9367510e+000
  8.7045084e+002  3.4151031e+000
  8.7245291e+002  3.6750020e+000
  8.7445498e+002  3.8650515e+000
  8.7645705e+002  4.0302068e+000
  8.7845912e+002  4.0419558e+000
  8.8046120e+002  4.0547187e+000
  8.8246327e+002  3.9502328e+000
  8.8446534e+002  4.0386441e+000
  8.8646741e+002  3.7801330e+000
  8.8846948e+002  3.8301569e+000
  8.9035750e+002  3.8325050e+000
  8.9224553e+002  3.8098731e+000
  8.9413355e+002  3.7525419e+000
  8.9602157e+002  3.6805617e+000
  8.9790960e+002  3.7696921e+000
  8.9979762e+002  3.7568257e+000
  9.0168564e+002  3.6924172e+000
  9.0357367e+002  3.6536987e+000
  9.0546169e+002  3.5340780e+000
  9.0734971e+002  3.5005388e+000
  9.0923774e+002  3.4784094e+000
  9.1112576e+002  3.3467724e+000
  9.1301378e+002  3.3466943e+000
  9.1516153e+002  3.4466664e+000
  9.1730928e+002  3.3912113e+000
  9.1945702e+002  3.4243314e+000
  9.2160477e+002  3.7337650e+000
  9.2375251e+002  3.8697524e+000
  9.2590026e+002  3.9110454e+000
  9.2804801e+002  3.7877084e+000
  9.3019575e+002  3.7382337e+000
  9.3234350e+002  3.6238392e+000
  9.3449125e+002  3.4591982e+000
  9.3663899e+002  3.4340876e+000
  9.3878674e+002  3.3424743e+000
  9.4093448e+002  3.3760300e+000
  9.4305563e+002  3.2185894e+000
  9.4517677e+002  3.2455636e+000
  9.4729791e+002  3.0495668e+000
  9.4941905e+002  2.9261271e+000
  9.5154019e+002  2.9901584e+000
  9.5366133e+002  2.8447885e+000
  9.5578247e+002  2.7988289e+000
  9.5790361e+002  2.6580285e+000
  9.6002475e+002  2.7534857e+000
  9.6214590e+002  2.6866620e+000
  9.6426704e+002  3.0937985e+000
  9.6638818e+002  3.5156642e+000
  9.6850932e+002  3.7832439e+000
  9.7047006e+002  3.9437464e+000
  9.7243080e+002  3.6627926e+000
  9.7439154e+002  3.5675631e+000
  9.7635228e+002  3.4539578e+000
  9.7831302e+002  3.3442858e+000
  9.8027376e+002  3.2318313e+000
  9.8223451e+002  3.1326376e+000
  9.8419525e+002  3.0809500e+000
  9.8615599e+002  3.1238568e+000
  9.8811673e+002  3.3522402e+000
  9.9007747e+002  3.5063592e+000
  9.9203821e+002  3.6010156e+000
  9.9399895e+002  3.5667669e+000
  9.9587880e+002  3.4652463e+000
  9.9775864e+002  3.4187973e+000
  9.9963849e+002  3.2986516e+000
  1.0015183e+003  3.1953560e+000
  1.0033982e+003  3.1982136e+000
  1.0052780e+003  3.2950013e+000
  1.0071579e+003  3.5052667e+000
  1.0090377e+003  3.6436575e+000
  1.0109176e+003  3.5767491e+000
  1.0127974e+003  3.5791829e+000
  1.0146773e+003  3.4787991e+000
  1.0165571e+003  3.4939034e+000
  1.0184370e+003  3.3500215e+000
  1.0202626e+003  3.0851900e+000
  1.0220882e+003  3.1434629e+000
  1.0239138e+003  3.1917488e+000
  1.0257394e+003  2.9262004e+000
  1.0275650e+003  3.0015498e+000
  1.0293906e+003  3.2318635e+000
  1.0312163e+003  3.1991140e+000
  1.0330419e+003  3.3078103e+000
  1.0348675e+003  3.4377995e+000
  1.0366931e+003  3.7153959e+000
  1.0385187e+003  3.6926922e+000
  1.0403443e+003  3.9014014e+000
  1.0421699e+003  3.6867055e+000
  1.0442677e+003  3.5910560e+000
  1.0463655e+003  3.7370546e+000
  1.0484633e+003  3.5809426e+000
  1.0505611e+003  3.6497794e+000
  1.0526589e+003  3.5426674e+000
  1.0547567e+003  3.6324781e+000
  1.0568545e+003  3.6074775e+000
  1.0589522e+003  3.4762553e+000
  1.0610500e+003  3.5882657e+000
  1.0631478e+003  3.4436902e+000
  1.0652456e+003  3.2996932e+000
  1.0673434e+003  3.0247825e+000
  1.0694412e+003  2.8380861e+000
  1.0711052e+003  2.6869000e+000
  1.0727692e+003  2.7027836e+000
  1.0744332e+003  2.5659532e+000
  1.0760972e+003  2.7792980e+000
  1.0777612e+003  2.8446407e+000
  1.0794252e+003  2.9016196e+000
  1.0810892e+003  2.9689590e+000
  1.0827532e+003  3.1686304e+000
  1.0844173e+003  3.0611217e+000
  1.0860813e+003  3.2510137e+000
  1.0877453e+003  3.2685604e+000
  1.0894093e+003  3.3079304e+000
  1.0910733e+003  3.3677977e+000
  1.0929252e+003  3.3569818e+000
  1.0947771e+003  3.3858778e+000
  1.0966290e+003  3.6531949e+000
  1.0984810e+003  3.4422399e+000
  1.1003329e+003  3.3864898e+000
  1.1021848e+003  3.2880695e+000
  1.1040367e+003  3.1893499e+000
  1.1058886e+003  3.0276891e+000
  1.1077406e+003  3.2082483e+000
  1.1095925e+003  3.1998773e+000
  1.1114444e+003  3.4821174e+000
  1.1132963e+003  3.5019370e+000
  1.1151482e+003  3.5565751e+000
  1.1172164e+003  3.4476466e+000
  1.1192845e+003  3.8334854e+000
  1.1213527e+003  3.7045838e+000
  1.1234208e+003  3.8646154e+000
  1.1254890e+003  3.7376697e+000
  1.1275571e+003  3.6799660e+000
  1.1296253e+003  3.4113292e+000
  1.1316934e+003  3.5844932e+000
  1.1337616e+003  3.5987320e+000
  1.1358297e+003  3.3834147e+000
  1.1378978e+003  3.3808559e+000
  1.1399660e+003  3.3293158e+000
  1.1420341e+003  3.3525396e+000
  1.1439984e+003  3.2235167e+000
  1.1459627e+003  3.3750415e+000
  1.1479269e+003  3.1753005e+000
  1.1498912e+003  3.1121461e+000
  1.1518554e+003  3.1231121e+000
  1.1538197e+003  3.1452431e+000
  1.1557839e+003  3.0418135e+000
  1.1577482e+003  2.9562852e+000
  1.1597124e+003  2.9610381e+000
  1.1616767e+003  3.0203489e+000
  1.1636410e+003  2.8887247e+000
  1.1656052e+003  2.9237680e+000
  1.1675695e+003  2.9604871e+000
  1.1694384e+003  3.0926948e+000
  1.1713073e+003  3.1245369e+000
  1.1731763e+003  3.1021696e+000
  1.1750452e+003  3.1563559e+000
  1.1769142e+003  2.9610787e+000
  1.1787831e+003  3.1973860e+000
  1.1806520e+003  3.0141913e+000
  1.1825210e+003  3.1272857e+000
  1.1843899e+003  3.0335262e+000
  1.1862588e+003  3.4072879e+000
  1.1881278e+003  3.5008690e+000
  1.1899967e+003  3.6338702e+000
  1.1918657e+003  3.6418245e+000
  1.1941173e+003  3.7910055e+000
  1.1963689e+003  3.7751664e+000
  1.1986205e+003  3.5619602e+000
  1.2008721e+003  3.6986214e+000
  1.2031237e+003  3.5183015e+000
  1.2053753e+003  3.6811116e+000
  1.2076269e+003  3.5630837e+000
  1.2098785e+003  3.4421374e+000
  1.2121301e+003  3.4600855e+000
  1.2143817e+003  3.1815762e+000
  1.2166333e+003  3.0931584e+000
  1.2188850e+003  3.3327630e+000
  1.2211366e+003  3.3027052e+000
  1.2230894e+003  3.0989497e+000
  1.2250423e+003  2.9877200e+000
  1.2269951e+003  2.9088456e+000
  1.2289480e+003  2.7846632e+000
  1.2309008e+003  2.7681690e+000
  1.2328536e+003  2.6988603e+000
  1.2348065e+003  2.7435299e+000
  1.2367593e+003  2.7137206e+000
  1.2387122e+003  2.6931496e+000
  1.2406650e+003  2.8268286e+000
  1.2426179e+003  3.2113874e+000
  1.2445707e+003  3.4641401e+000
  1.2465236e+003  3.7161019e+000
  1.2483994e+003  3.6729191e+000
  1.2502751e+003  3.6087738e+000
  1.2521509e+003  3.6304370e+000
  1.2540267e+003  3.4670139e+000
  1.2559024e+003  3.2633941e+000
  1.2577782e+003  3.2297164e+000
  1.2596540e+003  3.4265516e+000
  1.2615297e+003  3.3211451e+000
  1.2634055e+003  3.2668367e+000
  1.2652813e+003  3.2667347e+000
  1.2671571e+003  3.2030172e+000
  1.2690328e+003  3.1719238e+000
  1.2709086e+003  3.2003701e+000
  1.2730386e+003  3.0709045e+000
  1.2751686e+003  3.0300908e+000
  1.2772986e+003  2.9202191e+000
  1.2794285e+003  3.0111555e+000
  1.2815585e+003  3.2001656e+000
  1.2836885e+003  3.3308532e+000
  1.2858185e+003  3.6210604e+000
  1.2879485e+003  3.7132727e+000
  1.2900785e+003  3.5028003e+000
  1.2922085e+003  3.2979516e+000
  1.2943385e+003  3.5646199e+000
  1.2964684e+003  3.5055178e+000
  1.2985984e+003  3.4320954e+000
  1.3006411e+003  3.4155329e+000
  1.3026838e+003  3.3271554e+000
  1.3047264e+003  3.2550411e+000
  1.3067691e+003  3.1608949e+000
  1.3088118e+003  3.0095184e+000
  1.3108544e+003  3.0501437e+000
  1.3128971e+003  3.0678043e+000
  1.3149398e+003  2.9508512e+000
  1.3169824e+003  3.0907863e+000
  1.3190251e+003  3.3059635e+000
  1.3210678e+003  3.2990022e+000
  1.3231104e+003  3.3518740e+000
  1.3251531e+003  3.3581551e+000
  1.3275153e+003  3.4528147e+000
  1.3298776e+003  3.4194550e+000
  1.3322398e+003  3.3843518e+000
  1.3346021e+003  3.5466934e+000
  1.3369643e+003  3.5532093e+000
  1.3393266e+003  3.4578467e+000
  1.3416888e+003  3.5509210e+000
  1.3440511e+003  3.4252346e+000
  1.3464133e+003  3.2426591e+000
  1.3487756e+003  3.2165665e+000
  1.3511378e+003  3.0324284e+000
  1.3535001e+003  2.9460987e+000
  1.3558623e+003  2.8455642e+000
  1.3580694e+003  2.7719814e+000
  1.3602764e+003  2.8598604e+000
  1.3624834e+003  2.9111114e+000
  1.3646905e+003  2.9883629e+000
  1.3668975e+003  3.1570586e+000
  1.3691046e+003  3.3443160e+000
  1.3713116e+003  3.3478096e+000
  1.3735186e+003  3.5631782e+000
  1.3757257e+003  3.3999003e+000
  1.3779327e+003  3.6205173e+000
  1.3801398e+003  3.5657405e+000
  1.3823468e+003  3.4417722e+000
  1.3845538e+003  3.5573312e+000
  1.3862451e+003  3.4135557e+000
  1.3879363e+003  3.3249719e+000
  1.3896276e+003  3.1829242e+000
  1.3913188e+003  3.0821963e+000
  1.3930100e+003  2.9697320e+000
  1.3947013e+003  3.0915406e+000
  1.3963925e+003  2.9484228e+000
  1.3980837e+003  3.0614121e+000
  1.3997750e+003  2.9023920e+000
  1.4014662e+003  2.8545019e+000
  1.4031574e+003  2.9164129e+000
  1.4048487e+003  2.9883819e+000
  1.4065399e+003  3.0987716e+000
  1.4082345e+003  3.3310766e+000
  1.4099291e+003  3.3347011e+000
  1.4116237e+003  3.5644947e+000
  1.4133183e+003  3.7643327e+000
  1.4150129e+003  3.5765864e+000
  1.4167075e+003  3.3150466e+000
  1.4184022e+003  3.2019869e+000
  1.4200968e+003  3.3243717e+000
  1.4217914e+003  3.1894212e+000
  1.4234860e+003  3.0838203e+000
  1.4251806e+003  3.0786658e+000
  1.4268752e+003  2.9660057e+000
  1.4285698e+003  2.8795409e+000
  1.4307773e+003  2.7388060e+000
  1.4329848e+003  2.7413657e+000
  1.4351923e+003  2.5975435e+000
  1.4373998e+003  2.6022156e+000
  1.4396073e+003  2.6411386e+000
  1.4418149e+003  2.7015301e+000
  1.4440224e+003  2.6904988e+000
  1.4462299e+003  2.7184786e+000
  1.4484374e+003  2.7142143e+000
  1.4506449e+003  2.8536834e+000
  1.4528524e+003  3.1586838e+000
  1.4550599e+003  3.5578627e+000
  1.4572674e+003  3.6709320e+000
  1.4594667e+003  3.5981195e+000
  1.4616660e+003  3.4594115e+000
  1.4638653e+003  3.4312525e+000
  1.4660646e+003  3.5780134e+000
  1.4682638e+003  3.3548607e+000
  1.4704631e+003  3.2250120e+000
  1.4726624e+003  2.9757354e+000
  1.4748617e+003  2.8066227e+000
  1.4770609e+003  2.7399604e+000
  1.4792602e+003  2.6701318e+000
  1.4814595e+003  2.7822310e+000
  1.4836588e+003  2.7516408e+000
  1.4858580e+003  2.8000078e+000
  1.4877957e+003  2.9269108e+000
  1.4897334e+003  2.7840489e+000
  1.4916710e+003  2.7815543e+000
  1.4936087e+003  2.8677614e+000
  1.4955464e+003  3.1306442e+000
  1.4974840e+003  3.4069918e+000
  1.4994217e+003  3.7212191e+000
  1.5013594e+003  3.5989616e+000
  1.5032970e+003  3.5735752e+000
  1.5057191e+003  3.6524291e+000
  1.5081412e+003  3.5152780e+000
  1.5105633e+003  3.5083811e+000
  1.5128577e+003  3.3803270e+000
  1.5151202e+003  3.1005462e+000
  1.5173828e+003  3.0542805e+000
  1.5196453e+003  3.1464115e+000
  1.5219078e+003  3.0048380e+000
  1.5241703e+003  3.0279882e+000
  1.5264328e+003  3.0583336e+000
  1.5286954e+003  3.2530265e+000
  1.5309579e+003  3.3199095e+000
  1.5332204e+003  3.5599056e+000
  1.5355944e+003  3.7684185e+000
  1.5381356e+003  3.7122520e+000
  1.5406768e+003  3.7429612e+000
  1.5432180e+003  3.6582874e+000
  1.5457592e+003  3.4338262e+000
  1.5483004e+003  3.3264592e+000
  1.5508416e+003  3.1825951e+000
  1.5533828e+003  3.0388490e+000
  1.5559240e+003  3.0823891e+000
  1.5584652e+003  3.1483993e+000
  1.5610064e+003  3.1160789e+000
  1.5633873e+003  2.9373932e+000
  1.5657683e+003  2.9233997e+000
  1.5681493e+003  3.0914879e+000
  1.5705303e+003  3.2066743e+000
  1.5729113e+003  3.5342273e+000
  1.5752923e+003  3.5971635e+000
  1.5776733e+003  3.5430541e+000
  1.5800543e+003  3.3547299e+000
  1.5824353e+003  3.3544906e+000
  1.5848163e+003  3.1578774e+000
  1.5871056e+003  3.0218519e+000
  1.5893339e+003  3.0819438e+000
  1.5915622e+003  3.2183026e+000
  1.5937904e+003  3.0695266e+000
  1.5960187e+003  2.9673998e+000
  1.5982469e+003  2.8862709e+000
  1.6004752e+003  2.7323430e+000
  1.6027035e+003  2.9082112e+000
  1.6049317e+003  3.0204096e+000
  1.6071600e+003  3.0213600e+000
  1.6094342e+003  3.2445581e+000
  1.6118921e+003  3.1976732e+000
  1.6143499e+003  3.2613491e+000
  1.6168078e+003  3.0139119e+000
  1.6192657e+003  3.0418261e+000
  1.6217236e+003  3.1196077e+000
  1.6241815e+003  3.3745599e+000
  1.6266394e+003  2.9113530e+000
  1.6290972e+003  2.9309218e+000
  1.6315551e+003  2.9175523e+000
  1.6340130e+003  2.9598646e+000
  1.6364612e+003  3.0362474e+000
  1.6389069e+003  3.2405549e+000
  1.6413527e+003  3.4134384e+000
  1.6437984e+003  3.5279355e+000
  1.6462441e+003  3.5401934e+000
  1.6486899e+003  3.6111574e+000
  1.6511356e+003  3.6445615e+000
  1.6535814e+003  3.4734680e+000
  1.6560271e+003  3.4933701e+000
  1.6584729e+003  3.4393383e+000
  1.6609938e+003  3.4884242e+000
  1.6636274e+003  3.2691995e+000
  1.6662611e+003  3.2391071e+000
  1.6688948e+003  3.2235538e+000
  1.6715284e+003  2.9149499e+000
  1.6741621e+003  3.0840303e+000
  1.6767958e+003  3.0125311e+000
  1.6794295e+003  2.9315602e+000
  1.6820631e+003  2.9479532e+000
  1.6846968e+003  3.0995142e+000
  1.6873305e+003  3.0762228e+000
  1.6898646e+003  3.1104650e+000
  1.6923988e+003  3.1838860e+000
  1.6949330e+003  3.1347476e+000
  1.6974672e+003  3.4457776e+000
  1.7000014e+003  3.5112453e+000
  1.7025356e+003  3.4844198e+000
  1.7050697e+003  3.5284953e+000
  1.7076039e+003  3.2914556e+000
  1.7101381e+003  3.2175722e+000
  1.7126723e+003  3.1925902e+000
  1.7153017e+003  2.9330285e+000
  1.7179947e+003  2.8825249e+000
  1.7206877e+003  3.0793677e+000
  1.7233806e+003  3.1510846e+000
  1.7260736e+003  3.1567370e+000
  1.7287666e+003  3.1032577e+000
  1.7314595e+003  3.2163519e+000
  1.7341525e+003  2.9574870e+000
  1.7368454e+003  2.9599123e+000
  1.7395384e+003  3.0691395e+000
  1.7421656e+003  3.0516548e+000
  1.7445296e+003  3.4889679e+000
  1.7468936e+003  3.5673377e+000
  1.7492576e+003  3.5246488e+000
  1.7516216e+003  3.2057135e+000
  1.7539857e+003  3.1001270e+000
  1.7563497e+003  3.1876782e+000
  1.7587137e+003  2.8858484e+000
  1.7610777e+003  2.9885466e+000
  1.7634417e+003  2.8509049e+000
  1.7658057e+003  2.8760850e+000
  1.7678830e+003  2.8444731e+000
  1.7698885e+003  2.7437247e+000
  1.7718940e+003  2.8927123e+000
  1.7738995e+003  2.9319319e+000
  1.7759050e+003  3.0119011e+000
  1.7779106e+003  3.1598725e+000
  1.7799161e+003  3.1305256e+000
  1.7819216e+003  3.2053064e+000
  1.7839271e+003  3.3525648e+000
  1.7859326e+003  3.4177181e+000
  1.7880392e+003  3.4544859e+000
  1.7902975e+003  3.2471890e+000
  1.7925557e+003  3.3109442e+000
  1.7948139e+003  3.1615925e+000
  1.7970721e+003  3.0416573e+000
  1.7993303e+003  3.0196571e+000
  1.8015885e+003  2.8809573e+000
  1.8038467e+003  3.0407337e+000
  1.8061049e+003  2.9707031e+000
  1.8083631e+003  3.3447565e+000
  1.8106214e+003  3.1819839e+000
  1.8128908e+003  3.0850456e+000
  1.8151603e+003  3.0840510e+000
  1.8174298e+003  3.0058512e+000
  1.8196993e+003  2.7827417e+000
  1.8219688e+003  2.9881212e+000
  1.8242383e+003  3.0379234e+000
  1.8265078e+003  2.9329432e+000
  1.8287772e+003  2.9347466e+000
  1.8310467e+003  2.9261813e+000
  1.8333162e+003  2.9707373e+000
  1.8356774e+003  3.1563776e+000
  1.8380997e+003  2.9767855e+000
  1.8405221e+003  2.9709614e+000
  1.8429444e+003  2.9229170e+000
  1.8453667e+003  3.0038292e+000
  1.8477891e+003  3.2525289e+000
  1.8502114e+003  3.5462531e+000
  1.8526337e+003  3.5167619e+000
  1.8550561e+003  3.3298905e+000
  1.8574784e+003  3.3130508e+000
  1.8598183e+003  3.1945991e+000
  1.8618286e+003  3.2035112e+000
  1.8638389e+003  3.0864871e+000
  1.8658492e+003  3.1268810e+000
  1.8678595e+003  3.0547539e+000
  1.8698697e+003  3.1116131e+000
  1.8718800e+003  2.9517837e+000
  1.8738903e+003  3.0407795e+000
  1.8759006e+003  2.9748891e+000
  1.8779109e+003  3.1022899e+000
  1.8799211e+003  3.0468290e+000
  1.8820125e+003  3.3810556e+000
  1.8841242e+003  3.2880280e+000
  1.8862359e+003  3.3692544e+000
  1.8883476e+003  3.1859950e+000
  1.8904593e+003  3.1740705e+000
  1.8925710e+003  3.1691439e+000
  1.8946826e+003  3.0609896e+000
  1.8967943e+003  3.0026342e+000
  1.8989060e+003  3.0591616e+000
  1.9010177e+003  3.0145339e+000
  1.9030564e+003  2.8580165e+000
  1.9049856e+003  2.8365068e+000
  1.9069149e+003  2.8734108e+000
  1.9088441e+003  2.8139953e+000
  1.9107734e+003  2.8756058e+000
  1.9127026e+003  2.9376597e+000
  1.9146319e+003  2.8707352e+000
  1.9165611e+003  3.3792446e+000
  1.9184903e+003  3.3907936e+000
  1.9204196e+003  3.5312878e+000
  1.9223488e+003  3.4633944e+000
  1.9243555e+003  3.3841709e+000
  1.9263622e+003  3.2519742e+000
  1.9283688e+003  3.1264445e+000
  1.9303755e+003  3.2179862e+000
  1.9323822e+003  3.2611760e+000
  1.9343888e+003  3.1001173e+000
  1.9363955e+003  2.9714416e+000
  1.9384022e+003  3.1122226e+000
  1.9404089e+003  2.8562490e+000
  1.9424155e+003  2.9058851e+000
  1.9448129e+003  2.8062183e+000
  1.9474708e+003  2.6865060e+000
  1.9501287e+003  2.7411677e+000
  1.9527865e+003  2.7195643e+000
  1.9554444e+003  2.8776565e+000
  1.9581023e+003  3.0149446e+000
  1.9607601e+003  3.0355514e+000
  1.9634180e+003  2.9405689e+000
  1.9660759e+003  3.0505130e+000
  1.9687337e+003  3.2067213e+000
  1.9713694e+003  3.1668521e+000
  1.9739164e+003  3.2793234e+000
  1.9764634e+003  3.2482420e+000
  1.9790103e+003  2.9052990e+000
  1.9815573e+003  2.9930670e+000
  1.9841043e+003  3.1719469e+000
  1.9866512e+003  2.8968851e+000
  1.9891982e+003  2.9287102e+000
  1.9917452e+003  2.8230471e+000
  1.9942922e+003  2.5954557e+000
  1.9968391e+003  2.8030623e+000
  1.9994193e+003  2.7027014e+000
  2.0020077e+003  2.7190751e+000
  2.0045962e+003  2.9218772e+000
  2.0071846e+003  2.9901551e+000
  2.0097730e+003  3.0302207e+000
  2.0123615e+003  2.9815464e+000
  2.0149499e+003  3.2765269e+000
  2.0175384e+003  3.1374755e+000
  2.0201268e+003  3.0684328e+000
  2.0227153e+003  2.9776832e+000
  2.0252646e+003  2.9648411e+000
  2.0277554e+003  3.0821310e+000
  2.0302462e+003  3.0964416e+000
  2.0327370e+003  3.2402213e+000
  2.0352278e+003  3.5407662e+000
  2.0377186e+003  3.5352270e+000
  2.0402094e+003  3.5680783e+000
  2.0427002e+003  3.6437263e+000
  2.0451910e+003  3.5164143e+000
  2.0476818e+003  3.5122037e+000
  2.0501726e+003  3.3219906e+000
  2.0530955e+003  3.3533593e+000
  2.0560185e+003  3.2103475e+000
  2.0589415e+003  3.2423063e+000
  2.0618645e+003  3.0588457e+000
  2.0647875e+003  2.9901890e+000
  2.0677105e+003  2.8523575e+000
  2.0706335e+003  2.8180628e+000
  2.0735565e+003  2.7954171e+000
  2.0764795e+003  2.9107290e+000
  2.0794025e+003  3.0188143e+000
  2.0823385e+003  2.9923356e+000
  2.0852832e+003  2.8737620e+000
  2.0882279e+003  2.8625940e+000
  2.0911726e+003  2.8639645e+000
  2.0941173e+003  3.0811543e+000
  2.0970620e+003  3.0418435e+000
  2.1000067e+003  3.0370958e+000
  2.1029514e+003  2.8601269e+000
  2.1058961e+003  2.8315495e+000
  2.1088408e+003  2.6772535e+000
  2.1117104e+003  2.6468674e+000
  2.1142793e+003  2.6525524e+000
  2.1168482e+003  2.6957011e+000
  2.1194171e+003  2.5904243e+000
  2.1219860e+003  2.8038901e+000
  2.1245549e+003  2.9642856e+000
  2.1271238e+003  3.3635531e+000
  2.1296927e+003  3.5145931e+000
  2.1322616e+003  3.5814116e+000
  2.1348305e+003  3.5944186e+000
  2.1373993e+003  3.4633597e+000
  2.1399769e+003  3.5075092e+000
  2.1425566e+003  3.3000281e+000
  2.1451363e+003  3.2431840e+000
  2.1477161e+003  3.1298532e+000
  2.1502958e+003  3.0536246e+000
  2.1528755e+003  3.0296809e+000
  2.1554552e+003  2.9178078e+000
  2.1580350e+003  2.8562533e+000
  2.1606147e+003  2.7246014e+000
  2.1631944e+003  2.7674017e+000
  2.1657833e+003  2.7808599e+000
  2.1683859e+003  2.7400158e+000
  2.1709885e+003  2.9176747e+000
  2.1735911e+003  3.0394391e+000
  2.1761937e+003  3.1331471e+000
  2.1787963e+003  3.1922514e+000
  2.1813990e+003  3.2160277e+000
  2.1840016e+003  3.1886740e+000
  2.1866042e+003  3.1008529e+000
  2.1892068e+003  2.9584178e+000
  2.1918094e+003  2.9538636e+000
  2.1943060e+003  2.8215220e+000
  2.1968025e+003  2.9473046e+000
  2.1992991e+003  2.9695732e+000
  2.2017956e+003  2.9303679e+000
  2.2042922e+003  2.8484284e+000
  2.2067887e+003  2.7477197e+000
  2.2092853e+003  2.7752992e+000
  2.2117818e+003  2.8168580e+000
  2.2142784e+003  2.8473650e+000
  2.2167749e+003  2.9190905e+000
  2.2194522e+003  3.1608047e+000
  2.2222500e+003  3.3713868e+000
  2.2250477e+003  3.2335505e+000
  2.2278455e+003  3.1600115e+000
  2.2306433e+003  3.0848071e+000
  2.2334410e+003  2.9711891e+000
  2.2362388e+003  2.8092257e+000
  2.2390365e+003  2.7532279e+000
  2.2418343e+003  2.6813659e+000
  2.2446321e+003  2.5702445e+000
  2.2473735e+003  2.6600283e+000
  2.2498897e+003  2.8105522e+000
  2.2524060e+003  2.7271153e+000
  2.2549222e+003  2.8444262e+000
  2.2574384e+003  2.8608239e+000
  2.2599547e+003  3.2327619e+000
  2.2624709e+003  3.1605405e+000
  2.2649871e+003  3.1966323e+000
  2.2675034e+003  3.2673553e+000
  2.2700196e+003  3.1573243e+000
  2.2725358e+003  3.0513108e+000
  2.2750102e+003  3.0442253e+000
  2.2774740e+003  2.8183432e+000
  2.2799379e+003  2.8051350e+000
  2.2824017e+003  2.6341651e+000
  2.2848656e+003  2.6435815e+000
  2.2873294e+003  2.7158469e+000
  2.2897933e+003  2.7109063e+000
  2.2922572e+003  2.7864967e+000
  2.2947210e+003  2.9673185e+000
  2.2971849e+003  3.0625267e+000
  2.2997044e+003  3.0993708e+000
  2.3023076e+003  3.1080918e+000
  2.3049107e+003  3.1224673e+000
  2.3075138e+003  2.9575118e+000
  2.3101170e+003  2.8774177e+000
  2.3127201e+003  2.9984303e+000
  2.3153233e+003  3.0026654e+000
  2.3179264e+003  2.8780952e+000
  2.3205295e+003  2.7525073e+000
  2.3231327e+003  2.6493120e+000
  2.3257358e+003  2.5626561e+000
  2.3283916e+003  2.6932524e+000
  2.3310474e+003  2.7270289e+000
  2.3337032e+003  2.6077592e+000
  2.3363589e+003  2.9420831e+000
  2.3390147e+003  3.0824123e+000
  2.3416705e+003  3.1643502e+000
  2.3443263e+003  3.3222361e+000
  2.3469821e+003  3.2849335e+000
  2.3496379e+003  3.1232532e+000
  2.3522937e+003  3.2268748e+000
  2.3548308e+003  2.9889318e+000
  2.3572889e+003  3.0787338e+000
  2.3597469e+003  2.9888692e+000
  2.3622050e+003  2.7453965e+000
  2.3646630e+003  2.7414213e+000
  2.3671211e+003  2.7302673e+000
  2.3695791e+003  2.6034470e+000
  2.3720372e+003  2.6923382e+000
  2.3744952e+003  2.8417413e+000
  2.3769533e+003  2.8981416e+000
  2.3793964e+003  2.9557815e+000
  2.3817799e+003  2.7668188e+000
  2.3841633e+003  2.8153222e+000
  2.3865468e+003  2.8376505e+000
  2.3889302e+003  3.0262050e+000
  2.3913136e+003  3.0474491e+000
  2.3936971e+003  2.7735196e+000
  2.3960805e+003  2.6454850e+000
  2.3984640e+003  2.7345024e+000
  2.4008474e+003  2.7278085e+000
  2.4032309e+003  2.6915991e+000
  2.4058282e+003  2.7139343e+000
  2.4084791e+003  2.8949845e+000
  2.4111300e+003  2.8487205e+000
  2.4137808e+003  3.0212386e+000
  2.4164317e+003  3.2902223e+000
  2.4190825e+003  3.5259549e+000
  2.4217334e+003  3.4546539e+000
  2.4243842e+003  3.4974105e+000
  2.4270351e+003  3.3692891e+000
  2.4296859e+003  3.3553068e+000
  2.4324589e+003  3.3135776e+000
  2.4354152e+003  3.2691887e+000
  2.4383714e+003  3.0897328e+000
  2.4413276e+003  3.0466915e+000
  2.4442838e+003  2.8137774e+000
  2.4472400e+003  2.7456959e+000
  2.4501963e+003  2.7504650e+000
  2.4531525e+003  2.5663702e+000
  2.4561087e+003  2.6106689e+000
  2.4590649e+003  2.6670733e+000
  2.4620211e+003  2.6805791e+000
  2.4647966e+003  2.7901642e+000
  2.4675721e+003  2.9297557e+000
  2.4703477e+003  3.0562505e+000
  2.4731232e+003  3.0639544e+000
  2.4758987e+003  3.3236986e+000
  2.4786742e+003  3.3483231e+000
  2.4814497e+003  3.5176525e+000
  2.4842252e+003  3.1909262e+000
  2.4870007e+003  3.0111111e+000
  2.4897762e+003  2.9841276e+000
  2.4924486e+003  2.7909582e+000
  2.4950523e+003  2.5418830e+000
  2.4976560e+003  2.7070349e+000
  2.5002596e+003  2.8397779e+000
  2.5028633e+003  2.7751341e+000
  2.5054670e+003  3.0096972e+000
  2.5080706e+003  3.1214968e+000
  2.5106743e+003  3.2456114e+000
  2.5132779e+003  3.4778776e+000
  2.5158816e+003  3.4867532e+000
  2.5185001e+003  3.4242314e+000
  2.5211783e+003  3.4851708e+000
  2.5238564e+003  3.3929936e+000
  2.5265345e+003  3.2474242e+000
  2.5292126e+003  3.2860084e+000
  2.5318907e+003  3.0934495e+000
  2.5345688e+003  3.1000357e+000
  2.5372469e+003  2.9938674e+000
  2.5399250e+003  2.7129148e+000
  2.5426031e+003  2.6334345e+000
  2.5452812e+003  2.5422171e+000
  2.5479848e+003  2.5748887e+000
  2.5506947e+003  2.6381448e+000
  2.5534046e+003  2.7944952e+000
  2.5561145e+003  2.7471992e+000
  2.5588244e+003  2.7286739e+000
  2.5615344e+003  2.7429472e+000
  2.5642443e+003  2.9864221e+000
  2.5669542e+003  2.8898431e+000
  2.5696641e+003  2.8337439e+000
  2.5723740e+003  2.8309734e+000
  2.5750042e+003  2.7737833e+000
  2.5775146e+003  2.6768849e+000
  2.5800251e+003  2.5949544e+000
  2.5825356e+003  2.6202209e+000
  2.5850460e+003  2.5241953e+000
  2.5875565e+003  2.6289061e+000
  2.5900669e+003  2.7912413e+000
  2.5925774e+003  2.8088290e+000
  2.5950878e+003  2.8336338e+000
  2.5975983e+003  3.1036656e+000
  2.6001088e+003  3.2610457e+000
  2.6026641e+003  3.2201645e+000
  2.6052195e+003  3.1721950e+000
  2.6077749e+003  3.2065464e+000
  2.6103303e+003  2.9820092e+000
  2.6128856e+003  3.0033273e+000
  2.6154410e+003  2.8044080e+000
  2.6179964e+003  2.8116589e+000
  2.6205518e+003  2.6325816e+000
  2.6231072e+003  2.5957556e+000
  2.6256625e+003  2.6723372e+000
  2.6281571e+003  2.6228186e+000
  2.6306111e+003  2.5852563e+000
  2.6330651e+003  2.8039099e+000
  2.6355191e+003  2.8081979e+000
  2.6379731e+003  2.8430392e+000
  2.6404271e+003  3.0162562e+000
  2.6428812e+003  3.0819491e+000
  2.6453352e+003  3.2033088e+000
  2.6477892e+003  3.0461146e+000
  2.6502432e+003  2.8716903e+000
  2.6526587e+003  2.7672432e+000
  2.6549203e+003  2.7112388e+000
  2.6571819e+003  2.4956541e+000
  2.6594435e+003  2.5869964e+000
  2.6617051e+003  2.4131262e+000
  2.6639666e+003  2.6105968e+000
  2.6662282e+003  2.5976354e+000
  2.6684898e+003  2.5478129e+000
  2.6707514e+003  2.5566281e+000
  2.6730130e+003  2.5775776e+000
  2.6752746e+003  2.7243264e+000
  2.6775489e+003  2.7294147e+000
  2.6798263e+003  2.8981287e+000
  2.6821037e+003  3.0419691e+000
  2.6843812e+003  3.1129294e+000
  2.6866586e+003  2.9677219e+000
  2.6889361e+003  2.8917985e+000
  2.6912135e+003  2.9698074e+000
  2.6934910e+003  2.9266926e+000
  2.6957684e+003  2.9735655e+000
  2.6980459e+003  2.8382116e+000
  2.7003991e+003  3.1455301e+000
  2.7028658e+003  3.1150739e+000
  2.7053326e+003  3.0603746e+000
  2.7077993e+003  3.1164085e+000
  2.7102661e+003  3.2253695e+000
  2.7127328e+003  3.1558736e+000
  2.7151996e+003  3.1605837e+000
  2.7176663e+003  3.1275509e+000
  2.7201331e+003  3.0202457e+000
  2.7225998e+003  2.9695656e+000
  2.7250666e+003  2.8307033e+000
  2.7278079e+003  2.7461679e+000
  2.7305493e+003  2.6316790e+000
  2.7332907e+003  2.4835261e+000
  2.7360321e+003  2.5358822e+000
  2.7387735e+003  2.3969895e+000
  2.7415149e+003  2.5111212e+000
  2.7442562e+003  2.4472842e+000
  2.7469976e+003  2.4949548e+000
  2.7497390e+003  2.5698100e+000
  2.7524804e+003  2.5493916e+000
  2.7552284e+003  2.5215748e+000
  2.7579809e+003  2.6285311e+000
  2.7607334e+003  2.6015380e+000
  2.7634859e+003  2.5982373e+000
  2.7662384e+003  2.5142236e+000
  2.7689909e+003  2.4869907e+000
  2.7717434e+003  2.6395744e+000
  2.7744958e+003  2.6737932e+000
  2.7772483e+003  2.5855298e+000
  2.7800008e+003  2.5357496e+000
  2.7827309e+003  2.5180437e+000
  2.7853714e+003  2.5481526e+000
  2.7880119e+003  2.5992108e+000
  2.7906524e+003  2.5697803e+000
  2.7932930e+003  2.6231265e+000
  2.7959335e+003  2.7749262e+000
  2.7985740e+003  2.7562505e+000
  2.8012145e+003  2.8581218e+000
  2.8038550e+003  3.0956048e+000
  2.8064955e+003  3.1436490e+000
  2.8091360e+003  3.0863166e+000
  2.8116975e+003  3.0107716e+000
  2.8142391e+003  3.0200199e+000
  2.8167807e+003  2.9925713e+000
  2.8193224e+003  2.8118381e+000
  2.8218640e+003  2.7417879e+000
  2.8244056e+003  2.6153112e+000
  2.8269473e+003  2.5073503e+000
  2.8294889e+003  2.4753794e+000
  2.8320306e+003  2.5199044e+000
  2.8345722e+003  2.4676873e+000
  2.8370848e+003  2.5293326e+000
  2.8395540e+003  2.6277549e+000
  2.8420232e+003  2.6963816e+000
  2.8444923e+003  2.7798483e+000
  2.8469615e+003  2.7363299e+000
  2.8494307e+003  2.8604454e+000
  2.8518998e+003  2.7604599e+000
  2.8543690e+003  2.7832859e+000
  2.8568382e+003  2.7994254e+000
  2.8593073e+003  2.6910116e+000
  2.8617765e+003  2.5528255e+000
  2.8646222e+003  2.6078655e+000
  2.8674680e+003  2.7306253e+000
  2.8703138e+003  2.6687802e+000
  2.8731595e+003  2.6607425e+000
  2.8760053e+003  2.5885715e+000
  2.8788510e+003  2.5858338e+000
  2.8816968e+003  2.8315318e+000
  2.8845425e+003  2.8356910e+000
  2.8873883e+003  2.8124988e+000
  2.8902341e+003  2.8588588e+000
  2.8930312e+003  2.8230952e+000
  2.8957960e+003  2.8464004e+000
  2.8985608e+003  2.6996517e+000
  2.9013255e+003  2.6489315e+000
  2.9040903e+003  2.5024911e+000
  2.9068551e+003  2.5815800e+000
  2.9096199e+003  2.5746538e+000
  2.9123846e+003  2.6770169e+000
  2.9151494e+003  2.6392638e+000
  2.9179142e+003  2.6328297e+000
  2.9206546e+003  2.6603236e+000
  2.9232979e+003  2.8510043e+000
  2.9259412e+003  2.7668078e+000
  2.9285845e+003  2.8700590e+000
  2.9312278e+003  2.8594080e+000
  2.9338711e+003  2.8627777e+000
  2.9365144e+003  2.6862254e+000
  2.9391577e+003  2.7883991e+000
  2.9418010e+003  2.8733120e+000
  2.9444443e+003  2.6743283e+000
  2.9470876e+003  2.5379951e+000
  2.9495778e+003  2.4539158e+000
  2.9520298e+003  2.3112195e+000
  2.9544818e+003  2.3071019e+000
  2.9569338e+003  2.4208807e+000
  2.9593858e+003  2.2944960e+000
  2.9618379e+003  2.2769773e+000
  2.9642899e+003  2.5151320e+000
  2.9667419e+003  2.5889920e+000
  2.9691939e+003  2.4389292e+000
  2.9716459e+003  2.5445972e+000
  2.9741391e+003  2.5223691e+000
  2.9766942e+003  2.7114677e+000
  2.9792493e+003  2.6642545e+000
  2.9818044e+003  2.6875223e+000
  2.9843595e+003  2.8420688e+000
  2.9869146e+003  2.7869792e+000
  2.9894697e+003  2.8091793e+000
  2.9920248e+003  2.6244983e+000
  2.9945799e+003  2.4314431e+000
  2.9971350e+003  2.5106454e+000
  2.9996901e+003  2.5366583e+000
  3.0021840e+003  2.5678833e+000
  3.0046780e+003  2.5612429e+000
  3.0071719e+003  2.5819923e+000
  3.0096658e+003  2.7191878e+000
  3.0146537e+003  2.8013383e+000
  3.0196415e+003  2.8179376e+000
  3.0246294e+003  2.8751188e+000
  3.0300365e+003  2.8507821e+000
  3.0355484e+003  2.6807170e+000
  3.0410604e+003  2.4886472e+000
  3.0465723e+003  2.4501526e+000
  3.0520842e+003  2.5876883e+000
  3.0575807e+003  2.6721116e+000
  3.0630670e+003  2.6875257e+000
  3.0685532e+003  2.5021354e+000
  3.0740395e+003  2.3088356e+000
  3.0795257e+003  2.4068984e+000
  3.0850024e+003  2.4470466e+000
  3.0904646e+003  2.4621103e+000
  3.0959268e+003  2.4457402e+000
  3.1013891e+003  2.3033510e+000
  3.1068513e+003  2.5415958e+000
  3.1122591e+003  2.5424656e+000
  3.1174488e+003  2.4419102e+000
  3.1226385e+003  2.4223676e+000
  3.1278282e+003  2.4864357e+000
  3.1330180e+003  2.5828861e+000
  3.1382077e+003  2.6196898e+000
  3.1433366e+003  2.6968620e+000
  3.1484654e+003  2.7420625e+000
  3.1535943e+003  2.8122036e+000
  3.1587232e+003  2.7359954e+000
  3.1638521e+003  2.7069363e+000
  3.1688528e+003  2.5176144e+000
  3.1738216e+003  2.3098866e+000
  3.1787904e+003  2.3669072e+000
  3.1837591e+003  2.3996238e+000
  3.1887279e+003  2.5004683e+000
  3.1936552e+003  2.5543391e+000
  3.1985548e+003  2.5165070e+000
  3.2034544e+003  2.4386198e+000
  3.2083540e+003  2.3101450e+000
  3.2132536e+003  2.4494194e+000
  3.2179188e+003  2.3772684e+000
  3.2222324e+003  2.3611073e+000
  3.2265460e+003  2.3775964e+000
  3.2308596e+003  2.5606935e+000
  3.2351732e+003  2.4862616e+000
  3.2394906e+003  2.5656707e+000
  3.2438230e+003  2.4850926e+000
  3.2481554e+003  2.6019552e+000
  3.2524879e+003  2.3989163e+000
  3.2568203e+003  2.3981811e+000
  3.2611527e+003  2.3923153e+000
  3.2658016e+003  2.5259641e+000
  3.2704505e+003  2.5158495e+000
  3.2750993e+003  2.6758285e+000
  3.2797482e+003  2.6347709e+000
  3.2843971e+003  2.6945572e+000
  3.2899622e+003  2.6152834e+000
  3.2957564e+003  2.7585501e+000
  3.3015506e+003  3.0142089e+000
  3.3073447e+003  3.0998335e+000
  3.3131389e+003  3.0667401e+000
  3.3183764e+003  2.7790794e+000
  3.3232427e+003  2.7294698e+000
  3.3281090e+003  2.5825278e+000
  3.3329752e+003  2.4642143e+000
  3.3378415e+003  2.5649683e+000
  3.3428052e+003  2.5689160e+000
  3.3479148e+003  2.6098669e+000
  3.3530244e+003  2.7655027e+000
  3.3581341e+003  2.6672714e+000
  3.3632437e+003  2.5401859e+000
  3.3683769e+003  2.5798960e+000
  3.3736046e+003  2.5345210e+000
  3.3788323e+003  2.4691329e+000
  3.3840600e+003  2.5134513e+000
  3.3892877e+003  2.7057669e+000
  3.3945154e+003  2.7055803e+000
  3.3989827e+003  2.6061912e+000
  3.4034501e+003  2.5170370e+000
  3.4079174e+003  2.4387836e+000
  3.4123847e+003  2.4896365e+000
  3.4168520e+003  2.5030382e+000
  3.4213822e+003  2.4426489e+000
  3.4259280e+003  2.3450364e+000
  3.4304738e+003  2.4604424e+000
  3.4350196e+003  2.5570021e+000
  3.4395654e+003  2.4736667e+000
  3.4444400e+003  2.2581361e+000
  3.4495337e+003  2.2583242e+000
  3.4546274e+003  2.4048990e+000
  3.4597211e+003  2.4838495e+000
  3.4648149e+003  2.3935973e+000
  3.4701603e+003  2.4346941e+000
  3.4758833e+003  2.5869631e+000
  3.4816064e+003  2.4459910e+000
  3.4873294e+003  2.2801023e+000
  3.4930524e+003  2.2452715e+000
  3.4986772e+003  2.3602456e+000
  3.5039089e+003  2.3428845e+000
  3.5091406e+003  2.4180876e+000
  3.5143723e+003  2.2922994e+000
  3.5196040e+003  2.3129313e+000
  3.5248357e+003  2.3305883e+000
  3.5295826e+003  2.3975594e+000
  3.5343295e+003  2.4659487e+000
  3.5390763e+003  2.5410704e+000
  3.5438232e+003  2.4996644e+000
  3.5485701e+003  2.3652515e+000
  3.5537175e+003  2.2815599e+000
  3.5589651e+003  2.3656531e+000
  3.5642127e+003  2.4682735e+000
  3.5694603e+003  2.4815331e+000
  3.5747079e+003  2.4967421e+000
  3.5797282e+003  2.4149411e+000
  3.5845968e+003  2.2493019e+000
  3.5894655e+003  2.3017716e+000
  3.5943342e+003  2.5429443e+000
  3.5992029e+003  2.5161520e+000
  3.6039296e+003  2.5101678e+000
  3.6084433e+003  2.3479183e+000
  3.6129570e+003  2.3583331e+000
  3.6174707e+003  2.4517072e+000
  3.6219843e+003  2.2924667e+000
  3.6265656e+003  2.3966619e+000
  3.6314169e+003  2.5593431e+000
  3.6362683e+003  2.6872683e+000
  3.6411196e+003  2.7687370e+000
  3.6459710e+003  2.6477526e+000
  3.6508223e+003  2.4050003e+000
  3.6557707e+003  2.3435776e+000
  3.6607190e+003  2.3183600e+000
  3.6656673e+003  2.5016817e+000
  3.6706156e+003  2.5380652e+000
  3.6755639e+003  2.7622558e+000
  3.6805285e+003  2.8069350e+000
  3.6854971e+003  2.5727719e+000
  3.6904657e+003  2.4082411e+000
  3.6954343e+003  2.3390921e+000
  3.7004029e+003  2.2808308e+000
  3.7054901e+003  2.3759602e+000
  3.7106564e+003  2.4124967e+000
  3.7158228e+003  2.4611868e+000
  3.7209891e+003  2.6445838e+000
  3.7261554e+003  2.6538472e+000
  3.7312970e+003  2.3330369e+000
  3.7364014e+003  2.1912437e+000
  3.7415058e+003  2.3558312e+000
  3.7466102e+003  2.2927318e+000
  3.7517147e+003  2.3244687e+000
  3.7567443e+003  2.5594305e+000
  3.7614749e+003  2.4418767e+000
  3.7662056e+003  2.3370026e+000
  3.7709362e+003  2.2904393e+000
  3.7756668e+003  2.2473234e+000
  3.7803974e+003  2.4476806e+000
  3.7851348e+003  2.4368565e+000
  3.7898723e+003  2.4111152e+000
  3.7946097e+003  2.3326213e+000
  3.7993471e+003  2.4171481e+000
  3.8040845e+003  2.5703251e+000
  3.8092206e+003  2.3617195e+000
  3.8144563e+003  2.4623308e+000
  3.8196921e+003  2.4054534e+000
  3.8249278e+003  2.3627024e+000
  3.8301635e+003  2.3509891e+000
  3.8352894e+003  2.5843178e+000
  3.8403420e+003  2.6207410e+000
  3.8453946e+003  2.4126606e+000
  3.8504473e+003  2.2165911e+000
  3.8554999e+003  2.2357261e+000
  3.8603943e+003  2.2646167e+000
  3.8650515e+003  2.2528410e+000
  3.8697087e+003  2.2488449e+000
  3.8743658e+003  2.5282455e+000
  3.8790230e+003  2.5154082e+000
  3.8838324e+003  2.6067820e+000
  3.8892509e+003  2.3681802e+000
  3.8946694e+003  2.3137010e+000
  3.9000878e+003  2.2497589e+000
  3.9055063e+003  2.4177238e+000
  3.9109247e+003  2.2847660e+000
  3.9159699e+003  2.2835858e+000
  3.9210151e+003  2.2289791e+000
  3.9260603e+003  2.4276367e+000
  3.9311055e+003  2.4413771e+000
  3.9361506e+003  2.2660830e+000
  3.9411919e+003  2.2512576e+000
  3.9462322e+003  2.1913801e+000
  3.9512724e+003  2.3271942e+000
  3.9563127e+003  2.3959929e+000
  3.9613530e+003  2.3763785e+000
  3.9664211e+003  2.2617953e+000
  3.9715077e+003  2.2495946e+000
  3.9765944e+003  2.3013707e+000
  3.9816811e+003  2.3659870e+000
  3.9867678e+003  2.3676184e+000
  3.9918620e+003  2.4150550e+000
  3.9969677e+003  2.4181535e+000
  4.0020733e+003  2.6021777e+000
  4.0071789e+003  2.6562525e+000
  4.0122845e+003  2.5921269e+000
  4.0172727e+003  2.5218524e+000
  4.0217914e+003  2.3242473e+000
  4.0263100e+003  2.3091877e+000
  4.0308287e+003  2.4272781e+000
  4.0353473e+003  2.3782935e+000
  4.0398660e+003  2.4754870e+000
  4.0440074e+003  2.5288208e+000
  4.0481488e+003  2.5633852e+000
  4.0522902e+003  2.5249870e+000
  4.0564316e+003  2.4204120e+000
  4.0605730e+003  2.4173388e+000
  4.0650300e+003  2.4581210e+000
  4.0695658e+003  2.3716156e+000
  4.0741016e+003  2.4444227e+000
  4.0786374e+003  2.3838479e+000
  4.0831732e+003  2.3748763e+000
  4.0877456e+003  2.3919026e+000
  4.0923424e+003  2.4318761e+000
  4.0969392e+003  2.4341541e+000
  4.1015359e+003  2.2300896e+000
  4.1061327e+003  2.2426981e+000
  4.1107369e+003  2.2338872e+000
  4.1153523e+003  2.2744322e+000
  4.1199677e+003  2.3020338e+000
  4.1245832e+003  2.3564040e+000
  4.1291986e+003  2.1823725e+000
  4.1337536e+003  2.3366799e+000
  4.1380674e+003  2.2777739e+000
  4.1423811e+003  2.3376104e+000
  4.1466948e+003  2.4716222e+000
  4.1510085e+003  2.5241647e+000
  4.1553222e+003  2.4716461e+000
  4.1598852e+003  2.3601171e+000
  4.1644482e+003  2.4233406e+000
  4.1690112e+003  2.3539854e+000
  4.1735741e+003  2.2329891e+000
  4.1781371e+003  2.2153178e+000
  4.1826286e+003  2.3065955e+000
  4.1871023e+003  2.4007085e+000
  4.1915760e+003  2.4656391e+000
  4.1960496e+003  2.4021408e+000
  4.2005233e+003  2.3590495e+000
  4.2049937e+003  2.2061818e+000
  4.2094619e+003  2.3578707e+000
  4.2139302e+003  2.3441747e+000
  4.2183984e+003  2.2725196e+000
  4.2228666e+003  2.3912883e+000
  4.2274088e+003  2.3913329e+000
  4.2320621e+003  2.4242372e+000
  4.2367153e+003  2.3527878e+000
  4.2413685e+003  2.4569031e+000
  4.2460218e+003  2.3119531e+000
  4.2508356e+003  2.3183462e+000
  4.2562920e+003  2.2393573e+000
  4.2617484e+003  2.4209533e+000
  4.2672048e+003  2.2564655e+000
  4.2726612e+003  2.3076290e+000
  4.2781176e+003  2.3760720e+000
  4.2842940e+003  2.3895548e+000
  4.2904703e+003  2.3951350e+000
  4.2966467e+003  2.2360786e+000
  4.3028231e+003  2.2199960e+000
  4.3089995e+003  2.2145418e+000
  4.3146685e+003  2.2042618e+000
  4.3202105e+003  2.1873220e+000
  4.3257526e+003  2.3613249e+000
  4.3312947e+003  2.2134513e+000
  4.3368368e+003  2.0889004e+000
  4.3424917e+003  2.2321667e+000
  4.3482220e+003  2.2007134e+000
  4.3539522e+003  2.2486288e+000
  4.3596825e+003  2.3855313e+000
  4.3654127e+003  2.4342888e+000
  4.3712278e+003  2.3149889e+000
  4.3771701e+003  2.2543131e+000
  4.3831124e+003  2.3414389e+000
  4.3890547e+003  2.1173840e+000
  4.3949970e+003  2.1896103e+000
  4.4008596e+003  2.2964582e+000
  4.4064031e+003  2.3451406e+000
  4.4119466e+003  2.4437694e+000
  4.4174901e+003  2.3853625e+000
  4.4230337e+003  2.4874543e+000
  4.4285772e+003  2.3316899e+000
  4.4334339e+003  2.3008637e+000
  4.4382906e+003  2.2414967e+000
  4.4431473e+003  2.2776922e+000
  4.4480040e+003  2.2384089e+000
  4.4528607e+003  2.2633304e+000
  4.4578125e+003  2.3872477e+000
  4.4627882e+003  2.3091775e+000
  4.4677639e+003  2.2127006e+000
  4.4727395e+003  2.2084622e+000
  4.4777152e+003  2.2285536e+000
  4.4826163e+003  2.2203809e+000
  4.4874677e+003  2.3135778e+000
  4.4923190e+003  2.2772236e+000
  4.4971704e+003  2.4596946e+000
  4.5020218e+003  2.4611197e+000
  4.5069766e+003  2.4799802e+000
  4.5120865e+003  2.4260026e+000
  4.5171964e+003  2.2868209e+000
  4.5223063e+003  2.3518232e+000
  4.5274162e+003  2.1461583e+000
  4.5324759e+003  2.3719947e+000
  4.5373346e+003  2.4039186e+000
  4.5421932e+003  2.4535868e+000
  4.5470518e+003  2.2285251e+000
  4.5519105e+003  2.1723183e+000
  4.5567691e+003  2.2418374e+000
  4.5619078e+003  2.2626064e+000
  4.5670464e+003  2.3799966e+000
  4.5721850e+003  2.2909990e+000
  4.5773236e+003  2.3398635e+000
  4.5824623e+003  2.5237436e+000
  4.5875391e+003  2.4698964e+000
  4.5926006e+003  2.4620199e+000
  4.5976620e+003  2.3569938e+000
  4.6027235e+003  2.3631021e+000
  4.6077849e+003  2.3397935e+000
  4.6130451e+003  2.4462362e+000
  4.6184377e+003  2.5049131e+000
  4.6238303e+003  2.4108800e+000
  4.6292229e+003  2.4036708e+000
  4.6346156e+003  2.3702404e+000
  4.6399988e+003  2.3794820e+000
  4.6453678e+003  2.3088677e+000
  4.6507369e+003  2.3067389e+000
  4.6561059e+003  2.2948276e+000
  4.6614750e+003  2.4485276e+000
  4.6668274e+003  2.4859215e+000
  4.6721133e+003  2.2438013e+000
  4.6773991e+003  2.3329998e+000
  4.6826850e+003  2.2187391e+000
  4.6879709e+003  2.2801068e+000
  4.6932567e+003  2.2212947e+000
  4.6994481e+003  2.4158939e+000
  4.7056396e+003  2.5330018e+000
  4.7118310e+003  2.4425831e+000
  4.7180224e+003  2.4866756e+000
  4.7242138e+003  2.3272971e+000
  4.7300505e+003  2.2832107e+000
  4.7357985e+003  2.3941750e+000
  4.7415465e+003  2.3053835e+000
  4.7472945e+003  2.4917804e+000
  4.7530425e+003  2.4991516e+000
  4.7587166e+003  2.4502809e+000
  4.7643414e+003  2.2659235e+000
  4.7699663e+003  2.3231013e+000
  4.7755911e+003  2.3989482e+000
  4.7812160e+003  2.2194963e+000
  4.7866286e+003  2.2815813e+000
  4.7917228e+003  2.3587512e+000
  4.7968170e+003  2.5626918e+000
  4.8019112e+003  2.5276147e+000
  4.8070055e+003  2.3631578e+000
  4.8119366e+003  2.3452306e+000
  4.8162151e+003  2.2870254e+000
  4.8204937e+003  2.3170877e+000
  4.8247723e+003  2.3535598e+000
  4.8290509e+003  2.3543023e+000
  4.8333295e+003  2.5086420e+000
  4.8379122e+003  2.5131381e+000
  4.8424948e+003  2.3932141e+000
  4.8470775e+003  2.1904873e+000
  4.8516602e+003  2.2114313e+000
  4.8562428e+003  2.3157097e+000
  4.8605144e+003  2.3985997e+000
  4.8647081e+003  2.5969383e+000
  4.8689019e+003  2.6645526e+000
  4.8730956e+003  2.4397131e+000
  4.8772894e+003  2.4227954e+000
  4.8811377e+003  2.3377059e+000
  4.8847556e+003  2.2356189e+000
  4.8883735e+003  2.2212092e+000
  4.8919914e+003  2.2692015e+000
  4.8956094e+003  2.5367242e+000
  4.8996405e+003  2.6283873e+000
  4.9042914e+003  2.6589054e+000
  4.9089423e+003  2.5129981e+000
  4.9135932e+003  2.3891338e+000
  4.9182441e+003  2.2142102e+000
  4.9229794e+003  2.2113283e+000
  4.9280525e+003  2.3186173e+000
  4.9331257e+003  2.1309827e+000
  4.9381988e+003  2.2729894e+000
  4.9432719e+003  2.3922303e+000
  4.9483450e+003  2.4300694e+000
  4.9535747e+003  2.3862991e+000
  4.9588043e+003  2.4066247e+000
  4.9640339e+003  2.1992513e+000
  4.9692636e+003  2.2189969e+000
  4.9744932e+003  2.2677573e+000
  4.9799129e+003  2.2882274e+000
  4.9853801e+003  2.3045703e+000
  4.9908473e+003  2.5260118e+000
  4.9963146e+003  2.3094453e+000
  5.0017818e+003  2.1012109e+000
  5.0063568e+003  2.2068990e+000
  5.0103370e+003  2.1543357e+000
  5.0143172e+003  2.3112491e+000
  5.0182974e+003  2.3028904e+000
  5.0222775e+003  2.2270904e+000
  5.0264154e+003  2.1005561e+000
  5.0307897e+003  2.1020037e+000
  5.0351639e+003  2.1304332e+000
  5.0395382e+003  2.1504921e+000
  5.0439125e+003  2.4178670e+000
  5.0483008e+003  2.5343440e+000
  5.0527449e+003  2.3998718e+000
  5.0571890e+003  2.4185153e+000
  5.0616332e+003  2.2083423e+000
  5.0660773e+003  2.2566177e+000
  5.0705215e+003  2.2880311e+000
  5.0744074e+003  2.0475361e+000
  5.0782934e+003  2.1360421e+000
  5.0821794e+003  2.1680305e+000
  5.0860653e+003  2.0200900e+000
  5.0899513e+003  2.2433080e+000
  5.0934048e+003  2.3625346e+000
  5.0967503e+003  2.4040161e+000
  5.1000957e+003  2.2766837e+000
  5.1034411e+003  2.2237181e+000
  5.1067866e+003  2.1567010e+000
  5.1115147e+003  2.0800985e+000
  5.1171646e+003  2.0380403e+000
  5.1228146e+003  2.0130442e+000
  5.1284645e+003  2.3025626e+000
  5.1341144e+003  2.2573730e+000
  5.1402751e+003  2.2518740e+000
  5.1472022e+003  2.2714394e+000
  5.1541292e+003  2.1750381e+000
  5.1610562e+003  2.3058271e+000
  5.1679832e+003  2.3810131e+000
  5.1747451e+003  2.5700185e+000
  5.1808468e+003  2.4685005e+000
  5.1869485e+003  2.3800104e+000
  5.1930502e+003  2.3584311e+000
  5.1991520e+003  2.1840647e+000
  5.2052537e+003  2.2194528e+000
  5.2096871e+003  2.3600267e+000
  5.2141205e+003  2.3202512e+000
  5.2185539e+003  2.2263825e+000
  5.2229873e+003  2.2006948e+000
  5.2274207e+003  2.2930299e+000
  5.2317988e+003  2.3353299e+000
  5.2361630e+003  2.1288975e+000
  5.2405272e+003  2.2844382e+000
  5.2448914e+003  2.3334352e+000
  5.2492557e+003  2.4159808e+000
  5.2537302e+003  2.4483737e+000
  5.2582784e+003  2.3684672e+000
  5.2628265e+003  2.3357480e+000
  5.2673746e+003  2.1624159e+000
  5.2719227e+003  2.2544619e+000
  5.2768244e+003  2.2477061e+000
  5.2822564e+003  2.1631280e+000
  5.2876885e+003  2.2775248e+000
  5.2931205e+003  2.3332042e+000
  5.2985525e+003  2.2676371e+000
      5.325e+003  2.0510408e+000
