   1.5324947854716700e-01	  -1.1228737681512399e+01	   3.5168207521124102e+00	
   1.5814866623888299e-01	  -3.8249937146753998e+00	  -7.6185175026380503e-01	
   1.1719014716957001e-01	   2.2881480595606600e+00	   1.8023370268462300e+00	
   1.5506177511293301e-01	  -1.2977008195644000e+00	  -6.3515296372849595e-01	
   2.1733390594175100e-01	   3.8097354130549699e-01	  -1.4630171199921000e+00	
   1.5016258742121699e-01	   1.5490417635330200e+00	  -8.8394191276981698e-02	
   2.1170963090856801e-01	  -8.1076820928625903e-01	  -5.7798064656549397e-01	
   1.5633636967311701e-01	  -9.1835844209588502e-01	   1.9608372688942799e-01	
   1.4835029085545101e-01	   2.5689561073577299e-01	  -5.2469731230502403e-01	
   2.0692489803068800e-01	  -3.3578391340267799e-01	  -1.9479215012864402e-02	
   2.1252516509038299e-01	   2.6765922854019603e-01	   1.2891541711689999e-01	
   2.2999287596920201e-01	   6.9618973318895799e-02	   7.4623171406128494e-02	
   3.0649895709433400e-01	   2.4734974816961599e-02	   1.4046439534097401e-02	
   3.1139814478605099e-01	   1.3835372762118100e-02	   3.0473666884042201e-02	
   4.8991876917159997e-03	  -1.6047984872199400e-01	   5.9407796893425700e-02	
   2.6493360158851298e-01	  -1.5549049332290400e+01	  -9.7040628711053198e+00	
   2.8015135035094502e-01	   1.5431955636170100e+01	   4.7524727113152503e+00	
   3.3111095025189902e-01	   9.0992249352733996e+00	  -1.0611524488739001e+01	
   3.2802405912594901e-01	  -7.8706538401366899e+00	   6.6154424606350304e+00	
   3.2621176256018303e-01	   8.1378614475445099e-01	  -4.5264140809924598e+00	
   2.6974234243988099e-01	   6.9044850431485699e-02	  -3.3163926096955798e+00	
   3.3292324681766500e-01	   1.4405077078596700e+00	   1.0633928605012000e+00	
   3.7163892568356699e-01	   9.2532427658052796e-01	  -1.0206675867215400e+00	
   2.7536661747306501e-01	   9.9762884651379602e-01	  -3.6290649684003901e-01	
   3.2312487143423302e-01	  -3.7863798610762900e-01	   5.2721789174218303e-01	
   2.5939691299495798e-01	   3.3947775051703299e-01	  -5.6050946153834202e-01	
   3.2493716799999900e-01	  -5.7608266976230804e-01	   1.1866957273933800e+00	
   3.3419784137785002e-01	   3.4690606436982802e-01	  -6.4818970148728505e-01	
   2.7455108329125000e-01	  -4.4177241756975300e-01	   2.8957621042380399e-01	
   4.1818308013568001e-01	  -1.8488406464501100e-02	   1.0963239017529700e-01	
   1.1168412304134601e-01	  -4.2800672818623903e-01	   3.5700634231668998e-01	
   4.3340082889811199e-01	  -4.9199219454561004e-03	  -1.0614887363933601e-01	
   1.2690187180377699e-01	   2.5750991821734098e-01	  -3.7763979422336602e-01
   3.3360101379436160e-01         -4.2180926401612900e-01          3.2243275094375580e-01
   1.7786147170473200e-01         -1.6182772232827100e-01         -3.6268386940785800e-01	