  -15.00      0.3260E-01  0.3260E-01  0.6375E-01  0.6375E-01
  -14.95      0.3265E-01  0.3265E-01  0.6379E-01  0.6379E-01
  -14.90      0.3270E-01  0.3270E-01  0.6383E-01  0.6383E-01
  -14.85      0.3275E-01  0.3275E-01  0.6386E-01  0.6386E-01
  -14.80      0.3279E-01  0.3279E-01  0.6390E-01  0.6390E-01
  -14.75      0.3284E-01  0.3284E-01  0.6394E-01  0.6394E-01
  -14.70      0.3289E-01  0.3289E-01  0.6398E-01  0.6398E-01
  -14.65      0.3294E-01  0.3294E-01  0.6401E-01  0.6401E-01
  -14.60      0.3299E-01  0.3299E-01  0.6405E-01  0.6405E-01
  -14.55      0.3304E-01  0.3304E-01  0.6409E-01  0.6409E-01
  -14.50      0.3308E-01  0.3308E-01  0.6413E-01  0.6413E-01
  -14.45      0.3313E-01  0.3313E-01  0.6416E-01  0.6416E-01
  -14.40      0.3318E-01  0.3318E-01  0.6420E-01  0.6420E-01
  -14.35      0.3323E-01  0.3323E-01  0.6424E-01  0.6424E-01
  -14.30      0.3328E-01  0.3328E-01  0.6428E-01  0.6428E-01
  -14.25      0.3333E-01  0.3333E-01  0.6431E-01  0.6431E-01
  -14.20      0.3338E-01  0.3338E-01  0.6435E-01  0.6435E-01
  -14.15      0.3343E-01  0.3343E-01  0.6439E-01  0.6439E-01
  -14.10      0.3348E-01  0.3348E-01  0.6443E-01  0.6443E-01
  -14.05      0.3353E-01  0.3353E-01  0.6446E-01  0.6446E-01
  -14.00      0.3358E-01  0.3358E-01  0.6450E-01  0.6450E-01
  -13.95      0.3363E-01  0.3363E-01  0.6454E-01  0.6454E-01
  -13.90      0.3369E-01  0.3369E-01  0.6458E-01  0.6458E-01
  -13.85      0.3374E-01  0.3374E-01  0.6461E-01  0.6461E-01
  -13.80      0.3379E-01  0.3379E-01  0.6465E-01  0.6465E-01
  -13.75      0.3384E-01  0.3384E-01  0.6469E-01  0.6469E-01
  -13.70      0.3389E-01  0.3389E-01  0.6473E-01  0.6473E-01
  -13.65      0.3394E-01  0.3394E-01  0.6476E-01  0.6476E-01
  -13.60      0.3400E-01  0.3400E-01  0.6480E-01  0.6480E-01
  -13.55      0.3405E-01  0.3405E-01  0.6484E-01  0.6484E-01
  -13.50      0.3410E-01  0.3410E-01  0.6488E-01  0.6488E-01
  -13.45      0.3415E-01  0.3415E-01  0.6491E-01  0.6491E-01
  -13.40      0.3421E-01  0.3421E-01  0.6495E-01  0.6495E-01
  -13.35      0.3426E-01  0.3426E-01  0.6499E-01  0.6499E-01
  -13.30      0.3431E-01  0.3431E-01  0.6503E-01  0.6503E-01
  -13.25      0.3437E-01  0.3437E-01  0.6506E-01  0.6506E-01
  -13.20      0.3442E-01  0.3442E-01  0.6510E-01  0.6510E-01
  -13.15      0.3448E-01  0.3448E-01  0.6514E-01  0.6514E-01
  -13.10      0.3453E-01  0.3453E-01  0.6518E-01  0.6518E-01
  -13.05      0.3458E-01  0.3458E-01  0.6521E-01  0.6521E-01
  -13.00      0.4948E-01  0.3464E-01  0.6525E-01  0.6525E-01
  -12.95      0.4956E-01  0.3469E-01  0.6529E-01  0.6529E-01
  -12.90      0.4964E-01  0.3475E-01  0.6533E-01  0.6533E-01
  -12.85      0.4972E-01  0.3480E-01  0.6536E-01  0.6536E-01
  -12.80      0.4980E-01  0.3486E-01  0.6540E-01  0.6540E-01
  -12.75      0.4988E-01  0.3491E-01  0.6544E-01  0.6544E-01
  -12.70      0.4996E-01  0.3497E-01  0.6548E-01  0.6548E-01
  -12.65      0.5004E-01  0.3503E-01  0.6551E-01  0.6551E-01
  -12.60      0.5012E-01  0.3508E-01  0.6555E-01  0.6555E-01
  -12.55      0.5020E-01  0.3514E-01  0.6559E-01  0.6559E-01
  -12.50      0.5028E-01  0.3520E-01  0.6563E-01  0.6563E-01
  -12.45      0.5036E-01  0.3525E-01  0.6566E-01  0.6566E-01
  -12.40      0.5044E-01  0.3531E-01  0.6570E-01  0.6570E-01
  -12.35      0.5052E-01  0.3537E-01  0.6574E-01  0.6574E-01
  -12.30      0.5061E-01  0.3542E-01  0.6578E-01  0.6578E-01
  -12.25      0.5069E-01  0.3548E-01  0.6581E-01  0.6581E-01
  -12.20      0.5077E-01  0.3554E-01  0.6585E-01  0.6585E-01
  -12.15      0.5085E-01  0.3560E-01  0.6589E-01  0.6589E-01
  -12.10      0.5094E-01  0.3566E-01  0.6593E-01  0.6593E-01
  -12.05      0.5102E-01  0.3571E-01  0.6596E-01  0.6596E-01
  -12.00      0.5110E-01  0.3577E-01  0.6600E-01  0.6600E-01
  -11.95      0.5119E-01  0.3583E-01  0.6604E-01  0.6604E-01
  -11.90      0.5127E-01  0.3589E-01  0.6608E-01  0.6608E-01
  -11.85      0.5136E-01  0.3595E-01  0.6611E-01  0.6611E-01
  -11.80      0.5144E-01  0.3601E-01  0.6615E-01  0.6615E-01
  -11.75      0.5153E-01  0.3607E-01  0.6619E-01  0.6619E-01
  -11.70      0.5161E-01  0.3613E-01  0.6623E-01  0.6623E-01
  -11.65      0.5170E-01  0.3619E-01  0.6626E-01  0.6626E-01
  -11.60      0.5178E-01  0.3625E-01  0.6630E-01  0.6630E-01
  -11.55      0.5187E-01  0.3631E-01  0.6634E-01  0.6634E-01
  -11.50      0.5196E-01  0.3637E-01  0.6638E-01  0.6638E-01
  -11.45      0.5205E-01  0.3643E-01  0.6641E-01  0.6641E-01
  -11.40      0.5213E-01  0.3649E-01  0.6645E-01  0.6645E-01
  -11.35      0.5222E-01  0.3655E-01  0.6649E-01  0.6649E-01
  -11.30      0.5231E-01  0.3662E-01  0.6653E-01  0.6653E-01
  -11.25      0.5240E-01  0.3668E-01  0.6656E-01  0.6656E-01
  -11.20      0.5249E-01  0.3674E-01  0.6660E-01  0.6660E-01
  -11.15      0.5258E-01  0.3680E-01  0.6664E-01  0.6664E-01
  -11.10      0.5266E-01  0.3687E-01  0.6668E-01  0.6668E-01
  -11.05      0.5275E-01  0.3693E-01  0.6671E-01  0.6671E-01
  -11.00      0.5284E-01  0.3699E-01  0.6675E-01  0.6675E-01
  -10.95      0.5293E-01  0.3705E-01  0.6679E-01  0.6679E-01
  -10.90      0.5303E-01  0.3712E-01  0.6683E-01  0.6683E-01
  -10.85      0.5312E-01  0.3718E-01  0.6686E-01  0.6686E-01
  -10.80      0.5321E-01  0.3725E-01  0.6690E-01  0.6690E-01
  -10.75      0.5330E-01  0.3731E-01  0.6694E-01  0.6694E-01
  -10.70      0.5339E-01  0.3737E-01  0.6698E-01  0.6698E-01
  -10.65      0.5348E-01  0.3744E-01  0.6701E-01  0.6701E-01
  -10.60      0.5358E-01  0.3750E-01  0.6705E-01  0.6705E-01
  -10.55      0.5367E-01  0.3757E-01  0.6709E-01  0.6709E-01
  -10.50      0.5376E-01  0.3763E-01  0.6713E-01  0.6713E-01
  -10.45      0.5386E-01  0.3770E-01  0.6716E-01  0.6716E-01
  -10.40      0.5395E-01  0.3777E-01  0.6720E-01  0.6720E-01
  -10.35      0.5404E-01  0.3783E-01  0.6724E-01  0.6724E-01
  -10.30      0.5414E-01  0.3790E-01  0.6728E-01  0.6728E-01
  -10.25      0.5423E-01  0.3796E-01  0.6731E-01  0.6731E-01
  -10.20      0.5433E-01  0.3803E-01  0.6735E-01  0.6735E-01
  -10.15      0.5442E-01  0.3810E-01  0.6739E-01  0.6739E-01
  -10.10      0.5452E-01  0.3816E-01  0.6743E-01  0.6743E-01
  -10.05      0.5462E-01  0.3823E-01  0.6746E-01  0.6746E-01
 -10.000      0.5471E-01  0.3830E-01  0.6750E-01  0.6750E-01
  -9.950      0.5481E-01  0.3837E-01  0.6754E-01  0.6754E-01
  -9.900      0.5491E-01  0.3844E-01  0.6758E-01  0.6758E-01
  -9.850      0.5501E-01  0.3850E-01  0.6761E-01  0.6761E-01
  -9.800      0.5510E-01  0.3857E-01  0.6765E-01  0.6765E-01
  -9.750      0.5520E-01  0.3864E-01  0.6769E-01  0.6769E-01
  -9.700      0.5530E-01  0.3871E-01  0.6773E-01  0.6773E-01
  -9.650      0.5540E-01  0.3878E-01  0.6776E-01  0.6776E-01
  -9.600      0.5550E-01  0.3885E-01  0.6780E-01  0.6780E-01
  -9.550      0.5560E-01  0.3892E-01  0.6784E-01  0.6784E-01
  -9.500      0.5570E-01  0.3899E-01  0.6788E-01  0.6788E-01
  -9.450      0.5580E-01  0.3906E-01  0.6791E-01  0.6791E-01
  -9.400      0.5590E-01  0.3913E-01  0.6795E-01  0.6795E-01
  -9.350      0.5600E-01  0.3920E-01  0.6799E-01  0.6799E-01
  -9.300      0.5610E-01  0.3927E-01  0.6803E-01  0.6803E-01
  -9.250      0.5621E-01  0.3934E-01  0.6806E-01  0.6806E-01
  -9.200      0.5631E-01  0.3942E-01  0.6810E-01  0.6810E-01
  -9.150      0.5641E-01  0.3949E-01  0.6814E-01  0.6814E-01
  -9.100      0.5651E-01  0.3956E-01  0.6818E-01  0.6818E-01
  -9.050      0.5662E-01  0.3963E-01  0.6821E-01  0.6821E-01
  -9.000      0.5672E-01  0.3970E-01  0.6825E-01  0.6825E-01
  -8.950      0.5682E-01  0.3978E-01  0.6829E-01  0.6829E-01
  -8.900      0.5693E-01  0.3985E-01  0.6833E-01  0.6833E-01
  -8.850      0.5703E-01  0.3992E-01  0.6836E-01  0.6836E-01
  -8.800      0.5714E-01  0.4000E-01  0.6840E-01  0.6840E-01
  -8.750      0.5724E-01  0.4007E-01  0.6844E-01  0.6844E-01
  -8.700      0.5735E-01  0.4015E-01  0.6848E-01  0.6848E-01
  -8.650      0.5746E-01  0.4022E-01  0.6851E-01  0.6851E-01
  -8.600      0.5756E-01  0.4029E-01  0.6855E-01  0.6855E-01
  -8.550      0.5767E-01  0.4037E-01  0.6859E-01  0.6859E-01
  -8.500      0.5778E-01  0.4044E-01  0.6863E-01  0.6863E-01
  -8.450      0.5789E-01  0.4052E-01  0.6866E-01  0.6866E-01
  -8.400      0.5799E-01  0.4060E-01  0.6870E-01  0.6870E-01
  -8.350      0.5810E-01  0.4067E-01  0.6874E-01  0.6874E-01
  -8.300      0.5821E-01  0.4075E-01  0.6878E-01  0.6878E-01
  -8.250      0.5832E-01  0.4082E-01  0.6881E-01  0.6881E-01
  -8.200      0.5843E-01  0.4090E-01  0.6885E-01  0.6885E-01
  -8.150      0.5854E-01  0.4098E-01  0.6889E-01  0.6889E-01
  -8.100      0.5865E-01  0.4106E-01  0.6893E-01  0.6893E-01
  -8.050      0.5876E-01  0.4113E-01  0.6896E-01  0.6896E-01
  -8.000      0.5887E-01  0.4121E-01  0.6900E-01  0.6900E-01
  -7.950      0.5898E-01  0.4129E-01  0.6904E-01  0.6904E-01
  -7.900      0.5910E-01  0.4137E-01  0.6908E-01  0.6908E-01
  -7.850      0.5921E-01  0.4145E-01  0.6911E-01  0.6911E-01
  -7.800      0.5932E-01  0.4153E-01  0.6915E-01  0.6915E-01
  -7.750      0.5943E-01  0.4160E-01  0.6919E-01  0.6919E-01
  -7.700      0.5955E-01  0.4168E-01  0.6923E-01  0.6923E-01
  -7.650      0.5966E-01  0.4176E-01  0.6926E-01  0.6926E-01
  -7.600      0.5978E-01  0.4184E-01  0.6930E-01  0.6930E-01
  -7.550      0.5989E-01  0.4192E-01  0.6934E-01  0.6934E-01
  -7.500      0.6001E-01  0.4200E-01  0.6938E-01  0.6938E-01
  -7.450      0.6012E-01  0.4209E-01  0.6941E-01  0.6941E-01
  -7.400      0.6024E-01  0.4217E-01  0.6945E-01  0.6945E-01
  -7.350      0.6035E-01  0.4225E-01  0.6949E-01  0.6949E-01
  -7.300      0.6047E-01  0.4233E-01  0.6953E-01  0.6953E-01
  -7.250      0.6059E-01  0.4241E-01  0.6956E-01  0.6956E-01
  -7.200      0.6071E-01  0.4249E-01  0.6960E-01  0.6960E-01
  -7.150      0.6082E-01  0.4258E-01  0.6964E-01  0.6964E-01
  -7.100      0.6094E-01  0.4266E-01  0.6968E-01  0.6968E-01
  -7.050      0.6106E-01  0.4274E-01  0.6971E-01  0.6971E-01
  -7.000      0.6118E-01  0.4283E-01  0.6975E-01  0.6975E-01
  -6.950      0.6130E-01  0.4291E-01  0.6979E-01  0.6979E-01
  -6.900      0.6142E-01  0.4299E-01  0.6983E-01  0.6983E-01
  -6.850      0.6154E-01  0.4308E-01  0.6986E-01  0.6986E-01
  -6.800      0.6166E-01  0.4316E-01  0.6990E-01  0.6990E-01
  -6.750      0.6178E-01  0.4325E-01  0.6994E-01  0.6994E-01
  -6.700      0.6190E-01  0.4333E-01  0.6998E-01  0.6998E-01
  -6.650      0.6203E-01  0.4342E-01  0.7001E-01  0.7001E-01
  -6.600      0.6215E-01  0.4350E-01  0.7005E-01  0.7005E-01
  -6.550      0.6227E-01  0.4359E-01  0.7009E-01  0.7009E-01
  -6.500      0.6240E-01  0.4368E-01  0.7013E-01  0.7013E-01
  -6.450      0.6252E-01  0.4376E-01  0.7016E-01  0.7016E-01
  -6.400      0.6264E-01  0.4385E-01  0.7020E-01  0.7020E-01
  -6.350      0.6277E-01  0.4394E-01  0.7024E-01  0.7024E-01
  -6.300      0.6289E-01  0.4403E-01  0.7028E-01  0.7028E-01
  -6.250      0.6302E-01  0.4411E-01  0.7031E-01  0.7031E-01
  -6.200      0.6314E-01  0.4420E-01  0.7035E-01  0.7035E-01
  -6.150      0.6327E-01  0.4429E-01  0.7039E-01  0.7039E-01
  -6.100      0.6340E-01  0.4438E-01  0.7043E-01  0.7043E-01
  -6.050      0.6353E-01  0.4447E-01  0.7046E-01  0.7046E-01
  -6.000      0.6365E-01  0.4456E-01  0.7050E-01  0.7050E-01
  -5.950      0.6378E-01  0.4465E-01  0.7054E-01  0.7054E-01
  -5.900      0.6391E-01  0.4474E-01  0.7058E-01  0.7058E-01
  -5.850      0.6404E-01  0.4483E-01  0.7061E-01  0.7061E-01
  -5.800      0.6417E-01  0.4492E-01  0.7065E-01  0.7065E-01
  -5.750      0.6430E-01  0.4501E-01  0.7069E-01  0.7069E-01
  -5.700      0.6443E-01  0.4510E-01  0.7073E-01  0.7073E-01
  -5.650      0.6456E-01  0.4519E-01  0.7076E-01  0.7076E-01
  -5.600      0.6469E-01  0.4528E-01  0.7080E-01  0.7080E-01
  -5.550      0.6482E-01  0.4538E-01  0.7084E-01  0.7084E-01
  -5.500      0.6495E-01  0.4547E-01  0.7088E-01  0.7088E-01
  -5.450      0.6509E-01  0.4556E-01  0.7091E-01  0.7091E-01
  -5.400      0.6522E-01  0.4565E-01  0.7095E-01  0.7095E-01
  -5.350      0.6535E-01  0.4575E-01  0.7099E-01  0.7099E-01
  -5.300      0.6549E-01  0.4584E-01  0.7103E-01  0.7103E-01
  -5.250      0.6562E-01  0.4594E-01  0.7106E-01  0.7106E-01
  -5.200      0.6576E-01  0.4603E-01  0.7110E-01  0.7110E-01
  -5.150      0.6589E-01  0.4612E-01  0.7114E-01  0.7114E-01
  -5.100      0.6603E-01  0.4622E-01  0.7118E-01  0.7118E-01
  -5.050      0.6616E-01  0.4632E-01  0.7121E-01  0.7121E-01
  -5.000      0.6630E-01  0.4641E-01  0.7125E-01  0.7125E-01
  -4.950      0.6644E-01  0.4651E-01  0.7129E-01  0.7129E-01
  -4.900      0.6658E-01  0.4660E-01  0.7133E-01  0.7133E-01
  -4.850      0.6671E-01  0.4670E-01  0.7136E-01  0.7136E-01
  -4.800      0.6685E-01  0.4680E-01  0.7140E-01  0.7140E-01
  -4.750      0.6699E-01  0.4689E-01  0.7144E-01  0.7144E-01
  -4.700      0.6713E-01  0.4699E-01  0.7148E-01  0.7148E-01
  -4.650      0.6727E-01  0.4709E-01  0.7151E-01  0.7151E-01
  -4.600      0.6741E-01  0.4719E-01  0.7155E-01  0.7155E-01
  -4.550      0.6755E-01  0.4729E-01  0.7159E-01  0.7159E-01
  -4.500      0.6769E-01  0.4739E-01  0.7163E-01  0.7163E-01
  -4.450      0.6784E-01  0.4749E-01  0.7166E-01  0.7166E-01
  -4.400      0.6798E-01  0.4759E-01  0.7170E-01  0.7170E-01
  -4.350      0.6812E-01  0.4769E-01  0.7174E-01  0.7174E-01
  -4.300      0.6826E-01  0.4779E-01  0.7178E-01  0.7178E-01
  -4.250      0.6841E-01  0.4789E-01  0.7181E-01  0.7181E-01
  -4.200      0.6855E-01  0.4799E-01  0.7185E-01  0.7185E-01
  -4.150      0.6870E-01  0.4809E-01  0.7189E-01  0.7189E-01
  -4.100      0.6884E-01  0.4819E-01  0.7193E-01  0.7193E-01
  -4.050      0.6899E-01  0.4829E-01  0.7196E-01  0.7196E-01
  -4.000      0.6914E-01  0.4839E-01  0.7200E-01  0.7200E-01
  -3.950      0.6928E-01  0.4850E-01  0.7204E-01  0.7204E-01
  -3.900      0.6943E-01  0.4860E-01  0.7208E-01  0.7208E-01
  -3.850      0.6958E-01  0.4870E-01  0.7211E-01  0.7211E-01
  -3.800      0.6973E-01  0.4881E-01  0.7215E-01  0.7215E-01
  -3.750      0.6987E-01  0.4891E-01  0.7219E-01  0.7219E-01
  -3.700      0.7002E-01  0.4902E-01  0.7223E-01  0.7223E-01
  -3.650      0.7017E-01  0.4912E-01  0.7226E-01  0.7226E-01
  -3.600      0.7032E-01  0.4923E-01  0.7230E-01  0.7230E-01
  -3.550      0.7047E-01  0.4933E-01  0.7234E-01  0.7234E-01
  -3.500      0.7063E-01  0.4944E-01  0.7238E-01  0.7238E-01
  -3.450      0.7078E-01  0.4954E-01  0.7241E-01  0.7241E-01
  -3.400      0.7093E-01  0.4965E-01  0.7245E-01  0.7245E-01
  -3.350      0.7108E-01  0.4976E-01  0.7249E-01  0.7249E-01
  -3.300      0.7124E-01  0.4987E-01  0.7253E-01  0.7253E-01
  -3.250      0.7139E-01  0.4997E-01  0.7256E-01  0.7256E-01
  -3.200      0.7154E-01  0.5008E-01  0.7260E-01  0.7260E-01
  -3.150      0.7170E-01  0.5019E-01  0.7264E-01  0.7264E-01
  -3.100      0.7186E-01  0.5030E-01  0.7268E-01  0.7268E-01
  -3.050      0.7201E-01  0.5041E-01  0.7271E-01  0.7271E-01
  -3.000      0.7217E-01  0.7217E-01  0.7275E-01  0.7275E-01
  -2.950      0.7232E-01  0.7232E-01  0.7279E-01  0.7279E-01
  -2.900      0.7248E-01  0.7248E-01  0.7283E-01  0.7283E-01
  -2.850      0.7264E-01  0.7264E-01  0.7286E-01  0.7286E-01
  -2.800      0.7280E-01  0.7280E-01  0.7290E-01  0.7290E-01
  -2.750      0.7296E-01  0.7296E-01  0.7294E-01  0.7294E-01
  -2.700      0.7312E-01  0.7312E-01  0.7298E-01  0.7298E-01
  -2.650      0.7328E-01  0.7328E-01  0.7301E-01  0.7301E-01
  -2.600      0.7344E-01  0.7344E-01  0.7305E-01  0.7305E-01
  -2.550      0.7360E-01  0.7360E-01  0.7309E-01  0.7309E-01
  -2.500      0.7376E-01  0.7376E-01  0.7313E-01  0.7313E-01
  -2.450      0.7392E-01  0.7392E-01  0.7316E-01  0.7316E-01
  -2.400      0.7409E-01  0.7409E-01  0.7320E-01  0.7320E-01
  -2.350      0.7425E-01  0.7425E-01  0.7324E-01  0.7324E-01
  -2.300      0.7441E-01  0.7441E-01  0.7328E-01  0.7328E-01
  -2.250      0.7458E-01  0.7458E-01  0.7331E-01  0.7331E-01
  -2.200      0.7474E-01  0.7474E-01  0.7335E-01  0.7335E-01
  -2.150      0.7491E-01  0.7491E-01  0.7339E-01  0.7339E-01
  -2.100      0.7508E-01  0.7508E-01  0.7343E-01  0.7343E-01
  -2.050      0.7524E-01  0.7524E-01  0.7346E-01  0.7346E-01
  -2.000      0.7541E-01  0.7541E-01  0.7350E-01  0.7350E-01
  -1.950      0.7558E-01  0.7558E-01  0.7354E-01  0.7354E-01
  -1.900      0.7575E-01  0.7575E-01  0.7358E-01  0.7358E-01
  -1.850      0.7591E-01  0.7591E-01  0.7361E-01  0.7361E-01
  -1.800      0.7608E-01  0.7608E-01  0.7365E-01  0.7365E-01
  -1.750      0.7625E-01  0.7625E-01  0.7369E-01  0.7369E-01
  -1.700      0.7643E-01  0.7643E-01  0.7373E-01  0.7373E-01
  -1.650      0.7660E-01  0.7660E-01  0.7376E-01  0.7376E-01
  -1.600      0.7677E-01  0.7677E-01  0.7380E-01  0.7380E-01
  -1.550      0.7694E-01  0.7694E-01  0.7384E-01  0.7384E-01
  -1.500      0.7711E-01  0.7711E-01  0.7388E-01  0.7388E-01
  -1.450      0.7729E-01  0.7729E-01  0.7391E-01  0.7391E-01
  -1.400      0.7746E-01  0.7746E-01  0.7395E-01  0.7395E-01
  -1.350      0.7764E-01  0.7764E-01  0.7399E-01  0.7399E-01
  -1.300      0.7781E-01  0.7781E-01  0.7403E-01  0.7403E-01
  -1.250      0.7799E-01  0.7799E-01  0.7406E-01  0.7406E-01
  -1.200      0.7816E-01  0.7816E-01  0.7410E-01  0.7410E-01
  -1.150      0.7834E-01  0.7834E-01  0.7414E-01  0.7414E-01
  -1.100      0.7852E-01  0.7852E-01  0.7418E-01  0.7418E-01
  -1.050      0.7870E-01  0.7870E-01  0.7421E-01  0.7421E-01
 -1.0000      0.7887E-01  0.7887E-01  0.7425E-01  0.7425E-01
 -0.9500      0.7905E-01  0.7905E-01  0.7429E-01  0.7429E-01
 -0.9000      0.7923E-01  0.7923E-01  0.7433E-01  0.7433E-01
 -0.8500      0.7941E-01  0.7941E-01  0.7436E-01  0.7436E-01
 -0.8000      0.7960E-01  0.7960E-01  0.7440E-01  0.7440E-01
 -0.7500      0.7978E-01  0.7978E-01  0.7444E-01  0.7444E-01
 -0.7000      0.7996E-01  0.7996E-01  0.7448E-01  0.7448E-01
 -0.6500      0.8014E-01  0.8014E-01  0.7451E-01  0.7451E-01
 -0.6000      0.8033E-01  0.8033E-01  0.7455E-01  0.7455E-01
 -0.5500      0.8051E-01  0.8051E-01  0.7459E-01  0.7459E-01
 -0.5000      0.8069E-01  0.8069E-01  0.7463E-01  0.7463E-01
 -0.4500      0.8088E-01  0.8088E-01  0.7466E-01  0.7466E-01
 -0.4000      0.8107E-01  0.8107E-01  0.7470E-01  0.7470E-01
 -0.3500      0.8125E-01  0.8125E-01  0.7474E-01  0.7474E-01
 -0.3000      0.8144E-01  0.8144E-01  0.7478E-01  0.7478E-01
 -0.2500      0.8163E-01  0.8163E-01  0.7481E-01  0.7481E-01
 -0.2000      0.8182E-01  0.8182E-01  0.7485E-01  0.7485E-01
 -0.1500      0.8200E-01  0.8200E-01  0.7489E-01  0.7489E-01
 -0.1000E+00  0.8219E-01  0.8219E-01  0.7493E-01  0.7493E-01
 -0.5000E-01  0.8238E-01  0.8238E-01  0.7496E-01  0.7496E-01
  0.2235E-06  0.8258E-01  0.8258E-01  0.7500E-01  0.7500E-01
  0.5000E-01  0.8277E-01  0.8277E-01  0.7504E-01  0.7504E-01
  0.1000      0.8296E-01  0.8296E-01  0.7508E-01  0.7508E-01
  0.1500      0.8315E-01  0.8315E-01  0.7511E-01  0.7511E-01
  0.2000      0.8335E-01  0.8335E-01  0.7515E-01  0.7515E-01
  0.2500      0.8354E-01  0.8354E-01  0.7519E-01  0.7519E-01
  0.3000      0.8373E-01  0.8373E-01  0.7523E-01  0.7523E-01
  0.3500      0.8393E-01  0.8393E-01  0.7526E-01  0.7526E-01
  0.4000      0.8412E-01  0.8412E-01  0.7530E-01  0.7530E-01
  0.4500      0.8432E-01  0.8432E-01  0.7534E-01  0.7534E-01
  0.5000      0.8452E-01  0.8452E-01  0.7538E-01  0.7538E-01
  0.5500      0.8472E-01  0.8472E-01  0.7541E-01  0.7541E-01
  0.6000      0.8491E-01  0.8491E-01  0.7545E-01  0.7545E-01
  0.6500      0.8511E-01  0.8511E-01  0.7549E-01  0.7549E-01
  0.7000      0.8531E-01  0.8531E-01  0.7553E-01  0.7553E-01
  0.7500      0.8551E-01  0.8551E-01  0.7556E-01  0.7556E-01
  0.8000      0.8572E-01  0.8572E-01  0.7560E-01  0.7560E-01
  0.8500      0.8592E-01  0.8592E-01  0.7564E-01  0.7564E-01
  0.9000      0.8612E-01  0.8612E-01  0.7568E-01  0.7568E-01
  0.9500      0.8632E-01  0.8632E-01  0.7571E-01  0.7571E-01
   1.000      0.8653E-01  0.8653E-01  0.7575E-01  0.7575E-01
   1.050      0.8673E-01  0.8673E-01  0.7579E-01  0.7579E-01
   1.100      0.8694E-01  0.8694E-01  0.7583E-01  0.7583E-01
   1.150      0.8714E-01  0.8714E-01  0.7586E-01  0.7586E-01
   1.200      0.8735E-01  0.8735E-01  0.7590E-01  0.7590E-01
   1.250      0.8755E-01  0.8755E-01  0.7594E-01  0.7594E-01
   1.300      0.8776E-01  0.8776E-01  0.7598E-01  0.7598E-01
   1.350      0.8797E-01  0.8797E-01  0.7601E-01  0.7601E-01
   1.400      0.8818E-01  0.8818E-01  0.7605E-01  0.7605E-01
   1.450      0.8839E-01  0.8839E-01  0.7609E-01  0.7609E-01
   1.500      0.8860E-01  0.8860E-01  0.7613E-01  0.7613E-01
   1.550      0.8881E-01  0.8881E-01  0.7616E-01  0.7616E-01
   1.600      0.8902E-01  0.8902E-01  0.7620E-01  0.7620E-01
   1.650      0.8924E-01  0.8924E-01  0.7624E-01  0.7624E-01
   1.700      0.8945E-01  0.8945E-01  0.7628E-01  0.7628E-01
   1.750      0.8966E-01  0.8966E-01  0.7631E-01  0.7631E-01
   1.800      0.8988E-01  0.8988E-01  0.7635E-01  0.7635E-01
   1.850      0.9009E-01  0.9009E-01  0.7639E-01  0.7639E-01
   1.900      0.9031E-01  0.9031E-01  0.7643E-01  0.7643E-01
   1.950      0.9052E-01  0.9052E-01  0.7646E-01  0.7646E-01
   2.000      0.9074E-01  0.9074E-01  0.7650E-01  0.7650E-01
   2.050      0.9096E-01  0.9096E-01  0.7654E-01  0.7654E-01
   2.100      0.9118E-01  0.9118E-01  0.7658E-01  0.7658E-01
   2.150      0.9140E-01  0.9140E-01  0.7661E-01  0.7661E-01
   2.200      0.9162E-01  0.9162E-01  0.7665E-01  0.7665E-01
   2.250      0.9184E-01  0.9184E-01  0.7669E-01  0.7669E-01
   2.300      0.9206E-01  0.9206E-01  0.7673E-01  0.7673E-01
   2.350      0.9228E-01  0.9228E-01  0.7676E-01  0.7676E-01
   2.400      0.9251E-01  0.9251E-01  0.7680E-01  0.7680E-01
   2.450      0.9273E-01  0.9273E-01  0.7684E-01  0.7684E-01
   2.500      0.9295E-01  0.9295E-01  0.7688E-01  0.7688E-01
   2.550      0.9318E-01  0.9318E-01  0.7691E-01  0.7691E-01
   2.600      0.9341E-01  0.9341E-01  0.7695E-01  0.7695E-01
   2.650      0.9363E-01  0.9363E-01  0.7699E-01  0.7699E-01
   2.700      0.9386E-01  0.9386E-01  0.7703E-01  0.7703E-01
   2.750      0.9409E-01  0.9409E-01  0.7706E-01  0.7706E-01
   2.800      0.9432E-01  0.9432E-01  0.7710E-01  0.7710E-01
   2.850      0.9455E-01  0.9455E-01  0.7714E-01  0.7714E-01
   2.900      0.9478E-01  0.9478E-01  0.7718E-01  0.7718E-01
   2.950      0.9501E-01  0.9501E-01  0.7721E-01  0.7721E-01
   3.000      0.9524E-01  0.9524E-01  0.7725E-01  0.7725E-01
   3.050      0.9547E-01  0.9547E-01  0.7729E-01  0.7729E-01
   3.100      0.9570E-01  0.9570E-01  0.7733E-01  0.7733E-01
   3.150      0.9594E-01  0.9594E-01  0.7736E-01  0.7736E-01
   3.200      0.9617E-01  0.9617E-01  0.7740E-01  0.7740E-01
   3.250      0.9641E-01  0.9641E-01  0.7744E-01  0.7744E-01
   3.300      0.9664E-01  0.9664E-01  0.7748E-01  0.7748E-01
   3.350      0.9688E-01  0.9688E-01  0.7751E-01  0.7751E-01
   3.400      0.9712E-01  0.9712E-01  0.7755E-01  0.7755E-01
   3.450      0.9736E-01  0.9736E-01  0.7759E-01  0.7759E-01
   3.500      0.9760E-01  0.9760E-01  0.7763E-01  0.7763E-01
   3.550      0.9784E-01  0.9784E-01  0.7766E-01  0.7766E-01
   3.600      0.9808E-01  0.9808E-01  0.7770E-01  0.7770E-01
   3.650      0.9832E-01  0.9832E-01  0.7774E-01  0.7774E-01
   3.700      0.9856E-01  0.9856E-01  0.7778E-01  0.7778E-01
   3.750      0.9880E-01  0.9880E-01  0.7781E-01  0.7781E-01
   3.800      0.9905E-01  0.9905E-01  0.7785E-01  0.7785E-01
   3.850      0.9929E-01  0.9929E-01  0.7789E-01  0.7789E-01
   3.900      0.9954E-01  0.9954E-01  0.7793E-01  0.7793E-01
   3.950      0.9978E-01  0.9978E-01  0.7796E-01  0.7796E-01
   4.000      0.1000      0.1000      0.7800E-01  0.7800E-01
   4.050      0.1003      0.1003      0.7804E-01  0.7804E-01
   4.100      0.1005      0.1005      0.7808E-01  0.7808E-01
   4.150      0.1008      0.1008      0.7811E-01  0.7811E-01
   4.200      0.1010      0.1010      0.7815E-01  0.7815E-01
   4.250      0.1013      0.1013      0.7819E-01  0.7819E-01
   4.300      0.1015      0.1015      0.7823E-01  0.7823E-01
   4.350      0.1018      0.1018      0.7826E-01  0.7826E-01
   4.400      0.1020      0.1020      0.7830E-01  0.7830E-01
   4.450      0.1023      0.1023      0.7834E-01  0.7834E-01
   4.500      0.1025      0.1025      0.7838E-01  0.7838E-01
   4.550      0.1028      0.1028      0.7841E-01  0.7841E-01
   4.600      0.1031      0.1031      0.7845E-01  0.7845E-01
   4.650      0.1033      0.1033      0.7849E-01  0.7849E-01
   4.700      0.1036      0.1036      0.7853E-01  0.7853E-01
   4.750      0.1038      0.1038      0.7856E-01  0.7856E-01
   4.800      0.1041      0.1041      0.7860E-01  0.7860E-01
   4.850      0.1044      0.1044      0.7864E-01  0.7864E-01
   4.900      0.1046      0.1046      0.7868E-01  0.7868E-01
   4.950      0.1049      0.1049      0.7871E-01  0.7871E-01
   5.000      0.1051      0.1051      0.7875E-01  0.7875E-01
   5.050      0.1054      0.1054      0.7879E-01  0.7879E-01
   5.100      0.1057      0.1057      0.7883E-01  0.7883E-01
   5.150      0.1059      0.1059      0.7886E-01  0.7886E-01
   5.200      0.1062      0.1062      0.7890E-01  0.7890E-01
   5.250      0.1065      0.1065      0.7894E-01  0.7894E-01
   5.300      0.1067      0.1067      0.7898E-01  0.7898E-01
   5.350      0.1070      0.1070      0.7901E-01  0.7901E-01
   5.400      0.1073      0.1073      0.7905E-01  0.7905E-01
   5.450      0.1075      0.1075      0.7909E-01  0.7909E-01
   5.500      0.1078      0.1078      0.7913E-01  0.7913E-01
   5.550      0.1081      0.1081      0.7916E-01  0.7916E-01
   5.600      0.1084      0.1084      0.7920E-01  0.7920E-01
   5.650      0.1086      0.1086      0.7924E-01  0.7924E-01
   5.700      0.1089      0.1089      0.7928E-01  0.7928E-01
   5.750      0.1092      0.1092      0.7931E-01  0.7931E-01
   5.800      0.1095      0.1095      0.7935E-01  0.7935E-01
   5.850      0.1097      0.1097      0.7939E-01  0.7939E-01
   5.900      0.1100      0.1100      0.7943E-01  0.7943E-01
   5.950      0.1103      0.1103      0.7946E-01  0.7946E-01
   6.000      0.1106      0.1106      0.7950E-01  0.7950E-01
   6.050      0.1109      0.1109      0.7954E-01  0.7954E-01
   6.100      0.1111      0.1111      0.7958E-01  0.7958E-01
   6.150      0.1114      0.1114      0.7961E-01  0.7961E-01
   6.200      0.1117      0.1117      0.7965E-01  0.7965E-01
   6.250      0.1120      0.1120      0.7969E-01  0.7969E-01
   6.300      0.1123      0.1123      0.7973E-01  0.7973E-01
   6.350      0.1126      0.1126      0.7976E-01  0.7976E-01
   6.400      0.1128      0.1128      0.7980E-01  0.7980E-01
   6.450      0.1131      0.1131      0.7984E-01  0.7984E-01
   6.500      0.1134      0.1134      0.7988E-01  0.7988E-01
   6.550      0.1137      0.1137      0.7991E-01  0.7991E-01
   6.600      0.1140      0.1140      0.7995E-01  0.7995E-01
   6.650      0.1143      0.1143      0.7999E-01  0.7999E-01
   6.700      0.1146      0.1146      0.8003E-01  0.8003E-01
   6.750      0.1149      0.1149      0.8006E-01  0.8006E-01
   6.800      0.1152      0.1152      0.8010E-01  0.8010E-01
   6.850      0.1155      0.1155      0.8014E-01  0.8014E-01
   6.900      0.1158      0.1158      0.8018E-01  0.8018E-01
   6.950      0.1161      0.1161      0.8021E-01  0.8021E-01
   7.000      0.1164      0.1164      0.8025E-01  0.8025E-01
   7.050      0.1167      0.1167      0.8029E-01  0.8029E-01
   7.100      0.1170      0.1170      0.8033E-01  0.8033E-01
   7.150      0.1173      0.1173      0.8036E-01  0.8036E-01
   7.200      0.1176      0.1176      0.8040E-01  0.8040E-01
   7.250      0.1179      0.1179      0.8044E-01  0.8044E-01
   7.300      0.1182      0.1182      0.8048E-01  0.8048E-01
   7.350      0.1185      0.1185      0.8051E-01  0.8051E-01
   7.400      0.1188      0.1188      0.8055E-01  0.8055E-01
   7.450      0.1191      0.1191      0.8059E-01  0.8059E-01
   7.500      0.1194      0.1194      0.8063E-01  0.8063E-01
   7.550      0.1197      0.1197      0.8066E-01  0.8066E-01
   7.600      0.1200      0.1200      0.8070E-01  0.8070E-01
   7.650      0.1203      0.1203      0.8074E-01  0.8074E-01
   7.700      0.1206      0.1206      0.8078E-01  0.8078E-01
   7.750      0.1209      0.1209      0.8081E-01  0.8081E-01
   7.800      0.1213      0.1213      0.8085E-01  0.8085E-01
   7.850      0.1216      0.1216      0.8089E-01  0.8089E-01
   7.900      0.1219      0.1219      0.8093E-01  0.8093E-01
   7.950      0.1222      0.1222      0.8096E-01  0.8096E-01
   8.000      0.1225      0.1225      0.8100E-01  0.8100E-01
   8.050      0.1228      0.1228      0.8104E-01  0.8104E-01
   8.100      0.1232      0.1232      0.8108E-01  0.8108E-01
   8.150      0.1235      0.1235      0.8111E-01  0.8111E-01
   8.200      0.1238      0.1238      0.8115E-01  0.8115E-01
   8.250      0.1241      0.1241      0.8119E-01  0.8119E-01
   8.300      0.1244      0.1244      0.8123E-01  0.8123E-01
   8.350      0.1248      0.1248      0.8126E-01  0.8126E-01
   8.400      0.1251      0.1251      0.8130E-01  0.8130E-01
   8.450      0.1254      0.1254      0.8134E-01  0.8134E-01
   8.500      0.1257      0.1257      0.8138E-01  0.8138E-01
   8.550      0.1261      0.1261      0.8141E-01  0.8141E-01
   8.600      0.1264      0.1264      0.8145E-01  0.8145E-01
   8.650      0.1267      0.1267      0.8149E-01  0.8149E-01
   8.700      0.1271      0.1271      0.8153E-01  0.8153E-01
   8.750      0.1274      0.1274      0.8156E-01  0.8156E-01
   8.800      0.1277      0.1277      0.8160E-01  0.8160E-01
   8.850      0.1281      0.1281      0.8164E-01  0.8164E-01
   8.900      0.1284      0.1284      0.8168E-01  0.8168E-01
   8.950      0.1287      0.1287      0.8171E-01  0.8171E-01
   9.000      0.1291      0.1291      0.8175E-01  0.8175E-01
   9.050      0.1294      0.1294      0.8179E-01  0.8179E-01
   9.100      0.1298      0.1298      0.8183E-01  0.8183E-01
   9.150      0.1301      0.1301      0.8186E-01  0.8186E-01
   9.200      0.1304      0.1304      0.8190E-01  0.8190E-01
   9.250      0.1308      0.1308      0.8194E-01  0.8194E-01
   9.300      0.1311      0.1311      0.8198E-01  0.8198E-01
   9.350      0.1315      0.1315      0.8201E-01  0.8201E-01
   9.400      0.1318      0.1318      0.8205E-01  0.8205E-01
   9.450      0.1322      0.1322      0.8209E-01  0.8209E-01
   9.500      0.1325      0.1325      0.8213E-01  0.8213E-01
   9.550      0.1329      0.1329      0.8216E-01  0.8216E-01
   9.600      0.1332      0.1332      0.8220E-01  0.8220E-01
   9.650      0.1336      0.1336      0.8224E-01  0.8224E-01
   9.700      0.1339      0.1339      0.8228E-01  0.8228E-01
   9.750      0.1343      0.1343      0.8231E-01  0.8231E-01
   9.800      0.1346      0.1346      0.8235E-01  0.8235E-01
   9.850      0.1350      0.1350      0.8239E-01  0.8239E-01
   9.900      0.1353      0.1353      0.8243E-01  0.8243E-01
   9.950      0.1357      0.1357      0.8246E-01  0.8246E-01
   10.00      0.1360      0.1360      0.8250E-01  0.8250E-01
   10.05      0.1364      0.1364      0.8254E-01  0.8254E-01
   10.10      0.1368      0.1368      0.8258E-01  0.8258E-01
   10.15      0.1371      0.1371      0.8261E-01  0.8261E-01
   10.20      0.1375      0.1375      0.8265E-01  0.8265E-01
   10.25      0.1378      0.1378      0.8269E-01  0.8269E-01
   10.30      0.1382      0.1382      0.8273E-01  0.8273E-01
   10.35      0.1386      0.1386      0.8276E-01  0.8276E-01
   10.40      0.1389      0.1389      0.8280E-01  0.8280E-01
   10.45      0.1393      0.1393      0.8284E-01  0.8284E-01
   10.50      0.1397      0.1397      0.8288E-01  0.8288E-01
   10.55      0.1400      0.1400      0.8291E-01  0.8291E-01
   10.60      0.1404      0.1404      0.8295E-01  0.8295E-01
   10.65      0.1408      0.1408      0.8299E-01  0.8299E-01
   10.70      0.1412      0.1412      0.8303E-01  0.8303E-01
   10.75      0.1415      0.1415      0.8306E-01  0.8306E-01
   10.80      0.1419      0.1419      0.8310E-01  0.8310E-01
   10.85      0.1423      0.1423      0.8314E-01  0.8314E-01
   10.90      0.1427      0.1427      0.8318E-01  0.8318E-01
   10.95      0.1431      0.1431      0.8321E-01  0.8321E-01
   11.00      0.1434      0.1434      0.8325E-01  0.8325E-01
   11.05      0.1438      0.1438      0.8329E-01  0.8329E-01
   11.10      0.1442      0.1442      0.8333E-01  0.8333E-01
   11.15      0.1446      0.1446      0.8336E-01  0.8336E-01
   11.20      0.1450      0.1450      0.8340E-01  0.8340E-01
   11.25      0.1454      0.1454      0.8344E-01  0.8344E-01
   11.30      0.1457      0.1457      0.8348E-01  0.8348E-01
   11.35      0.1461      0.1461      0.8351E-01  0.8351E-01
   11.40      0.1465      0.1465      0.8355E-01  0.8355E-01
   11.45      0.1469      0.1469      0.8359E-01  0.8359E-01
   11.50      0.1473      0.1473      0.8363E-01  0.8363E-01
   11.55      0.1477      0.1477      0.8366E-01  0.8366E-01
   11.60      0.1481      0.1481      0.8370E-01  0.8370E-01
   11.65      0.1485      0.1485      0.8374E-01  0.8374E-01
   11.70      0.1489      0.1489      0.8378E-01  0.8378E-01
   11.75      0.1493      0.1493      0.8381E-01  0.8381E-01
   11.80      0.1497      0.1497      0.8385E-01  0.8385E-01
   11.85      0.1501      0.1501      0.8389E-01  0.8389E-01
   11.90      0.1505      0.1505      0.8393E-01  0.8393E-01
   11.95      0.1509      0.1509      0.8396E-01  0.8396E-01
   12.00      0.1513      0.1513      0.8400E-01  0.8400E-01
   12.05      0.1517      0.1517      0.8404E-01  0.8404E-01
   12.10      0.1521      0.1521      0.8408E-01  0.8408E-01
   12.15      0.1525      0.1525      0.8411E-01  0.8411E-01
   12.20      0.1529      0.1529      0.8415E-01  0.8415E-01
   12.25      0.1533      0.1533      0.8419E-01  0.8419E-01
   12.30      0.1537      0.1537      0.8423E-01  0.8423E-01
   12.35      0.1542      0.1542      0.8426E-01  0.8426E-01
   12.40      0.1546      0.1546      0.8430E-01  0.8430E-01
   12.45      0.1550      0.1550      0.8434E-01  0.8434E-01
   12.50      0.1554      0.1554      0.8438E-01  0.8438E-01
   12.55      0.1558      0.1558      0.8441E-01  0.8441E-01
   12.60      0.1562      0.1562      0.8445E-01  0.8445E-01
   12.65      0.1567      0.1567      0.8449E-01  0.8449E-01
   12.70      0.1571      0.1571      0.8453E-01  0.8453E-01
   12.75      0.1575      0.1575      0.8456E-01  0.8456E-01
   12.80      0.1579      0.1579      0.8460E-01  0.8460E-01
   12.85      0.1583      0.1583      0.8464E-01  0.8464E-01
   12.90      0.1588      0.1588      0.8468E-01  0.8468E-01
   12.95      0.1592      0.1592      0.8471E-01  0.8471E-01
   13.00      0.1596      0.1596      0.8475E-01  0.8475E-01
   13.05      0.1601      0.1601      0.8479E-01  0.8479E-01
   13.10      0.1605      0.1605      0.8483E-01  0.8483E-01
   13.15      0.1609      0.1609      0.8486E-01  0.8486E-01
   13.20      0.1614      0.1614      0.8490E-01  0.8490E-01
   13.25      0.1618      0.1618      0.8494E-01  0.8494E-01
   13.30      0.1622      0.1622      0.8498E-01  0.8498E-01
   13.35      0.1627      0.1627      0.8501E-01  0.8501E-01
   13.40      0.1631      0.1631      0.8505E-01  0.8505E-01
   13.45      0.1635      0.1635      0.8509E-01  0.8509E-01
   13.50      0.1640      0.1640      0.8513E-01  0.8513E-01
   13.55      0.1644      0.1644      0.8516E-01  0.8516E-01
   13.60      0.1649      0.1649      0.8520E-01  0.8520E-01
   13.65      0.1653      0.1653      0.8524E-01  0.8524E-01
   13.70      0.1658      0.1658      0.8528E-01  0.8528E-01
   13.75      0.1662      0.1662      0.8531E-01  0.8531E-01
   13.80      0.1667      0.1667      0.8535E-01  0.8535E-01
   13.85      0.1671      0.1671      0.8539E-01  0.8539E-01
   13.90      0.1676      0.1676      0.8543E-01  0.8543E-01
   13.95      0.1680      0.1680      0.8546E-01  0.8546E-01
   14.00      0.1685      0.1685      0.8550E-01  0.8550E-01
   14.05      0.1689      0.1689      0.8554E-01  0.8554E-01
   14.10      0.1694      0.1694      0.8558E-01  0.8558E-01
   14.15      0.1699      0.1699      0.8561E-01  0.8561E-01
   14.20      0.1703      0.1703      0.8565E-01  0.8565E-01
   14.25      0.1708      0.1708      0.8569E-01  0.8569E-01
   14.30      0.1712      0.1712      0.8573E-01  0.8573E-01
   14.35      0.1717      0.1717      0.8576E-01  0.8576E-01
   14.40      0.1722      0.1722      0.8580E-01  0.8580E-01
   14.45      0.1726      0.1726      0.8584E-01  0.8584E-01
   14.50      0.1731      0.1731      0.8588E-01  0.8588E-01
   14.55      0.1736      0.1736      0.8591E-01  0.8591E-01
   14.60      0.1740      0.1740      0.8595E-01  0.8595E-01
   14.65      0.1745      0.1745      0.8599E-01  0.8599E-01
   14.70      0.1750      0.1750      0.8603E-01  0.8603E-01
   14.75      0.1755      0.1755      0.8606E-01  0.8606E-01
   14.80      0.1759      0.1759      0.8610E-01  0.8610E-01
   14.85      0.1764      0.1764      0.8614E-01  0.8614E-01
   14.90      0.1769      0.1769      0.8618E-01  0.8618E-01
   14.95      0.1774      0.1774      0.8621E-01  0.8621E-01
   15.00      0.1779      0.1779      0.8625E-01  0.8625E-01
   15.05      0.1783      0.1783      0.8629E-01  0.8629E-01
   15.10      0.1788      0.1788      0.8633E-01  0.8633E-01
   15.15      0.1793      0.1793      0.8636E-01  0.8636E-01
   15.20      0.1797      0.1797      0.8640E-01  0.8640E-01
   15.25      0.1801      0.1801      0.8644E-01  0.8644E-01
   15.30      0.1805      0.1805      0.8648E-01  0.8648E-01
   15.35      0.1809      0.1809      0.8651E-01  0.8651E-01
   15.40      0.1813      0.1813      0.8655E-01  0.8655E-01
   15.45      0.1817      0.1817      0.8659E-01  0.8659E-01
   15.50      0.1821      0.1821      0.8663E-01  0.8663E-01
   15.55      0.1824      0.1824      0.8666E-01  0.8666E-01
   15.60      0.1827      0.1827      0.8670E-01  0.8670E-01
   15.65      0.1831      0.1831      0.8674E-01  0.8674E-01
   15.70      0.1834      0.1834      0.8678E-01  0.8678E-01
   15.75      0.1836      0.1836      0.8681E-01  0.8681E-01
   15.80      0.1839      0.1839      0.8685E-01  0.8685E-01
   15.85      0.1842      0.1842      0.8689E-01  0.8689E-01
   15.90      0.1844      0.1844      0.8693E-01  0.8693E-01
   15.95      0.1847      0.1847      0.8696E-01  0.8696E-01
   16.00      0.1849      0.1849      0.8700E-01  0.8700E-01
   16.05      0.1851      0.1851      0.8704E-01  0.8704E-01
   16.10      0.1853      0.1853      0.8708E-01  0.8708E-01
   16.15      0.1855      0.1855      0.8711E-01  0.8711E-01
   16.20      0.1856      0.1856      0.8715E-01  0.8715E-01
   16.25      0.1858      0.1858      0.8719E-01  0.8719E-01
   16.30      0.1859      0.1859      0.8723E-01  0.8723E-01
   16.35      0.1861      0.1861      0.8726E-01  0.8726E-01
   16.40      0.1862      0.1862      0.8730E-01  0.8730E-01
   16.45      0.1863      0.1863      0.8734E-01  0.8734E-01
   16.50      0.1863      0.1863      0.8738E-01  0.8738E-01
   16.55      0.1864      0.1864      0.8741E-01  0.8741E-01
   16.60      0.1865      0.1865      0.8745E-01  0.8745E-01
   16.65      0.1865      0.1865      0.8749E-01  0.8749E-01
   16.70      0.1865      0.1865      0.8753E-01  0.8753E-01
   16.75      0.1865      0.1865      0.8756E-01  0.8756E-01
   16.80      0.1865      0.1865      0.8760E-01  0.8760E-01
   16.85      0.1865      0.1865      0.8764E-01  0.8764E-01
   16.90      0.1865      0.1865      0.8768E-01  0.8768E-01
   16.95      0.1864      0.1864      0.8771E-01  0.8771E-01
   17.00      0.1863      0.1863      0.8775E-01  0.8775E-01
   17.05      0.1863      0.1863      0.8779E-01  0.8779E-01
   17.10      0.1862      0.1862      0.8783E-01  0.8783E-01
   17.15      0.1861      0.1861      0.8786E-01  0.8786E-01
   17.20      0.1859      0.1859      0.8790E-01  0.8790E-01
   17.25      0.1858      0.1858      0.8794E-01  0.8794E-01
   17.30      0.1856      0.1856      0.8798E-01  0.8798E-01
   17.35      0.1855      0.1855      0.8801E-01  0.8801E-01
   17.40      0.1853      0.1853      0.8805E-01  0.8805E-01
   17.45      0.1851      0.1851      0.8809E-01  0.8809E-01
   17.50      0.1849      0.1849      0.8813E-01  0.8813E-01
   17.55      0.1847      0.1847      0.8816E-01  0.8816E-01
   17.60      0.1844      0.1844      0.8820E-01  0.8820E-01
   17.65      0.1842      0.1842      0.8824E-01  0.8824E-01
   17.70      0.1839      0.1839      0.8828E-01  0.8828E-01
   17.75      0.1836      0.1836      0.8831E-01  0.8831E-01
   17.80      0.1833      0.1833      0.8835E-01  0.8835E-01
   17.85      0.1830      0.1830      0.8839E-01  0.8839E-01
   17.90      0.1827      0.1827      0.8843E-01  0.8843E-01
   17.95      0.1824      0.1824      0.8846E-01  0.8846E-01
   18.00      0.1820      0.1820      0.8850E-01  0.8850E-01
   18.05      0.1817      0.1817      0.8854E-01  0.8854E-01
   18.10      0.1813      0.1813      0.8858E-01  0.8858E-01
   18.15      0.1809      0.1809      0.8861E-01  0.8861E-01
   18.20      0.1805      0.1805      0.8865E-01  0.8865E-01
   18.25      0.1801      0.1801      0.8869E-01  0.8869E-01
   18.30      0.1797      0.1797      0.8873E-01  0.8873E-01
   18.35      0.1792      0.1792      0.8876E-01  0.8876E-01
   18.40      0.1788      0.1788      0.8880E-01  0.8880E-01
   18.45      0.1783      0.1783      0.8884E-01  0.8884E-01
   18.50      0.1778      0.1778      0.8888E-01  0.8888E-01
   18.55      0.1773      0.1773      0.8891E-01  0.8891E-01
   18.60      0.1768      0.1768      0.8895E-01  0.8895E-01
   18.65      0.1763      0.1763      0.8899E-01  0.8899E-01
   18.70      0.1758      0.1758      0.8903E-01  0.8903E-01
   18.75      0.1753      0.1753      0.8906E-01  0.8906E-01
   18.80      0.1747      0.1747      0.8910E-01  0.8910E-01
   18.85      0.1741      0.1741      0.8914E-01  0.8914E-01
   18.90      0.1736      0.1736      0.8918E-01  0.8918E-01
   18.95      0.1730      0.1730      0.8921E-01  0.8921E-01
   19.00      0.1724      0.1724      0.8925E-01  0.8925E-01
   19.05      0.1718      0.1718      0.8929E-01  0.8929E-01
   19.10      0.1712      0.1712      0.8933E-01  0.8933E-01
   19.15      0.1705      0.1705      0.8936E-01  0.8936E-01
   19.20      0.1699      0.1699      0.8940E-01  0.8940E-01
   19.25      0.1692      0.1692      0.8944E-01  0.8944E-01
   19.30      0.1686      0.1686      0.8948E-01  0.8948E-01
   19.35      0.1679      0.1679      0.8951E-01  0.8951E-01
   19.40      0.1672      0.1672      0.8955E-01  0.8955E-01
   19.45      0.1665      0.1665      0.8959E-01  0.8959E-01
   19.50      0.1658      0.1658      0.8963E-01  0.8963E-01
   19.55      0.1651      0.1651      0.8966E-01  0.8966E-01
   19.60      0.1644      0.1644      0.8970E-01  0.8970E-01
   19.65      0.1636      0.1636      0.8974E-01  0.8974E-01
   19.70      0.1629      0.1629      0.8978E-01  0.8978E-01
   19.75      0.1621      0.1621      0.8981E-01  0.8981E-01
   19.80      0.1614      0.1614      0.8985E-01  0.8985E-01
   19.85      0.1606      0.1606      0.8989E-01  0.8989E-01
   19.90      0.1598      0.1598      0.8993E-01  0.8993E-01
   19.95      0.1590      0.1590      0.8996E-01  0.8996E-01
   20.00      0.1582      0.1582      0.9000E-01  0.9000E-01
   20.05      0.1574      0.1574      0.9004E-01  0.9004E-01
   20.10      0.1566      0.1566      0.9008E-01  0.9008E-01
   20.15      0.1558      0.1558      0.9011E-01  0.9011E-01
   20.20      0.1550      0.1550      0.9015E-01  0.9015E-01
   20.25      0.1541      0.1541      0.9019E-01  0.9019E-01
   20.30      0.1533      0.1533      0.9023E-01  0.9023E-01
   20.35      0.1524      0.1524      0.9026E-01  0.9026E-01
   20.40      0.1516      0.1516      0.9030E-01  0.9030E-01
   20.45      0.1507      0.1507      0.9034E-01  0.9034E-01
   20.50      0.1498      0.1498      0.9038E-01  0.9038E-01
   20.55      0.1490      0.1490      0.9041E-01  0.9041E-01
   20.60      0.1481      0.1481      0.9045E-01  0.9045E-01
   20.65      0.1472      0.1472      0.9049E-01  0.9049E-01
   20.70      0.1463      0.1463      0.9053E-01  0.9053E-01
   20.75      0.1454      0.1454      0.9056E-01  0.9056E-01
   20.80      0.1445      0.1445      0.9060E-01  0.9060E-01
   20.85      0.1436      0.1436      0.9064E-01  0.9064E-01
   20.90      0.1426      0.1426      0.9068E-01  0.9068E-01
   20.95      0.1417      0.1417      0.9071E-01  0.9071E-01
   21.00      0.1408      0.1408      0.9075E-01  0.9075E-01
   21.05      0.1399      0.1399      0.9079E-01  0.9079E-01
   21.10      0.1389      0.1389      0.9083E-01  0.9083E-01
   21.15      0.1380      0.1380      0.9086E-01  0.9086E-01
   21.20      0.1370      0.1370      0.9090E-01  0.9090E-01
   21.25      0.1361      0.1361      0.9094E-01  0.9094E-01
   21.30      0.1351      0.1351      0.9098E-01  0.9098E-01
   21.35      0.1342      0.1342      0.9101E-01  0.9101E-01
   21.40      0.1332      0.1332      0.9105E-01  0.9105E-01
   21.45      0.1322      0.1322      0.9109E-01  0.9109E-01
   21.50      0.1313      0.1313      0.9113E-01  0.9113E-01
   21.55      0.1303      0.1303      0.9116E-01  0.9116E-01
   21.60      0.1293      0.1293      0.9120E-01  0.9120E-01
   21.65      0.1283      0.1283      0.9124E-01  0.9124E-01
   21.70      0.1274      0.1274      0.9128E-01  0.9128E-01
   21.75      0.1264      0.1264      0.9131E-01  0.9131E-01
   21.80      0.1254      0.1254      0.9135E-01  0.9135E-01
   21.85      0.1244      0.1244      0.9139E-01  0.9139E-01
   21.90      0.1234      0.1234      0.9143E-01  0.9143E-01
   21.95      0.1224      0.1224      0.9146E-01  0.9146E-01
   22.00      0.1214      0.1214      0.9150E-01  0.9150E-01
   22.05      0.1204      0.1204      0.9154E-01  0.9154E-01
   22.10      0.1194      0.1194      0.9158E-01  0.9158E-01
   22.15      0.1184      0.1184      0.9161E-01  0.9161E-01
   22.20      0.1174      0.1174      0.9165E-01  0.9165E-01
   22.25      0.1164      0.1164      0.9169E-01  0.9169E-01
   22.30      0.1154      0.1154      0.9173E-01  0.9173E-01
   22.35      0.1144      0.1144      0.9176E-01  0.9176E-01
   22.40      0.1134      0.1134      0.9180E-01  0.9180E-01
   22.45      0.1124      0.1124      0.9184E-01  0.9184E-01
   22.50      0.1114      0.1114      0.9188E-01  0.9188E-01
   22.55      0.1104      0.1104      0.9191E-01  0.9191E-01
   22.60      0.1095      0.1095      0.9195E-01  0.9195E-01
   22.65      0.1085      0.1085      0.9199E-01  0.9199E-01
   22.70      0.1075      0.1075      0.9203E-01  0.9203E-01
   22.75      0.1065      0.1065      0.9206E-01  0.9206E-01
   22.80      0.1055      0.1055      0.9210E-01  0.9210E-01
   22.85      0.1045      0.1045      0.9214E-01  0.9214E-01
   22.90      0.1035      0.1035      0.9218E-01  0.9218E-01
   22.95      0.1025      0.1025      0.9221E-01  0.9221E-01
   23.00      0.1015      0.1015      0.9225E-01  0.9225E-01
   23.05      0.1005      0.1005      0.9229E-01  0.9229E-01
   23.10      0.9952E-01  0.9952E-01  0.9233E-01  0.9233E-01
   23.15      0.9854E-01  0.9854E-01  0.9236E-01  0.9236E-01
   23.20      0.9756E-01  0.9756E-01  0.9240E-01  0.9240E-01
   23.25      0.9658E-01  0.9658E-01  0.9244E-01  0.9244E-01
   23.30      0.9560E-01  0.9560E-01  0.9248E-01  0.9248E-01
   23.35      0.9462E-01  0.9462E-01  0.9251E-01  0.9251E-01
   23.40      0.9365E-01  0.9365E-01  0.9255E-01  0.9255E-01
   23.45      0.9268E-01  0.9268E-01  0.9259E-01  0.9259E-01
   23.50      0.9172E-01  0.9172E-01  0.9263E-01  0.9263E-01
   23.55      0.9075E-01  0.9075E-01  0.9266E-01  0.9266E-01
   23.60      0.8979E-01  0.8979E-01  0.9270E-01  0.9270E-01
   23.65      0.8883E-01  0.8883E-01  0.9274E-01  0.9274E-01
   23.70      0.8788E-01  0.8788E-01  0.9278E-01  0.9278E-01
   23.75      0.8693E-01  0.8693E-01  0.9281E-01  0.9281E-01
   23.80      0.8598E-01  0.8598E-01  0.9285E-01  0.9285E-01
   23.85      0.8504E-01  0.8504E-01  0.9289E-01  0.9289E-01
   23.90      0.8410E-01  0.8410E-01  0.9293E-01  0.9293E-01
   23.95      0.8316E-01  0.8316E-01  0.9296E-01  0.9296E-01
   24.00      0.8223E-01  0.8223E-01  0.9300E-01  0.9300E-01
   24.05      0.8130E-01  0.8130E-01  0.9304E-01  0.9304E-01
   24.10      0.8038E-01  0.8038E-01  0.9308E-01  0.9308E-01
   24.15      0.7946E-01  0.7946E-01  0.9311E-01  0.9311E-01
   24.20      0.7855E-01  0.7855E-01  0.9315E-01  0.9315E-01
   24.25      0.7764E-01  0.7764E-01  0.9319E-01  0.9319E-01
   24.30      0.7673E-01  0.7673E-01  0.9323E-01  0.9323E-01
   24.35      0.7583E-01  0.7583E-01  0.9326E-01  0.9326E-01
   24.40      0.7493E-01  0.7493E-01  0.9330E-01  0.9330E-01
   24.45      0.7404E-01  0.7404E-01  0.9334E-01  0.9334E-01
   24.50      0.7315E-01  0.7315E-01  0.9338E-01  0.9338E-01
   24.55      0.7227E-01  0.7227E-01  0.9341E-01  0.9341E-01
   24.60      0.7140E-01  0.7140E-01  0.9345E-01  0.9345E-01
   24.65      0.7052E-01  0.7052E-01  0.9349E-01  0.9349E-01
   24.70      0.6966E-01  0.6966E-01  0.9353E-01  0.9353E-01
   24.75      0.6880E-01  0.6880E-01  0.9356E-01  0.9356E-01
   24.80      0.6794E-01  0.6794E-01  0.9360E-01  0.9360E-01
   24.85      0.6709E-01  0.6709E-01  0.9364E-01  0.9364E-01
   24.90      0.6624E-01  0.6624E-01  0.9368E-01  0.9368E-01
   24.95      0.6541E-01  0.6541E-01  0.9371E-01  0.9371E-01
