 0.278166
 0.292182
 0.301698
 0.316721
 0.324987
 0.338969
 0.352446
 0.353033
 0.376621
 0.380376
 0.394697
 0.28098
 0.28967
 0.300254
 0.313779
 0.336664
 0.340154
 0.345468
 0.355873
 0.37086
 0.383377
 0.387001
 0.274765
 0.286208
 0.303009
 0.311242
 0.328572
 0.33368
 0.340088
 0.362305
 0.396318
 0.380111
 0.400314
 0.290029
 0.28911
 0.304828
 0.316218
 0.336395
 0.331493
 0.342617
 0.356746
 0.365466
 0.382238
 0.396062
 0.277029
 0.291029
 0.299383
 0.308778
 0.316844
 0.341532
 0.339578
 0.356474
 0.370738
 0.385676
 0.394667
