0.0013000 0.0263000 0.0007000
0.0010330 0.0266274 0.0004072
0.0007961 0.0279448 0.0002090
0.0005792 0.0300209 0.0000815
0.0003753 0.0326862 0.0000073
0.0001790 0.0358140 -0.0000268
-0.0000136 0.0393065 -0.0000303
-0.0002054 0.0430958 -0.0000100
-0.0003984 0.0471239 0.0000286
-0.0005942 0.0513497 0.0000818
-0.0007936 0.0557419 0.0001469
-0.0009976 0.0602716 0.0002215
-0.0012065 0.0649175 0.0003042
-0.0014207 0.0696631 0.0003939
-0.0016403 0.0744910 0.0004896
-0.0018654 0.0793855 0.0005905
-0.0020959 0.0843346 0.0006963
-0.0023316 0.0893260 0.0008065
-0.0025725 0.0943464 0.0009208
-0.0028181 0.0993824 0.0010387
-0.0030684 0.1044220 0.0011600
-0.0033229 0.1094535 0.0012846
-0.0035812 0.1144641 0.0014122
-0.0038429 0.1194400 0.0015427
-0.0041078 0.1243668 0.0016756
-0.0043752 0.1292304 0.0018107
-0.0046447 0.1340173 0.0019479
-0.0049157 0.1387130 0.0020870
-0.0051877 0.1433025 0.0022277
-0.0054601 0.1477702 0.0023698
-0.0057323 0.1520998 0.0025129
-0.0060037 0.1562745 0.0026567
-0.0062736 0.1602770 0.0028009
-0.0065413 0.1640906 0.0029451
-0.0068062 0.1676984 0.0030891
-0.0070673 0.1710829 0.0032325
-0.0073240 0.1742265 0.0033751
-0.0075754 0.1771111 0.0035165
-0.0078208 0.1797183 0.0036562
-0.0080592 0.1820296 0.0037939
-0.0082899 0.1840258 0.0039292
-0.0085120 0.1856878 0.0040615
-0.0087245 0.1869958 0.0041903
-0.0089267 0.1879299 0.0043152
-0.0091176 0.1884701 0.0044353
-0.0092962 0.1885984 0.0045505
-0.0094615 0.1882973 0.0046604
-0.0096123 0.1875489 0.0047647
-0.0097477 0.1863356 0.0048630
-0.0098667 0.1846396 0.0049549
-0.0099681 0.1824435 0.0050399
-0.0100510 0.1797295 0.0051175
-0.0101144 0.1764800 0.0051871
-0.0101572 0.1726774 0.0052480
-0.0101786 0.1683043 0.0052997
-0.0101776 0.1633429 0.0053414
-0.0101531 0.1577759 0.0053724
-0.0101044 0.1515856 0.0053918
-0.0100303 0.1447547 0.0053988
-0.0099300 0.1372722 0.0053930
-0.0098022 0.1291314 0.0053745
-0.0096458 0.1203228 0.0053431
-0.0094597 0.1108373 0.0052983
-0.0092432 0.1006657 0.0052397
-0.0089952 0.0897992 0.0051668
-0.0087150 0.0782294 0.0050789
-0.0084019 0.0659480 0.0049752
-0.0080552 0.0529468 0.0048548
-0.0076744 0.0392201 0.0047171
-0.0072584 0.0247714 0.0045621
-0.0068066 0.0096014 0.0043895
-0.0063182 -0.0062879 0.0041991
-0.0057928 -0.0228933 0.0039904
-0.0052297 -0.0402098 0.0037632
-0.0046286 -0.0582310 0.0035169
-0.0039891 -0.0769489 0.0032513
-0.0033111 -0.0963538 0.0029659
-0.0025944 -0.1164347 0.0026603
-0.0018389 -0.1371753 0.0023342
-0.0010444 -0.1585573 0.0019876
-0.0002110 -0.1805609 0.0016205
0.0006615 -0.2031640 0.0012329
0.0015729 -0.2263416 0.0008248
0.0025229 -0.2500665 0.0003962
0.0035109 -0.2743088 -0.0000528
0.0045366 -0.2990362 -0.0005223
0.0055991 -0.3242135 -0.0010121
0.0066976 -0.3498035 -0.0015222
0.0078312 -0.3757662 -0.0020527
0.0089988 -0.4020589 -0.0026032
0.0101989 -0.4286367 -0.0031739
0.0114306 -0.4554472 -0.0037640
0.0126925 -0.4824330 -0.0043727
0.0139834 -0.5095346 -0.0049989
0.0153017 -0.5366899 -0.0056418
0.0166457 -0.5638341 -0.0063006
0.0180133 -0.5909001 -0.0069745
0.0194022 -0.6178185 -0.0076627
0.0208102 -0.6445171 -0.0083645
0.0222344 -0.6709213 -0.0090791
0.0236720 -0.6969541 -0.0098059
0.0251198 -0.7225360 -0.0105442
0.0265746 -0.7475854 -0.0112934
0.0280324 -0.7720305 -0.0120539
0.0294902 -0.7957672 -0.0128230
0.0309453 -0.8186780 -0.0135975
0.0323948 -0.8406475 -0.0143741
0.0338351 -0.8615622 -0.0151500
0.0352624 -0.8813106 -0.0159229
0.0366726 -0.8997829 -0.0166906
0.0380610 -0.9168717 -0.0174514
0.0394227 -0.9324711 -0.0182039
0.0407524 -0.9464776 -0.0189472
0.0420443 -0.9587892 -0.0196804
0.0432924 -0.9693062 -0.0204033
0.0444902 -0.9779308 -0.0211158
0.0456311 -0.9845659 -0.0218178
0.0467109 -0.9890695 -0.0225040
0.0477257 -0.9912673 -0.0231670
0.0486711 -0.9909985 -0.0238003
0.0495420 -0.9881169 -0.0243989
0.0503328 -0.9824906 -0.0249584
0.0510372 -0.9740022 -0.0254762
0.0516485 -0.9625487 -0.0259504
0.0521592 -0.9480416 -0.0263806
0.0525613 -0.9304069 -0.0267671
0.0528462 -0.9095850 -0.0271119
0.0530050 -0.8855238 -0.0274172
0.0530342 -0.8580576 -0.0276728
0.0529299 -0.8270274 -0.0278694
0.0526867 -0.7923157 -0.0280014
0.0522986 -0.7538239 -0.0280640
0.0517596 -0.7114716 -0.0280536
0.0510634 -0.6651970 -0.0279678
0.0502033 -0.6149566 -0.0278051
0.0491722 -0.5607256 -0.0275650
0.0479630 -0.5024974 -0.0272483
0.0465710 -0.4402218 -0.0268503
0.0449927 -0.3738311 -0.0263639
0.0432235 -0.3032969 -0.0257854
0.0412589 -0.2286071 -0.0251113
0.0390949 -0.1497661 -0.0243387
0.0367275 -0.0667942 -0.0234653
0.0341531 0.0202717 -0.0224895
0.0313681 0.1113786 -0.0214099
0.0283694 0.2064578 -0.0202257
0.0251553 0.3054463 -0.0189346
0.0217245 0.4082787 -0.0175335
0.0180758 0.5148721 -0.0160203
0.0142085 0.6251278 -0.0143933
0.0101226 0.7389311 -0.0126512
0.0058185 0.8561518 -0.0107933
0.0012973 0.9766436 -0.0088192
-0.0034396 1.1002447 -0.0067293
-0.0083900 1.2267772 -0.0045241
-0.0135514 1.3560478 -0.0022049
-0.0189202 1.4878523 0.0002270
-0.0244922 1.6219939 0.0027713
-0.0302622 1.7582671 0.0054279
-0.0362248 1.8964528 0.0081961
-0.0423738 2.0363185 0.0110747
-0.0487025 2.1776183 0.0140616
-0.0552036 2.3200924 0.0171542
-0.0618692 2.4634681 0.0203491
-0.0686907 2.6074586 0.0236424
-0.0756593 2.7517640 0.0270294
-0.0827651 2.8960709 0.0305048
-0.0899981 3.0400524 0.0340624
-0.0973480 3.1833929 0.0376959
-0.1048019 3.3258021 0.0414036
-0.1123465 3.4669825 0.0451830
-0.1199680 3.6066269 0.0490308
-0.1276528 3.7444178 0.0529424
-0.1353869 3.8800281 0.0569121
-0.1431562 4.0131203 0.0609329
-0.1509465 4.1433471 0.0649968
-0.1587432 4.2703514 0.0690945
-0.1665316 4.3937657 0.0732158
-0.1742971 4.5132128 0.0773490
-0.1820246 4.6283048 0.0814811
-0.1897003 4.7386796 0.0855984
-0.1973040 4.8440765 0.0897008
-0.2048147 4.9442411 0.0937892
-0.2122124 5.0389090 0.0978618
-0.2194780 5.1278052 0.1019143
-0.2265933 5.2106443 0.1059399
-0.2335410 5.2871305 0.1099291
-0.2403047 5.3569575 0.1138700
-0.2468688 5.4198087 0.1177481
-0.2532189 5.4753569 0.1215461
-0.2593413 5.5232646 0.1252445
-0.2652232 5.5631839 0.1288209
-0.2708513 5.5948115 0.1322559
-0.2762034 5.6180703 0.1355551
-0.2812557 5.6329025 0.1387289
-0.2859867 5.6392242 0.1417822
-0.2903774 5.6369269 0.1447153
-0.2944108 5.6258770 0.1475232
-0.2980726 5.6059162 0.1501963
-0.3013507 5.5768614 0.1527196
-0.3042353 5.5385047 0.1550736
-0.3067190 5.4906134 0.1572335
-0.3087968 5.4329297 0.1591696
-0.3104634 5.3652178 0.1608538
-0.3116958 5.2876149 0.1623088
-0.3124745 5.2001985 0.1635493
-0.3127843 5.1029721 0.1645800
-0.3126123 4.9959058 0.1654010
-0.3119475 4.8789355 0.1660076
-0.3107811 4.7519635 0.1663906
-0.3091067 4.6148581 0.1665363
-0.3069196 4.4674540 0.1664261
-0.3042175 4.3095518 0.1660370
-0.3009968 4.1409753 0.1653503
-0.2972397 3.9617871 0.1643861
-0.2929347 3.7719417 0.1631497
-0.2880717 3.5713423 0.1616411
-0.2826414 3.3598581 0.1598582
-0.2766353 3.1373244 0.1577963
-0.2700454 2.9035424 0.1554484
-0.2628643 2.6582794 0.1528052
-0.2550856 2.4012687 0.1498550
-0.2467033 2.1322098 0.1465837
-0.2377063 1.8508691 0.1429900
-0.2280804 1.5570116 0.1390787
-0.2178141 1.2503168 0.1348457
-0.2068951 0.9304454 0.1302865
-0.1953107 0.5970398 0.1253955
-0.1830474 0.2497242 0.1201668
-0.1700914 -0.1118959 0.1145935
-0.1564281 -0.4882332 0.1086681
-0.1420423 -0.8797191 0.1023823
-0.1269183 -1.2868032 0.0957273
-0.1110398 -1.7099443 0.0886936
-0.0943907 -2.1492927 0.0812802
-0.0769499 -2.6053669 0.0734791
-0.0586959 -3.0787937 0.0652774
-0.0396084 -3.5700313 0.0566632
-0.0196687 -4.0793690 0.0476253
0.0011406 -4.6069278 0.0381538
0.0228351 -5.1526598 0.0282395
0.0454292 -5.7163485 0.0178742
0.0689358 -6.2976089 0.0070508
0.0933663 -6.8958871 -0.0042370
0.1187307 -7.5104608 -0.0159944
0.1450373 -8.1404388 -0.0282257
0.1722766 -8.7845310 -0.0409466
0.2004292 -9.4407581 -0.0541722
0.2294925 -10.1066962 -0.0678896
0.2594437 -10.7791375 -0.0820855
0.2902382 -11.4540834 -0.0967467
0.3218102 -12.1267450 -0.1118602
0.3540725 -12.7915426 -0.1274134
0.3869163 -13.4421060 -0.1433936
0.4202116 -14.0712744 -0.1597883
0.4537940 -14.6717071 -0.1765950
0.4874583 -15.2348496 -0.1937817
0.5210323 -15.7469160 -0.2112130
0.5542975 -16.1940308 -0.2287553
0.5869817 -16.5626366 -0.2462843
0.6187592 -16.8394944 -0.2636852
0.6492509 -17.0116834 -0.2808528
0.6780240 -17.0666013 -0.2976912
0.7045922 -16.9919641 -0.3141141
0.7284269 -16.7758433 -0.3300355
0.7490978 -16.4061403 -0.3452051
0.7661538 -15.8707285 -0.3592932
0.7791278 -15.1609096 -0.3720117
0.7875611 -14.2718203 -0.3831069
0.7910035 -13.2024332 -0.3923591
0.7890135 -11.9555560 -0.3995834
0.7811580 -10.5378321 -0.4046288
0.7670467 -8.9587800 -0.4073479
0.7465110 -7.2266554 -0.4074361
0.7193960 -5.3533219 -0.4046532
0.6855893 -3.3510902 -0.3988172
0.6450362 -1.2321808 -0.3897920
0.5977398 0.9912756 -0.3774865
0.5437609 3.3072388 -0.3618555
0.4832188 5.7038600 -0.3428869
0.4162641 8.1736691 -0.3205287
0.3430377 10.7135868 -0.2947544
0.2636923 13.3197363 -0.2655663
0.1783934 15.9871881 -0.2329917
0.0873199 18.7099602 -0.1970827
-0.0093359 21.4810184 -0.1579161
-0.1113580 24.2918506 -0.1155962
-0.2184723 27.1269340 -0.0702206
-0.3304531 29.9624452 -0.0218157
-0.4468830 32.7620839 0.0295351
-0.5671111 35.4761132 0.0836739
-0.6902532 38.0413603 0.1403682
-0.8151920 40.3812161 0.1993112
-0.9405766 42.4056353 0.2601213
-1.0648233 44.0116883 0.3223465
-1.1859550 45.1044818 0.3855181
-1.3014413 45.5931885 0.4488126
-1.4088086 45.4196360 0.5112960
-1.5057466 44.5712829 0.5720430
-1.5901080 43.0812186 0.6301376
-1.6599140 41.0297640 0.6847164
-1.7140263 38.5458822 0.7347527
-1.7523500 35.7725593 0.7790727
-1.7752513 32.8540538 0.8169324
-1.7835363 29.9358919 0.8480412
-1.7784578 27.1639624 0.8725446
-1.7620105 24.6197738 0.8902247
-1.7362895 22.3268308 0.9014383
-1.7031385 20.3011727 0.9068600
-1.6642796 18.5395004 0.9069941
-1.6213136 17.0191763 0.9021745
-1.5756452 15.7066450 0.8928549
-1.5282074 14.5714408 0.8800022
-1.4797297 13.5812487 0.8643531
-1.4308472 12.7091156 0.8464621
-1.3821004 11.9335219 0.8267040
-1.3338771 11.2352295 0.8054818
-1.2863402 10.5953105 0.7832642
-1.2396052 9.9995906 0.7603259
-1.1937576 9.4368411 0.7369175
-1.1488521 8.8987744 0.7132659
-1.1049131 8.3800344 0.6895744
-1.0619085 7.8748532 0.6660850
-1.0197980 7.3775362 0.6428166
-0.9785487 6.8844437 0.6196983
-0.9381111 6.3922912 0.5967110
-0.8984191 5.8981497 0.5738876
-0.8593903 5.3994455 0.5513133
-0.8209255 4.8939606 0.5291252
-0.7829164 4.3797847 0.5074693
-0.7453049 3.8549018 0.4861772
-0.7080252 3.3173760 0.4651410
-0.6709979 2.7652682 0.4443076
-0.6341361 2.1965965 0.4236423
-0.5973447 1.6093361 0.4031292
-0.5605212 1.0014188 0.3827710
-0.5235578 0.3707385 0.3625748
-0.4863631 -0.2849374 0.3424650
-0.4488468 -0.9680551 0.3223613
-0.4109100 -1.6811534 0.3021969
-0.3724465 -2.4268553 0.2819152
-0.3333420 -3.2078680 0.2614695
-0.2934746 -4.0269829 0.2408233
-0.2527146 -4.8870754 0.2199502
-0.2109328 -5.7909127 0.1988154
-0.1680138 -6.7413951 0.1773200
-0.1238165 -7.7421945 0.1553903
-0.0782006 -8.7963683 0.1329571
-0.0310288 -9.9062803 0.1099522
0.0178331 -11.0736013 0.0863081
0.0685166 -12.2993085 0.0619585
0.1211500 -13.5836860 0.0368379
0.1758586 -14.9263245 0.0108815
0.2327329 -16.3251247 -0.0159938
0.2918512 -17.7753748 -0.0438635
0.3533005 -19.2698354 -0.0727532
0.4170827 -20.7965789 -0.1026897
0.4831137 -22.3389540 -0.1337020
0.5512228 -23.8755862 -0.1658213
0.6211532 -25.3803772 -0.1990807
0.6925005 -26.8244466 -0.2335064
0.7647856 -28.1624758 -0.2689525
0.8374111 -29.3378354 -0.3051769
0.9095303 -30.2928221 -0.3419243
0.9800469 -30.9686703 -0.3789264
1.0476149 -31.3055526 -0.4159021
1.1106393 -31.2426081 -0.4525568
1.1674651 -30.7242943 -0.4884648
1.2163908 -29.6973719 -0.5227930
1.2556824 -28.1257130 -0.5546840
1.2836951 -25.9993327 -0.5833578
1.2988733 -23.3343887 -0.6081113
1.2997507 -20.1731814 -0.6283189
1.2850498 -16.5810178 -0.6433853
1.2543391 -12.6291149 -0.6524658
1.2074964 -8.3980952 -0.6548529
1.1446595 -3.9630231 -0.6500607
1.0662616 0.6084522 -0.6378098
0.9730319 5.2560963 -0.6180267
0.8659321 9.9366093 -0.5906883
0.7458658 14.6445356 -0.5558292
0.6136199 19.3867395 -0.5136356
0.4698791 24.1764721 -0.4643154
0.3152258 29.0333710 -0.4080980
0.1501404 33.9834500 -0.3452346
-0.0250299 39.0406600 -0.2760294
-0.2102568 44.2121402 -0.2006435
-0.4052550 49.4637684 -0.1192111
-0.6092711 54.6921151 -0.0319608
-0.8210845 59.7244436 0.0607839
-1.0390249 64.3287134 0.1586144
-1.2600654 68.1872784 0.2610100
-1.4787695 70.8151554 0.3669835
-1.6888515 71.8265462 0.4750791
-1.8833456 70.9669089 0.5833889
-2.0546051 68.1129579 0.6895536
-2.1948901 63.3513749 0.7909034
-2.2992278 57.1621812 0.8843098
-2.3656406 50.1670176 0.9669254
-2.3949912 43.0885646 1.0368961
-2.3913860 36.5344882 1.0927835
-2.3611535 30.8437485 1.1342602
-2.3106718 26.1756712 1.1617101
-2.2463854 22.5083632 1.1758311
-2.1735607 19.6895420 1.1783675
-2.0954285 17.5471531 1.1718699
-2.0151805 15.9282720 1.1578073
-1.9357695 14.6969221 1.1368709
-1.8581015 13.7308784 1.1110838
-1.7826516 12.9468342 1.0819335
-1.7099039 12.2883720 1.0504373
-1.6401515 11.7171011 1.0174113
-1.5733071 11.2020578 0.9835626
-1.5092642 10.7238370 0.9493774
-1.4479110 10.2691381 0.9152788
-1.3891131 9.8295969 0.8816453
-1.3326806 9.3981263 0.8486784
-1.2784498 8.9708776 0.8163741
-1.2262556 8.5446660 0.7847745
-1.1759286 8.1167734 0.7539785
-1.1272952 7.6849490 0.7241416
-1.0801896 7.2475997 0.6953332
-1.0344848 6.8037437 0.6674039
-0.9900586 6.3523169 0.6402615
-0.9467844 5.8921733 0.6138476
-0.9045315 5.4220848 0.5881382
-0.8631647 4.9407413 0.5631433
-0.8225509 4.4468449 0.5388711
-0.7825882 3.9392599 0.5152082
-0.7431793 3.4166185 0.4920551
-0.7042220 2.8774345 0.4693326
-0.6656088 2.3201135 0.4469802
-0.6272274 1.7429529 0.4249553
-0.5889604 1.1441414 0.4032338
-0.5506864 0.5217656 0.3818049
-0.5122988 -0.1262220 0.3605941
-0.4736983 -0.8021680 0.3395062
-0.4347783 -1.5085492 0.3184607
-0.3954254 -2.2479418 0.2973866
-0.3555192 -3.0230213 0.2762223
-0.3149326 -3.8365627 0.2549158
-0.2735315 -4.6914402 0.2334243
-0.2311751 -5.5906276 0.2117146
-0.1877323 -6.5368016 0.1897323
-0.1430810 -7.5330001 0.1673637
-0.0970595 -8.5832487 0.1445379
-0.0495127 -9.6906606 0.1211849
-0.0002937 -10.8573822 0.0972336
0.0507359 -12.0845934 0.0726115
0.1037065 -13.3725078 0.0472449
0.1587400 -14.7203721 0.0210590
0.2159502 -16.1264667 -0.0060225
0.2754370 -17.5879296 -0.0340787
0.3372340 -19.0977949 -0.0631935
0.4014052 -20.6458098 -0.0933901
0.4679329 -22.2167111 -0.1246779
0.5366847 -23.7894674 -0.1570660
0.6074134 -25.3372795 -0.1905633
0.6797572 -26.8275801 -0.2251783
0.7532128 -28.2239684 -0.2609138
0.8271271 -29.4773103 -0.2976185
0.9007343 -30.5209488 -0.3349931
0.9730171 -31.2895200 -0.3727150
1.0427004 -31.7197144 -0.4104420
1.1082511 -31.7502764 -0.4478119
1.1678793 -31.3220311 -0.4844432
1.2197654 -30.3837699 -0.5198356
1.2621212 -28.8963774 -0.5530702
1.2932007 -26.8421735 -0.5832127
1.3114242 -24.2299920 -0.6094374
1.3153781 -21.0951811 -0.6310278
1.3038151 -17.4996033 -0.6473758
1.2757919 -13.5263087 -0.6579019
1.2312405 -9.2559781 -0.6617957
1.1703391 -4.7704441 -0.6584784
1.0935046 -0.1406576 -0.6475847
1.0014136 4.5743709 -0.6289494
0.8950016 9.3275575 -0.6026029
0.7753231 14.0942121 -0.5685918
0.6432222 18.8877356 -0.5270765
0.4994032 23.7280543 -0.4782961
0.3444541 28.6356375 -0.4224918
0.1788462 33.6314970 -0.3599074
0.0029345 38.7371877 -0.2907892
-0.1829841 43.9550286 -0.2154311
-0.3788590 49.2568209 -0.1339816
-0.5842421 54.5631515 -0.0465575
-0.7978619 59.7096089 0.0465572
-1.0176234 64.4466921 0.1449105
-1.2406081 68.4398107 0.2478828
-1.4634967 71.2903933 0.3547169
-1.6788986 72.5414104 0.4640026
-1.8778868 71.8663230 0.5737262
-2.0528593 69.1618209 0.6815253
-2.1975406 64.5478651 0.7846893
-2.3069816 58.3676885 0.8801590
-2.3776445 51.2718841 0.9651111
-2.4105664 44.0305278 1.0372692
-2.4097560 37.2429408 1.0950999
-2.3807947 31.3702570 1.1382229
-2.3308154 26.5569592 1.1668731
-2.2660230 22.7704239 1.1825610
-2.1920068 19.8821066 1.1865634
-2.1135409 17.6973658 1.1801781
-2.0331477 16.0456317 1.1657550
-1.9526384 14.7814286 1.1452064
-1.8737859 13.7991823 1.1196819
-1.7975417 13.0112399 1.0904291
-1.7240491 12.3517564 1.0587359
-1.6534722 11.7783304 1.0254911
-1.5859103 11.2635883 0.9913943
-1.5212582 10.7865363 0.9570113
-1.4593488 10.3337861 0.9226624
-1.4000196 9.8957500 0.8886390
-1.3431083 9.4660490 0.8552256
-1.2884333 9.0402693 0.8226784
-1.2358160 8.6149847 0.7910053
-1.1851066 8.1883073 0.7601358
-1.1361501 7.7584098 0.7300573
-1.0887855 7.3235168 0.7008163
-1.0428464 6.8819053 0.6725175
-0.9981761 6.4322523 0.6452098
-0.9546623 5.9738457 0.6187266
-0.9121924 5.5056423 0.5929688
-0.8706498 5.0264999 0.5678658
-0.8299139 4.5351813 0.5433742
-0.7898599 4.0303550 0.5194779
-0.7503603 3.5106092 0.4961818
-0.7113064 2.9745781 0.4734115
-0.6726050 2.4207097 0.4510623
-0.6341570 1.8473016 0.4290507
-0.5958580 1.2525335 0.4073077
-0.5575980 0.6344664 0.3857797
-0.5192612 -0.0089567 0.3644279
-0.4807264 -0.6799114 0.3432286
-0.4418700 -1.3806625 0.3221599
-0.4025848 -2.1137006 0.3011304
-0.3627593 -2.8819241 0.2800516
-0.3222751 -3.6882617 0.2588452
-0.2810073 -4.5356464 0.2374397
-0.2388246 -5.4270156 0.2157706
-0.1955895 -6.3653110 0.1937803
-0.1511581 -7.3534787 0.1714179
-0.1053801 -8.3944692 0.1486398
-0.0581233 -9.4906673 0.1253802
-0.0092850 -10.6440288 0.1015005
0.0413351 -11.8583658 0.0769507
0.0939130 -13.1355045 0.0516819
0.1485903 -14.4750184 0.0256375
0.2054749 -15.8742287 -0.0012478
0.2646400 -17.3282034 -0.0290471
0.3261249 -18.8297583 -0.0578417
0.3899346 -20.3694563 -0.0877212
0.4560400 -21.9356076 -0.1187833
0.5242535 -23.5146709 -0.1511463
0.5944203 -25.0789079 -0.1847430
0.6663909 -26.5894930 -0.2193958
0.7397724 -28.0030673 -0.2549410
0.8139280 -29.2717435 -0.2912297
0.8879774 -30.3431056 -0.3281272
0.9607964 -31.1602091 -0.3655133
1.0310174 -31.6615810 -0.4032821
1.0971914 -31.7849859 -0.4411323
1.1578143 -31.4575061 -0.4782601
1.2111616 -30.6139690 -0.5138942
1.2554760 -29.2149626 -0.5473056
1.2889693 -27.2468813 -0.5778064
1.3098214 -24.7219255 -0.6047505
1.3162425 -21.6765406 -0.6275113
1.3071979 -18.1617767 -0.6451881
1.2820431 -14.2523361 -0.6568593
1.2404281 -10.0273354 -0.6618319
1.1823628 -5.5667783 -0.6596333
1.1082176 -0.9515552 -0.6500113
1.0187228 3.7453473 -0.6328102
0.9148144 8.4887428 -0.6078540
0.7973927 13.2606374 -0.5752093
0.6673066 18.0568999 -0.5350115
0.5253538 22.8874123 -0.4874598
0.3722857 27.7742648 -0.4328257
0.2086809 32.7253132 -0.3715323
0.0345641 37.7967511 -0.3036923
-0.1499118 43.0132523 -0.2293851
-0.3443141 48.3384296 -0.1487877
-0.5479305 53.6748353 -0.0621749
-0.7597690 58.8639607 0.0300808
-0.9785589 63.6865859 0.1275095
-1.2022162 67.8838003 0.2296932
-1.4253576 70.9712244 0.3359050
-1.6413791 72.4916801 0.4448228
-1.8433202 72.1453028 0.5546309
-2.0238642 69.7895420 0.6630204
-2.1753419 65.4404971 0.7671957
-2.2910537 59.4422365 0.8642865
-2.3683024 52.4548166 0.9511810
-2.4074012 45.1778362 1.0255128
-2.4115033 38.3160843 1.0859002
-2.3867105 32.2904607 1.1315512
-2.3397644 27.2962519 1.1628793
-2.2771399 23.3480666 1.1806300
-2.2050596 20.3152082 1.1858343
-2.1271331 18.0129218 1.1811019
-2.0462382 16.2728961 1.1685577
-1.9653543 14.9575072 1.1491621
-1.8864117 13.9424935 1.1241150
-1.8097107 13.1278036 1.0953504
-1.7356734 12.4493764 1.0640159
-1.6646396 11.8652452 1.0309708
-1.5966258 11.3430141 0.9969788
-1.5315000 10.8611700 0.9625548
-1.4691341 10.4049547 0.9281245
-1.4093961 9.9650274 0.8940632
-1.3521051 9.5342671 0.8606886
-1.2970820 9.1080775 0.8280301
-1.2441628 8.6834387 0.7960869
-1.1931788 8.2576833 0.7649165
-1.1439574 7.8284961 0.7346350
-1.0963229 7.3939602 0.7053953
-1.0501293 6.9530005 0.6771216
-1.0052564 6.5046810 0.6496840
-0.9615806 6.0479342 0.6230034
-0.9189743 5.5816041 0.5970341
-0.8773055 5.1044467 0.5717631
-0.8364386 4.6151336 0.5472095
-0.7962530 4.1124712 0.5233266
-0.7566529 3.5952036 0.4999968
-0.7175390 3.0618862 0.4771304
-0.6788072 2.5109642 0.4546555
-0.6403480 1.9407733 0.4325184
-0.6020471 1.3495394 0.4106828
-0.5637851 0.7353786 0.3891305
-0.5254424 0.0963114 0.3678389
-0.4869183 -0.5698658 0.3467109
-0.4481098 -1.2656172 0.3256590
-0.4089069 -1.9935044 0.3046059
-0.3691926 -2.7561817 0.2834836
-0.3288431 -3.5563966 0.2622332
-0.2877277 -4.3969891 0.2408048
-0.2457089 -5.2808925 0.2191579
-0.2026423 -6.2111281 0.1972606
-0.1584105 -7.1900838 0.1750276
-0.1128720 -8.2214015 0.1523584
-0.0658620 -9.3088697 0.1291859
-0.0172262 -10.4551886 0.1054410
0.0331793 -11.6619708 0.0810526
0.0854880 -12.9297406 0.0559479
0.1398228 -14.2579345 0.0300518
0.1962963 -15.6449008 0.0032876
0.2550106 -17.0878998 -0.0244235
0.3160388 -18.5824531 -0.0531656
0.3793989 -20.1190439 -0.0830015
0.4451262 -21.6844594 -0.1139366
0.5131433 -23.2597377 -0.1459714
0.5832481 -24.8198929 -0.1791053
0.6551138 -26.3339156 -0.2133364
0.7282886 -27.7647726 -0.2486618
0.8021519 -29.0726287 -0.2850490
0.8759605 -30.1974032 -0.3222537
0.9487997 -31.0693041 -0.3599379
1.0195004 -31.6222334 -0.3977432
1.0866390 -31.7937884 -0.4352909
1.1485372 -31.5252621 -0.4721824
1.2032888 -30.7621542 -0.5079975
1.2490959 -29.4620117 -0.5420797
1.2841725 -27.6000545 -0.5734312
1.3068741 -25.1758748 -0.6011351
1.3157524 -22.2146680 -0.6243984
1.3095559 -18.7672326 -0.6425518
1.2872297 -14.9099702 -0.6550495
1.2482570 -10.7301037 -0.6612543
1.1928425 -6.3084361 -0.6604409
1.1213384 -1.7208086 -0.6521672
1.0343311 2.9703893 -0.6361826
0.9326419 7.7162202 -0.6124283
0.8173141 12.4812522 -0.5810031
0.6893279 17.2612118 -0.5419971
0.5494132 22.0809714 -0.4956407
0.3981818 26.9640900 -0.4421817
0.2361340 31.9310699 -0.3818652
0.0636589 36.9993567 -0.3149329
-0.1189630 42.1833163 -0.2416272
-0.3114575 47.4773589 -0.1623505
-0.5137658 52.8021324 -0.0770997
-0.7250581 58.0077516 0.0141008
-0.9434055 62.8777880 0.1109135
-1.1657803 67.1292693 0.2126874
-1.3880560 70.4126797 0.3184586
-1.6050074 72.3119597 0.4269495
-1.8102546 72.3600587 0.5365949
-1.9953495 70.3300668 0.6453855
-2.1519392 66.2769022 0.7503144
-2.2739615 60.5151540 0.8484661
-2.3576386 53.6430182 0.9371962
-2.4023282 46.4138908 1.0140220
-2.4121213 39.4353422 1.0768485
-2.3922144 33.1832591 1.1248117
-2.3484426 28.0024700 1.1582880
-2.2880511 23.8979444 1.1779067
-2.2166167 20.7295824 1.1855445
-2.1388298 18.3393754 1.1828122
-2.0587566 16.5367755 1.1709214
-1.9784109 15.1651831 1.1520335
-1.8990176 14.0995006 1.1279723
-1.8217592 13.2516090 1.0999441
-1.7473800 12.5555799 1.0689862
-1.6759070 11.9581727 1.0361907
-1.6073699 11.4262101 1.0023126
-1.5417702 10.9381605 0.9679570
-1.4789962 10.4783139 0.9336340
-1.4188653 10.0361643 0.8995762
-1.3612034 9.6045094 0.8659655
-1.3058361 9.1779827 0.8330075
-1.2525881 8.7530111 0.8009289
-1.2012752 8.3267875 0.7698352
-1.1517486 7.8975860 0.7396317
-1.1038664 7.4640270 0.7102510
-1.0574817 7.0246956 0.6816740
-1.0124422 6.5781418 0.6539307
-0.9685912 6.1228920 0.6270963
-0.9257953 5.6579431 0.6011235
-0.8839510 5.1823704 0.5758743
-0.8429504 4.6950200 0.5512580
-0.8026812 4.1946394 0.5272078
-0.7630271 3.6798774 0.5036809
-0.7238672 3.1492843 0.4806585
-0.6850778 2.6013240 0.4581383
-0.6465542 2.0344276 0.4360419
-0.6082026 1.4468118 0.4142693
-0.5699232 0.8365475 0.3927389
-0.5316103 0.2015830 0.3713821
-0.4931518 -0.4602570 0.3501430
-0.4544296 -1.1512710 0.3289791
-0.4153197 -1.8738806 0.3078605
-0.3756933 -2.6306025 0.2867661
-0.3354363 -3.4240141 0.2656146
-0.2944292 -4.2573695 0.2443141
-0.2525441 -5.1339172 0.2227857
-0.2096487 -6.0567536 0.2009553
-0.1656061 -7.0288233 0.1787539
-0.1202748 -8.0529184 0.1561168
-0.0735088 -9.1316795 0.1329844
-0.0251574 -10.2675948 0.1093020
0.0249330 -11.4629590 0.0850175
0.0768789 -12.7188050 0.0600208
0.1308343 -14.0363155 0.0342302
0.1869442 -15.4148165 0.0075895
0.2453130 -16.8508525 -0.0199616
0.3060047 -18.3381863 -0.0484883
0.3690426 -19.8677990 -0.0780604
0.4344093 -21.4278901 -0.1087522
0.5019840 -23.0041119 -0.1406580
0.5716059 -24.5730649 -0.1737762
0.6431178 -26.1010317 -0.2079888
0.7161492 -27.5485022 -0.2431770
0.7901114 -28.8702359 -0.2792224
0.8641982 -30.0152627 -0.3160076
0.9373857 -30.9268820 -0.3534154
1.0084476 -31.5444775 -0.3913140
1.0760576 -31.8043706 -0.4292691
1.1386765 -31.6254194 -0.4665962
1.1946436 -30.9442259 -0.5026220
1.2422004 -29.7198156 -0.5366905
1.2794905 -27.9336371 -0.5681633
1.3045592 -25.5895624 -0.5964197
1.3156218 -22.7101459 -0.6207703
1.3116382 -19.3418687 -0.6402044
1.2917628 -15.5535863 -0.6538129
1.2555083 -11.4206655 -0.6609041
1.2027530 -7.0247333 -0.6610020
1.1337410 -2.4536106 -0.6538458
1.0491317 2.2185097 -0.6391481
0.9498141 6.9504339 -0.6167103
0.8366658 11.7155323 -0.5865471
0.7105574 16.5032579 -0.5487613
0.5723527 21.3191457 -0.5035443
0.4229081 26.1764115 -0.4512036
0.2627221 31.0978131 -0.3920751
0.0919268 36.1428013 -0.3262740
-0.0892264 41.3291163 -0.2539539
-0.2803429 46.6268913 -0.1753287
-0.4808854 51.9586518 -0.0906724
-0.6901731 57.1993165 -0.0003187
-0.9073584 62.1903747 0.0953658
-1.1300519 66.6589359 0.1960865
-1.3535548 70.1148755 0.3011576
-1.5722192 72.1433944 0.4093971
-1.7795369 72.4302294 0.5191382
-1.9681388 70.7616537 0.6282297
-2.1298334 67.0322842 0.7340584
-2.2574857 61.5031504 0.8337828
-2.3473039 54.7619155 0.9241694
-2.3984514 47.4999819 1.0027451
-2.4131739 40.4607274 1.0678081
-2.3970433 34.1330729 1.1182749
-2.3566171 28.7916316 1.1541735
-2.2984656 24.5152427 1.1760603
-2.2290512 21.2030014 1.1849748
-2.1523683 18.6814769 1.1835055
-2.0718995 16.7839153 1.1735550
-1.9910688 15.3549058 1.1559617
-1.9116293 14.2539496 1.1324227
-1.8341302 13.3792129 1.1047853
-1.7591703 12.6598793 1.0742401
-1.6872113 12.0491962 1.0416748
-1.6182531 11.5091121 1.0079315
-1.5522001 11.0153847 0.9735907
-1.4889552 10.5514592 0.9391370
-1.4284009 10.1070264 0.9049912
-1.3703479 9.6736193 0.8714264
-1.3146227 9.2464566 0.8384776
-1.2610538 8.8217843 0.8062124
-1.2094669 8.3965117 0.7747494
-1.1596846 7.9682112 0.7442584
-1.1115366 7.5351897 0.7148021
-1.0648896 7.0963630 0.6862457
-1.0196160 6.6506590 0.6585005
-0.9755838 6.1969245 0.6315152
-0.9326569 5.7339255 0.6052759
-0.8906944 5.2603473 0.5798059
-0.8495625 4.7749671 0.5551036
-0.8091607 4.2767313 0.5310424
-0.7693891 3.7643360 0.5075253
-0.7301430 3.2363698 0.4844760
-0.6913132 2.6913160 0.4618374
-0.6527853 2.1275523 0.4395724
-0.6144404 1.5433513 0.4176632
-0.5761588 0.9368932 0.3960930
-0.5378407 0.3061904 0.3747673
-0.4993870 -0.3509895 0.3535960
-0.4606920 -1.0369985 0.3325011
-0.4216431 -1.7543019 0.3114153
-0.3821207 -2.5054784 0.2902813
-0.3419989 -3.2932204 0.2690523
-0.3011448 -4.1203335 0.2476918
-0.2594194 -4.9897148 0.2261722
-0.2167054 -5.9039054 0.2044090
-0.1728654 -6.8666113 0.1823074
-0.1277494 -7.8814998 0.1597940
-0.0812104 -8.9515726 0.1367958
-0.0331044 -10.0791655 0.1132406
0.0167092 -11.2659486 0.0890566
0.0683681 -12.5129262 0.0641728
0.1220068 -13.8204368 0.0385189
0.1777567 -15.1881532 0.0120249
0.2357174 -16.6140736 -0.0153946
0.2959689 -18.0931460 -0.0438203
0.3586019 -19.6178208 -0.0732813
0.4236200 -21.1756543 -0.1038073
0.4909364 -22.7492421 -0.1354297
0.5603750 -24.3162203 -0.1681820
0.6316694 -25.8492731 -0.2020996
0.7043945 -27.3178566 -0.2372016
0.7780630 -28.6732219 -0.2733261
0.8520354 -29.8571151 -0.3102322
0.9254146 -30.8098474 -0.3476633
0.9970454 -31.4702944 -0.3853473
1.0655151 -31.7758969 -0.4229962
1.1291644 -31.6632426 -0.4603052
1.1863117 -31.0755021 -0.4967621
1.2351676 -29.9572718 -0.5314888
1.2739596 -28.2752539 -0.5636313
1.3010006 -26.0235456 -0.5924098
1.3146885 -23.2236398 -0.6171189
1.3135063 -19.9244243 -0.6371274
1.2962634 -16.1952050 -0.6517718
1.2626443 -12.1124894 -0.6601615
1.2125481 -7.7601581 -0.6616209
1.1461784 -3.2151324 -0.6556935
1.0640512 1.4529796 -0.6421381
0.9669942 6.1822305 -0.6209183
0.8560174 10.9371493 -0.5919758
0.7320323 15.7164320 -0.5554115
0.5958381 20.5280630 -0.5114225
0.4481278 25.3875771 -0.4602295
0.2894879 30.3180592 -0.4020766
0.1204015 35.3476677 -0.3372394
-0.0588904 40.4886881 -0.2660180
-0.2483554 45.7485715 -0.1885378
-0.4475903 51.0762216 -0.1049669
-0.6557575 56.3513549 -0.0155614
-0.8715855 61.3845002 0.0793348
-1.0932750 65.9387305 0.1793164
-1.3169498 69.6127934 0.2837698
-1.5369613 71.9316322 0.3915807
-1.7467989 72.5369231 0.5011690
-1.9390991 71.1895236 0.6104905
-2.1056817 67.7753245 0.7170573
-2.2392031 62.5054540 0.8180413
-2.3353471 55.9181313 0.9101280
-2.3927403 48.6871269 0.9907565
-2.4130625 41.5731901 1.0581472
-2.4015186 35.1052314 1.1110237
-2.3646343 29.5892763 1.1492815
-2.3088976 25.1403353 1.1734281
-2.2409537 21.6829391 1.1843326
-2.1651974 19.0451272 1.1844081
-2.0851293 17.0580809 1.1757265
-2.0042022 15.5634630 1.1592799
-1.9245096 14.4166634 1.1365582
-1.8466446 13.5103193 1.1095095
-1.7712303 12.7692042 1.0793809
-1.6987752 12.1436878 1.0470860
-1.6293331 11.5939042 1.0134940
-1.5628097 11.0938487 0.9792165
-1.4991119 10.6258316 0.9447545
-1.4381303 10.1788520 0.9105382
-1.3796807 9.7440071 0.8768767
-1.3235871 9.3161190 0.8438177
-1.2696778 8.8912760 0.8114275
-1.2177784 8.4662621 0.7798232
-1.1677118 8.0385568 0.7491723
-1.1193049 7.6063702 0.7195639
-1.0724213 7.1685698 0.6908660
-1.0269332 6.7240841 0.6629871
-0.9827085 6.2717621 0.6358735
-0.9396108 5.8103726 0.6095093
-0.8974991 5.3386043 0.5839161
-0.8562370 4.8552120 0.5591025
-0.8157224 4.3591650 0.5349437
-0.7758556 3.8491800 0.5113406
-0.7365322 3.3238624 0.4882151
-0.6976429 2.7817128 0.4655090
-0.6590738 2.2211264 0.4431839
-0.6207061 1.6403937 0.4212213
-0.5824196 1.0377119 0.3996068
-0.5441135 0.4111252 0.3782491
-0.5056896 -0.2415718 0.3570565
-0.4670427 -0.9227075 0.3359507
-0.4280608 -1.6347249 0.3148638
-0.3886253 -2.3801816 0.2937381
-0.3486107 -3.1617496 0.2725265
-0.3078849 -3.9822159 0.2511922
-0.2663095 -4.8444683 0.2297082
-0.2237659 -5.7510527 0.2079943
-0.1801194 -6.7056118 0.1859537
-0.1352208 -7.7118309 0.1635127
-0.0889235 -8.7727599 0.1405980
-0.0410837 -9.8908122 0.1171373
0.0084398 -11.0677654 0.0930591
0.0597856 -12.3047612 0.0682927
0.1130898 -13.6023050 0.0427682
0.1684856 -14.9602666 0.0164167
0.2260774 -16.3769741 -0.0108463
0.2859468 -17.8477951 -0.0391058
0.3481919 -19.3657904 -0.0683926
0.4128264 -20.9192396 -0.0987379
0.4797767 -22.4915528 -0.1301753
0.5488815 -24.0612704 -0.1627402
0.6198920 -25.6020637 -0.1964705
0.6924088 -27.0844510 -0.2313946
0.7659599 -28.4620843 -0.2673687
0.8399433 -29.6775763 -0.3041579
0.9134995 -30.6718845 -0.3415120
0.9855114 -31.3843147 -0.3791663
1.0546044 -31.7525212 -0.4168409
1.1191508 -31.7127527 -0.4542412
1.1774764 -31.2073207 -0.4909024
1.2278105 -30.1788137 -0.5259670
1.2683712 -28.5897400 -0.5585776
1.2974559 -26.4299952 -0.5879496
1.3134416 -23.7168625 -0.6133700
1.3147845 -20.4950128 -0.6341985
1.3001936 -16.8314667 -0.6497913
1.2692681 -12.8007845 -0.6592559
1.2218619 -8.4870832 -0.6618807
1.1581255 -3.9683960 -0.6571777
1.0785251 0.6842033 -0.6448749
0.9838422 5.4067018 -0.6249132
0.8750784 10.1578430 -0.5972338
0.7531627 14.9331258 -0.5619047
0.6189120 19.7387543 -0.5191163
0.4730385 24.5888853 -0.4690843
0.3161499 29.5056277 -0.4120499
0.1487508 34.5176338 -0.3482842
-0.0288714 39.6388998 -0.2780993
-0.2166968 44.8818290 -0.2016303
-0.4143772 50.2052003 -0.1190367
-0.6211481 55.4996967 -0.0305632
-0.8358283 60.5879050 0.0634602
-1.0567685 65.2429772 0.1626405
-1.2804627 69.0940406 0.2664272
-1.5014775 71.6593559 0.3737839
-1.7134659 72.5646998 0.4832070
-1.9091929 71.5501954 0.5927295
-2.0805457 68.4720834 0.6999290
-2.2198431 63.4728696 0.8020574
-2.3222762 57.0583205 0.8957899
-2.3859710 49.8804796 0.9784265
-2.4120733 42.7037674 1.0481036
-2.4053002 36.1039595 1.1033847
-2.3721231 30.4185477 1.1440125
-2.3190174 25.7953629 1.1704080
-2.2526909 22.1870486 1.1833497
-2.1779408 19.4270492 1.1850533
-2.0983288 17.3456919 1.1777169
-2.0173641 15.7817821 1.1624554
-1.9374475 14.5862259 1.1405883
-1.8592336 13.6460949 1.1141602
-1.7833746 12.8817030 1.0844738
-1.7104253 12.2402836 1.0524716
-1.6404979 11.6801197 1.0190458
-1.5735012 11.1732612 0.9848437
-1.5093471 10.7008444 0.9503832
-1.4479335 10.2510833 0.9161051
-1.3890828 9.8146547 0.8823501
-1.3326162 9.3859380 0.8491818
-1.2783619 8.9608454 0.8166674
-1.2261454 8.5360244 0.7849234
-1.1757896 8.1088576 0.7541161
-1.1271197 7.6774675 0.7243550
-1.0799957 7.2406614 0.6955141
-1.0342896 6.7973658 0.6674994
-0.9898690 6.3464288 0.6402554
-0.9465970 5.8866196 0.6137648
-0.9043324 5.4166282 0.5880485
-0.8629368 4.9351931 0.5631223
-0.8223064 4.4413018 0.5388643
-0.7823417 3.9336916 0.5151729
-0.7429381 3.4109849 0.4919690
-0.7039866 2.8716991 0.4691932
-0.6653733 2.3142470 0.4468066
-0.6269797 1.7369369 0.4247899
-0.5886851 1.1379834 0.4031305
-0.5503881 0.5154595 0.3817393
-0.5119912 -0.1328129 0.3605236
-0.4733896 -0.8091376 0.3394048
-0.4344720 -1.5159346 0.3183144
-0.3951203 -2.2557395 0.2971949
-0.3552097 -3.0312036 0.2759989
-0.3146088 -3.8450942 0.2546898
-0.2731797 -4.7002848 0.2332409
-0.2308032 -5.5993289 0.2115746
-0.1873463 -6.5458274 0.1895934
-0.1426611 -7.5434652 0.1672230
-0.0966018 -8.5953255 0.1443898
-0.0490246 -9.7038892 0.1210215
0.0002122 -10.8710354 0.0970469
0.0512481 -12.0980411 0.0723957
0.1042206 -13.3855815 0.0469987
0.1592651 -14.7337297 0.0207878
0.2164894 -16.1410944 -0.0063210
0.2759782 -17.6034695 -0.0344155
0.3378360 -19.1144895 -0.0635286
0.4020858 -20.6631219 -0.0936934
0.4686657 -22.2335730 -0.1249455
0.5374294 -23.8052880 -0.1573230
0.6081455 -25.3529508 -0.1908664
0.6804387 -26.8481172 -0.2256117
0.7538546 -28.2465629 -0.2614311
0.8278269 -29.4919879 -0.2980959
0.9015324 -30.5261423 -0.3353637
0.9738910 -31.2888567 -0.3729780
1.0435652 -31.7180419 -0.4106683
1.1089621 -31.7497597 -0.4481504
1.1684171 -31.3253731 -0.4849983
1.2201814 -30.3857628 -0.5203784
1.2624665 -28.8893587 -0.5534336
1.2935558 -26.8219523 -0.5833765
1.3118045 -24.1966964 -0.6094891
1.3156402 -21.0541054 -0.6311232
1.3036881 -17.4583796 -0.6476459
1.2754540 -13.4820851 -0.6581693
1.2307450 -9.2092086 -0.6619467
1.1696570 -4.7187585 -0.6584595
1.0926057 -0.0832526 -0.6474064
1.0003262 4.6312948 -0.6287026
0.8938032 9.3783719 -0.6022907
0.7739813 14.1498963 -0.5682033
0.6416946 18.9500307 -0.5266228
0.4976745 23.7913968 -0.4777595
0.3425503 28.6950752 -0.4218512
0.1768500 33.6898268 -0.3591659
0.0009013 38.7914328 -0.2900236
-0.1852774 44.0165123 -0.2145709
-0.3813844 49.3330073 -0.1329604
-0.5867235 54.6421747 -0.0454273
-0.8002043 59.7785863 0.0477115
-1.0203125 64.5257820 0.1460750
-1.2438823 68.5413518 0.2491676
-1.4657218 71.3419228 0.3560298
-1.6796633 72.5397288 0.4652343
-1.8786080 71.8552730 0.5748919
-2.0545273 69.1175174 0.6826525
-2.1994713 64.4026862 0.7858368
-2.3081501 58.1788842 0.8811407
-2.3781848 51.0747621 0.9657358
-2.4101979 43.8512291 1.0376619
-2.4083722 37.1287887 1.0953453
-2.3790834 31.2774314 1.1383589
-2.3287977 26.4781587 1.1670206
-2.2642204 22.7142586 1.1820576
-2.1905678 19.8271568 1.1854542
-2.1114907 17.6470862 1.1795089
-2.0305573 16.0102433 1.1654625
-1.9504447 14.7629149 1.1444948
-1.8718992 13.7867684 1.1187234
-1.7956064 12.9975663 1.0895079
-1.7221658 12.3391354 1.0578233
-1.6517518 11.7678582 1.0245812
-1.5842787 11.2536832 0.9904677
-1.5196644 10.7765245 0.9560198
-1.4578138 10.3237394 0.9216902
-1.3985571 9.8855695 0.8878460
-1.3417127 9.4559178 0.8545698
-1.2871085 9.0304958 0.8219315
-1.2345700 8.6058001 0.7900493
-1.1839201 8.1791128 0.7590898
-1.1349825 7.7484774 0.7291765
-1.0876142 7.3126340 0.7001914
-1.0416865 6.8705021 0.6720385
-0.9970666 6.4209250 0.6446614
-0.9536169 5.9626685 0.6180426
-0.9111956 5.4944212 0.5922033
-0.8696630 5.0149114 0.5671642
-0.8289137 4.5231431 0.5428053
-0.7888481 4.0178731 0.5190233
-0.7493617 3.4977402 0.4957382
-0.7103453 2.9612785 0.4728904
-0.6716850 2.4069183 0.4504405
-0.6332621 1.8329856 0.4283693
-0.5949560 1.2377133 0.4066649
-0.5566652 0.6191996 0.3852389
-0.5182924 -0.0247062 0.3639981
-0.4797333 -0.6962823 0.3428638
-0.4408772 -1.3979246 0.3217675
-0.4016064 -2.1321457 0.3006517
-0.3617967 -2.9015757 0.2794695
-0.3213171 -3.7089615 0.2581847
-0.2800304 -4.5571565 0.2367709
-0.2378177 -5.4487222 0.2151508
-0.1945467 -6.3872497 0.1932273
-0.1500710 -7.3764000 0.1709254
-0.1042457 -8.4192721 0.1481716
-0.0569273 -9.5184026 0.1248935
-0.0079739 -10.6757659 0.1010201
0.0427551 -11.8927742 0.0764817
0.0953988 -13.1702774 0.0512101
0.1500950 -14.5085631 0.0251383
0.2069528 -15.9064622 -0.0018185
0.2660630 -17.3602164 -0.0297496
0.3275348 -18.8639902 -0.0586895
0.3913990 -20.4073950 -0.0886736
0.4576049 -21.9754142 -0.1197401
0.5260205 -23.5484027 -0.1519302
0.5964322 -25.1020872 -0.1852877
0.6684860 -26.6091080 -0.2198548
0.7417498 -28.0269411 -0.2555152
0.8156904 -29.3006141 -0.2920481
0.8895191 -30.3728543 -0.3292197
0.9621913 -31.1841356 -0.3667831
1.0324059 -31.6726782 -0.4044788
1.0986058 -31.7744573 -0.4420346
1.1591413 -31.4299069 -0.4790543
1.2122870 -30.5782826 -0.5147279
1.2562517 -29.1741186 -0.5482030
1.2893062 -27.1992507 -0.5786932
1.3097837 -24.6628157 -0.6054778
1.3160796 -21.6012519 -0.6279027
1.3067475 -18.0755022 -0.6453395
1.2812004 -14.1559614 -0.6569052
1.2391943 -9.9261589 -0.6618210
1.1807686 -5.4658874 -0.6595396
1.1062875 -0.8490775 -0.6497316
1.0164394 3.8562022 -0.6322859
0.9121858 8.5987590 -0.6071448
0.7944831 13.3667126 -0.5743054
0.6641813 18.1618542 -0.5339405
0.5220313 22.9950704 -0.4862534
0.3686848 27.8863444 -0.4314784
0.2046954 32.8642795 -0.3698820
0.0304252 37.9462971 -0.3017897
-0.1541016 43.1529185 -0.2273580
-0.3486186 48.4603131 -0.1467359
-0.5524927 53.7797978 -0.0601506
-0.7647245 58.9578378 0.0320923
-0.9839279 63.7891661 0.1296244
-1.2072379 67.9569417 0.2319974
-1.4297272 70.9808728 0.3383272
-1.6454251 72.4626583 0.4472620
-1.8473795 72.1046587 0.5569902
-2.0276563 69.7098965 0.6652412
-2.1781026 65.2921529 0.7693943
-2.2929696 59.2766004 0.8661915
-2.3693693 52.2664236 0.9526904
-2.4074079 45.0134786 1.0268253
-2.4107028 38.1786694 1.0869044
-2.3854848 32.1657417 1.1323174
-2.3381970 27.1893506 1.1632708
-2.2755247 23.2653781 1.1804440
-2.2030650 20.2462217 1.1855994
-2.1246011 17.9629121 1.1810969
-2.0437767 16.2494264 1.1682875
-1.9634971 14.9471657 1.1482703
-1.8846390 13.9326456 1.1231928
-1.8079232 13.1169753 1.0944786
-1.7339957 12.4403773 1.0631371
-1.6630945 11.8572087 1.0300970
-1.5951419 11.3351735 0.9960863
-1.5300633 10.8529036 0.9616623
-1.4677712 10.3968446 0.9272917
-1.4081035 9.9567624 0.8933638
-1.3508765 9.5260643 0.8599811
-1.2959178 9.1002303 0.8272191
-1.2430524 8.6755895 0.7951997
-1.1921033 8.2493202 0.7640922
-1.1428932 7.8193945 0.7340287
-1.0952766 7.3844814 0.7048983
-1.0491239 6.9434874 0.6766045
-1.0043013 6.4952461 0.6490912
-0.9606706 6.0385159 0.6223419
-0.9180888 5.5719794 0.5963797
-0.8764153 5.0943615 0.5712281
-0.8355439 4.6046835 0.5467668
-0.7953747 4.1017192 0.5228917
-0.7558028 3.5841232 0.4995227
-0.7167189 3.0504464 0.4766002
-0.6780086 2.4991359 0.4540852
-0.6395532 1.9285353 0.4319592
-0.6012321 1.3368970 0.4102102
-0.5629443 0.7223410 0.3887480
-0.5245928 0.0827439 0.3674801
-0.4860737 -0.5841462 0.3463276
-0.4472763 -1.2806998 0.3252227
-0.4080835 -2.0094058 0.3041081
-0.3683714 -2.7728717 0.2829378
-0.3280095 -3.5738238 0.2616765
-0.2868614 -4.4150879 0.2402983
-0.2448091 -5.2992393 0.2187229
-0.2017200 -6.2298882 0.1968554
-0.1574499 -7.2106478 0.1746201
-0.1118547 -8.2446151 0.1519434
-0.0647917 -9.3343706 0.1287529
-0.0161183 -10.4819784 0.1049782
0.0343070 -11.6889864 0.0805503
0.0866250 -12.9564256 0.0554022
0.1409760 -14.2848111 0.0294682
0.1974686 -15.6731250 0.0026607
0.2562022 -17.1181036 -0.0251085
0.3172897 -18.6143829 -0.0538756
0.3807680 -20.1521703 -0.0836787
0.4465966 -21.7172064 -0.1145594
0.5146575 -23.2907655 -0.1465622
0.5847553 -24.8496554 -0.1797351
0.6565540 -26.3676653 -0.2141255
0.7296494 -27.8034910 -0.2496234
0.8035391 -29.1037266 -0.2860167
0.8774666 -30.2122777 -0.3230816
0.9504206 -31.0703929 -0.3605829
1.0211352 -31.6166638 -0.3982739
1.0880898 -31.7870245 -0.4358962
1.1496573 -31.5211601 -0.4730751
1.2041349 -30.7565178 -0.5090209
1.2497336 -29.4440012 -0.5428906
1.2847137 -27.5616964 -0.5739030
1.3073853 -25.1148720 -0.6013384
1.3161081 -22.1359791 -0.6245388
1.3093720 -18.6823446 -0.6428756
1.2865051 -14.8219169 -0.6554670
1.2472059 -10.6374894 -0.6615061
1.1914551 -6.2093883 -0.6604186
1.1195640 -1.6129063 -0.6518495
1.0321740 3.0816976 -0.6356631
0.9302185 7.8191104 -0.6117944
0.8146610 12.5835983 -0.5802090
0.6863657 17.3742239 -0.5410668
0.5461026 22.1999058 -0.4945633
0.3945472 27.0794352 -0.4409286
0.2322814 32.0410782 -0.3804292
0.0596957 37.1035498 -0.3133950
-0.1231752 42.2913453 -0.2399892
-0.3160882 47.5877601 -0.1603600
-0.5184670 52.9135538 -0.0747293
-0.7294025 58.1269507 0.0166072
-0.9476349 63.0349049 0.1132938
-1.1705598 67.3430369 0.2149240
-1.3935294 70.5779926 0.3206858
-1.6107889 72.3343845 0.4293017
-1.8155444 72.2983233 0.5390382
-1.9999633 70.2474183 0.6477055
-2.1557555 66.1386057 0.7527462
-2.2767371 60.3482886 0.8509570
-2.3595139 53.4520240 0.9392990
-2.4036787 46.1879498 1.0155983
-2.4122606 39.2522462 1.0780607
-2.3912941 33.0831652 1.1258835
-2.3471853 27.9293112 1.1591534
-2.2865790 23.8410878 1.1785017
-2.2154190 20.6850531 1.1854754
-2.1376531 18.2937283 1.1824660
-2.0570087 16.4995761 1.1709271
-1.9765937 15.1391957 1.1519099
-1.8974453 14.0839059 1.1275631
-1.8203193 13.2400621 1.0993801
-1.7459092 12.5440634 1.0684081
-1.6745205 11.9481932 1.0355892
-1.6060863 11.4177372 1.0016958
-1.5405399 10.9299771 0.9673073
-1.4778017 10.4703788 0.9329051
-1.4177180 10.0282077 0.8988990
-1.3601037 9.5963402 0.8654133
-1.3047856 9.1700055 0.8325295
-1.2515887 8.7453519 0.8003746
-1.2003357 8.3194466 0.7691203
-1.1508489 7.8901885 0.7389069
-1.1029798 7.4561709 0.7096307
-1.0565983 7.0162841 0.6811948
-1.0115695 6.5693500 0.6535438
-0.9677543 6.1141171 0.6266625
-0.9250087 5.6492607 0.6005762
-0.8831909 5.1735027 0.5753110
-0.8421942 4.6858816 0.5507458
-0.8019184 4.1851875 0.5267759
-0.7622582 3.6700906 0.5033211
-0.7231038 3.1391579 0.4803220
-0.6843407 2.5908533 0.4577404
-0.6458498 2.0235377 0.4355583
-0.6075106 1.4354828 0.4137633
-0.5692229 0.8248303 0.3922636
-0.5308898 0.1894833 0.3709669
-0.4924076 -0.4727835 0.3497945
-0.4536660 -1.1643152 0.3286789
-0.4145480 -1.8875766 0.3075638
-0.3749303 -2.6451524 0.2864038
-0.3346826 -3.4397472 0.2651646
-0.2936695 -4.2741565 0.2438205
-0.2517738 -5.1509770 0.2222883
-0.2088631 -6.0738303 0.2004749
-0.1647948 -7.0462798 0.1783042
-0.1194261 -8.0714175 0.1557023
-0.0726144 -9.1518636 0.1325973
-0.0242172 -10.2897667 0.1089191
0.0259081 -11.4868039 0.0845998
0.0779041 -12.7441807 0.0595734
0.1319134 -14.0626309 0.0337758
0.1880432 -15.4412596 0.0071156
0.2464024 -16.8773127 -0.0204933
0.3071067 -18.3658549 -0.0490888
0.3701985 -19.8976629 -0.0787121
0.4356471 -21.4592144 -0.1094077
0.5033480 -23.0326882 -0.1412237
0.5731238 -24.5959642 -0.1742120
0.6446548 -26.1239586 -0.2084249
0.7175663 -27.5764735 -0.2437568
0.7913851 -28.9017459 -0.2800048
0.8653855 -30.0449356 -0.3169557
0.9385891 -30.9481391 -0.3543860
1.0097648 -31.5503896 -0.3920620
1.0774287 -31.7876566 -0.4297400
1.1399805 -31.5990606 -0.4670638
1.1957403 -30.9202784 -0.5032622
1.2429245 -29.6987855 -0.5375045
1.2797855 -27.9090555 -0.5690163
1.3046118 -25.5525650 -0.5970806
1.3157275 -22.6577935 -0.6210371
1.3115633 -19.2782633 -0.6402556
1.2913663 -15.4792210 -0.6538553
1.2547746 -11.3424694 -0.6610028
1.2017088 -6.9486357 -0.6610980
1.1324257 -2.3742319 -0.6537610
1.0475183 2.3083456 -0.6388325
0.9478878 7.0399110 -0.6162368
0.8345008 11.8008483 -0.5859097
0.7082343 16.5873213 -0.5479966
0.5698760 21.4061055 -0.5026836
0.4201253 26.2746351 -0.4501964
0.2595931 31.2206342 -0.3908011
0.0886980 36.2637898 -0.3248319
-0.0925115 41.4323130 -0.2524573
-0.2838093 46.7159925 -0.1738263
-0.4846694 52.0445229 -0.0891565
-0.6942663 57.2875038 0.0012648
-0.9114598 62.2640144 0.0970931
-1.1338868 66.7015510 0.1979588
-1.3571802 70.1359720 0.3031194
-1.5758090 72.1569372 0.4113706
-1.7831510 72.4364878 0.5210557
-1.9714928 70.7290459 0.6300661
-2.1324615 66.9394349 0.7359119
-2.2594656 61.3904179 0.8354573
-2.3486144 54.6279394 0.9255784
-2.3989920 47.3714602 1.0039918
-2.4130201 40.3473879 1.0688181
-2.3964795 34.0289460 1.1190566
-2.3557298 28.6984251 1.1546665
-2.2973567 24.4420227 1.1762262
-2.2276136 21.1444659 1.1850716
-2.1506387 18.6401611 1.1836022
-2.0702419 16.7609731 1.1733755
-1.9897218 15.3392441 1.1554105
-1.9103084 14.2407504 1.1318301
-1.8327888 13.3669980 1.1042069
-1.7579001 12.6502644 1.0736317
-1.6860242 12.0408508 1.0410535
-1.6171072 11.5013923 1.0072930
-1.5510901 11.0077552 0.9729515
-1.4879010 10.5443285 0.9385263
-1.4273966 10.0998899 0.9044472
-1.3693901 9.6667175 0.8708636
-1.3137080 9.2397860 0.8378624
-1.2601750 8.8150542 0.8055738
-1.2086141 8.3894652 0.7741718
-1.1588466 7.9608370 0.7438067
-1.1107212 7.5276776 0.7143844
-1.0641068 7.0888613 0.6858068
-1.0188679 6.6431994 0.6580185
-0.9748646 6.1894321 0.6310046
-0.9319521 5.7262284 0.6047916
-0.8899873 5.2523008 0.5794097
-0.8488624 4.7667026 0.5547391
-0.8084768 4.2682422 0.5306734
-0.7687250 3.7556053 0.5071322
-0.7294970 3.2273747 0.4840559
-0.6906781 2.6820309 0.4614060
-0.6521491 2.1179516 0.4391654
-0.6137894 1.5334268 0.4173217
-0.5754989 0.9266220 0.3957826
-0.5371811 0.2954664 0.3744557
-0.4987325 -0.3622396 0.3532625
-0.4600432 -1.0488164 0.3321356
-0.4209967 -1.7667052 0.3110190
-0.3814700 -2.5184679 0.2898678
-0.3413333 -3.3067873 0.2686483
-0.3004520 -4.1344329 0.2473353
-0.2587092 -5.0040162 0.2258442
-0.2159734 -5.9191460 0.2040828
-0.1721032 -6.8833519 0.1819748
-0.1269571 -7.8997295 0.1594461
-0.0803928 -8.9709403 0.1364249
-0.0322674 -10.0992117 0.1128418
0.0175624 -11.2863370 0.0886295
0.0692405 -12.5336755 0.0637230
0.1229114 -13.8421524 0.0380597
0.1786822 -15.2110272 0.0115453
0.2366690 -16.6380016 -0.0159052
0.2969904 -18.1185663 -0.0443314
0.3596949 -19.6440631 -0.0737770
0.4247614 -21.2016827 -0.1042891
0.4920986 -22.7744645 -0.1359188
0.5615455 -24.3412967 -0.1687208
0.6328002 -25.8781372 -0.2027525
0.7055126 -27.3461472 -0.2379155
0.7792390 -28.6951076 -0.2740153
0.8532849 -29.8713812 -0.3108482
0.9267054 -30.8179232 -0.3482012
0.9983049 -31.4742816 -0.3858524
1.0666370 -31.7765964 -0.4235708
1.1301266 -31.6634833 -0.4610214
1.1871189 -31.0693472 -0.4974554
1.2358376 -29.9382966 -0.5320520
1.2745296 -28.2412017 -0.5640436
1.3014653 -25.9757279 -0.5927151
1.3149390 -23.1663350 -0.6174043
1.3133250 -19.8627102 -0.6374808
1.2957843 -16.1272207 -0.6520698
1.2618973 -12.0404065 -0.6603117
1.2115240 -7.6830350 -0.6615799
1.1448652 -3.1326123 -0.6554686
1.0624632 1.5366169 -0.6417935
0.9651824 6.2616375 -0.6204702
0.8539906 11.0187604 -0.5914046
0.7297754 15.8013038 -0.5547255
0.5933412 20.6138119 -0.5106097
0.4454093 25.4721572 -0.4592774
0.2866180 30.4032809 -0.4009929
0.1174192 35.4276192 -0.3360934
-0.0621218 40.5762869 -0.2647561
-0.2517951 45.8455264 -0.1871294
-0.4511192 51.1736432 -0.1034271
-0.6593415 56.4410056 -0.0139284
-0.8754270 61.4775592 0.0810310
-1.0972529 66.0341010 0.1811117
-1.3207256 69.6574329 0.2856402
-1.5405373 71.9327291 0.3934837
-1.7502487 72.5199436 0.5030613
-1.9422891 71.1538098 0.6123438
-2.1082543 67.6923780 0.7189094
-2.2411727 62.3995452 0.8197105
-2.3366701 55.7904220 0.9115457
-2.3933289 48.5608792 0.9920175
-2.4129581 41.4617512 1.0591821
-2.4010116 35.0019851 1.1118373
-2.3637978 29.4969764 1.1498082
-2.3078326 25.0688415 1.1736109
-2.2396285 21.6252674 1.1843810
-2.1635435 19.0030023 1.1844973
-2.0834667 17.0341980 1.1756246
-2.0028730 15.5477617 1.1587667
-1.9232220 14.4035159 1.1359892
-1.8453280 13.4980394 1.1089542
-1.7699663 12.7591385 1.0788041
-1.6976037 12.1352949 1.0464865
-1.6282032 11.5862142 1.0128749
-1.5617131 11.0862909 0.9785927
-1.4980684 10.6187222 0.9441541
-1.4371387 10.1718321 0.9100064
-1.3787353 9.7372104 0.8763306
-1.3226845 9.3095792 0.8432167
-1.2688111 8.8847011 0.8107971
-1.2169380 8.4593794 0.7792464
-1.1668861 8.0313428 0.7487268
-1.1185005 7.5990038 0.7191582
-1.0716491 7.1612192 0.6904399
-1.0261962 6.7167923 0.6625151
-0.9820011 6.2644574 0.6353685
-0.9389188 5.8028795 0.6090260
-0.8968044 5.3307546 0.5835239
-0.8555481 4.8471456 0.5587462
-0.8150495 4.3508824 0.5345840
-0.7752028 3.8406661 0.5109560
-0.7358981 3.3150957 0.4878018
-0.6970205 2.7726676 0.4650824
-0.6584508 2.2117764 0.4427804
-0.6200682 1.6307286 0.4208847
-0.5817722 1.0277158 0.3993044
-0.5434665 0.4006935 0.3779463
-0.5050482 -0.2525136 0.3567317
-0.4664078 -0.9342019 0.3355929
-0.4274293 -1.6467897 0.3144740
-0.3879902 -2.3928163 0.2933300
-0.3479614 -3.1749426 0.2721277
-0.3072087 -3.9959192 0.2508422
-0.2656153 -4.8583574 0.2293900
-0.2230508 -5.7658340 0.2076787
-0.1793753 -6.7218622 0.1856316
-0.1344478 -7.7295506 0.1631746
-0.0881265 -8.7916038 0.1402359
-0.0402685 -9.9103217 0.1167465
0.0092701 -11.0876001 0.0926396
0.0606344 -12.3249306 0.0678512
0.1139701 -13.6234000 0.0423195
0.1693862 -14.9824721 0.0159497
0.2270024 -16.4002198 -0.0113442
0.2869413 -17.8725780 -0.0396038
0.3492580 -19.3914540 -0.0688741
0.4139410 -20.9447255 -0.0992046
0.4809114 -22.5162413 -0.1306482
0.5500233 -24.0858209 -0.1632619
0.6209945 -25.6303799 -0.1971081
0.6934931 -27.1127463 -0.2320997
0.7671055 -28.4841106 -0.2680494
0.8411697 -29.6919619 -0.3047614
0.9147751 -30.6801087 -0.3420319
0.9867624 -31.3886797 -0.3796487
1.0557236 -31.7541230 -0.4173914
1.1201055 -31.7145566 -0.4549500
1.1782811 -31.2037818 -0.4916027
1.2284826 -30.1625624 -0.5265371
1.2689538 -28.5581193 -0.5589900
1.2979516 -26.3842597 -0.5882475
1.3137462 -23.6613774 -0.6136451
1.3146611 -20.4353359 -0.6345537
1.2997614 -16.7655112 -0.6501122
1.2685742 -12.7308649 -0.6594345
1.2208987 -8.4121897 -0.6618661
1.1568789 -3.8877514 -0.6569742
1.0770042 0.7667106 -0.6445472
0.9820974 5.4844691 -0.6244945
0.8731248 10.2374205 -0.5966925
0.7509841 15.0161610 -0.5612521
0.6164943 19.8229540 -0.5183400
0.4703964 24.6719252 -0.4681700
0.3133534 29.5889677 -0.4110029
0.1458562 34.5951845 -0.3471775
-0.0320090 39.7234906 -0.2768835
-0.2200494 44.9767326 -0.2002677
-0.4178232 50.3015937 -0.1175395
-0.6246396 55.5885938 -0.0289704
-0.8395530 60.6771789 0.0651112
-1.0606797 65.3422766 0.1643881
-1.2841947 69.1442498 0.2682550
-1.5050102 71.6636487 0.3756500
-1.7168781 72.5498775 0.4850666
-1.9123900 71.5211940 0.5945529
-2.0831618 68.3955767 0.7017543
-2.2218729 63.3727272 0.8037297
-2.3236802 56.9359316 0.8972120
-2.3866674 49.7535673 0.9796844
-2.4120498 42.5933055 1.0491560
-2.4048621 36.0012006 1.1042243
-2.3713589 30.3250212 1.1445746
-2.3179828 25.7221376 1.1706475
-2.2514420 22.1282283 1.1833978
-2.1763516 19.3830943 1.1851444
-2.0966746 17.3199438 1.1776650
-2.0160418 15.7652695 1.1619710
-1.9361814 14.5725846 1.1400349
-1.8579346 13.6334692 1.1136171
-1.7821089 12.8709520 1.0839195
-1.7092588 12.2316668 1.0518850
-1.6393745 11.6722993 1.0184392
-1.5724096 11.1656513 0.9842291
-1.5083051 10.6936064 0.9497877
-1.4469453 10.2440693 0.9155759
-1.3881404 9.8078466 0.8818133
-1.3317163 9.3794061 0.8485917
-1.2774980 8.9543083 0.8160442
-1.2253084 8.5292020 0.7843447
-1.1749684 8.1017172 0.7536677
-1.1263185 7.6701607 0.7239521
-1.0792262 7.2333684 0.6950939
-1.0335552 6.7901385 0.6670338
-0.9891647 6.3392021 0.6397544
-0.9459094 5.8792224 0.6132804
-0.9036427 5.4088743 0.5876540
-0.8622522 4.9272210 0.5627673
-0.8216373 4.4331189 0.5385079
-0.7816926 3.9252845 0.5147927
-0.7423079 3.4023326 0.4915600
-0.7033686 2.8627760 0.4687700
-0.6647557 2.3050255 0.4464039
-0.6263479 1.7274030 0.4244529
-0.5880435 1.1281272 0.4028295
-0.5497468 0.5051806 0.3814391
-0.5113555 -0.1435887 0.3602024
-0.4727606 -0.8204541 0.3390512
-0.4338467 -1.5278113 0.3179291
-0.3944919 -2.2681774 0.2967909
-0.3545679 -3.0441919 0.2756032
-0.3139407 -3.8585919 0.2543418
-0.2724931 -4.7139753 0.2329263
-0.2300965 -5.6138707 0.2112632
-0.1866119 -6.5617895 0.1892753
-0.1418991 -7.5608614 0.1668885
-0.0958167 -8.6138350 0.1440310
-0.0482217 -9.7230772 0.1206339
0.0010302 -10.8905738 0.0966310
0.0520846 -12.1179290 0.0719585
0.1050885 -13.4063657 0.0465557
0.1601541 -14.7555966 0.0203293
0.2174017 -16.1639800 -0.0068102
0.2769586 -17.6279164 -0.0349055
0.3388873 -19.1398786 -0.0640031
0.4031856 -20.6884073 -0.0941535
0.4697864 -22.2581115 -0.1254114
0.5385576 -23.8296681 -0.1578354
0.6092388 -25.3808670 -0.1914919
0.6815097 -26.8764752 -0.2263095
0.7549875 -28.2689850 -0.2621073
0.8290437 -29.5069383 -0.2986961
0.9028031 -30.5349877 -0.3358793
0.9751432 -31.2938960 -0.3734527
1.0446946 -31.7205369 -0.4112046
1.1099246 -31.7525296 -0.4488516
1.1692351 -31.3237465 -0.4857063
1.2208681 -30.3716751 -0.5209621
1.2630664 -28.8598186 -0.5538584
1.2940776 -26.7780763 -0.5836815
1.3121540 -24.1427441 -0.6097640
1.3155758 -20.9958542 -0.6314778
1.3033002 -17.3937768 -0.6479849
1.2748061 -13.4135014 -0.6583730
1.2298322 -9.1357664 -0.6619584
1.1684648 -4.6393868 -0.6582790
1.0911385 -0.0012543 -0.6470949
0.9986300 4.7084819 -0.6283098
0.8919008 9.4568413 -0.6017734
0.7718577 14.2318249 -0.5675759
0.6393332 19.0333887 -0.5258738
0.4950857 23.8737627 -0.4768735
0.3398000 28.7774502 -0.4208311
0.1740089 33.7664528 -0.3580838
-0.0021734 38.8740557 -0.2888389
-0.1885727 44.1099128 -0.2132407
-0.3847829 49.4289178 -0.1314932
-0.5901662 54.7312044 -0.0438607
-0.8038508 59.8647522 0.0493354
-1.0241841 64.6276539 0.1477913
-1.2476099 68.5980013 0.2509686
-1.4692576 71.3513561 0.3578761
-1.6830758 72.5276561 0.4670804
-1.8818317 71.8312151 0.5767054
-2.0572110 69.0474165 0.6844611
-2.2015807 64.3073238 0.7875263
-2.3096455 58.0610740 0.8825870
-2.3789936 50.9473612 0.9670064
-2.4102694 43.7400974 1.0387426
-2.4080036 37.0254561 1.0962162
-2.3783840 31.1824268 1.1389611
-2.3277855 26.4024889 1.1673259
-2.2630332 22.6540902 1.1821154
-2.1890459 19.7812894 1.1855379
-2.1098555 17.6189739 1.1794888
-2.0292236 15.9923289 1.1650153
-1.9491826 14.7483638 1.1439615
-1.8706061 13.7735785 1.1181913
-1.7943301 12.9860447 1.0889707
-1.7209905 12.3301191 1.0572458
-1.6506221 11.7597530 1.0239831
-1.5831810 11.2459071 0.9898589
-1.5186131 10.7690716 0.9554253
-1.4568180 10.3166400 0.9211553
-1.3976067 9.8786581 0.8873109
-1.3408048 9.4492919 0.8539866
-1.2862370 9.0238952 0.8213147
-1.2337267 8.5989486 0.7894674
-1.1830946 8.1719725 0.7586301
-1.1341767 7.7411615 0.7287667
-1.0868393 7.3053226 0.6997691
-1.0409462 6.8632520 0.6715745
-0.9963566 6.4136795 0.6441626
-0.9529249 5.9552688 0.6175555
-0.9105034 5.4866728 0.5918009
-0.8689757 5.0069427 0.5668034
-0.8282415 4.5149661 0.5424456
-0.7881953 4.0094753 0.5186426
-0.7487275 3.4891011 0.4953309
-0.7097236 2.9523724 0.4724690
-0.6710648 2.3977164 0.4500367
-0.6326293 1.8234688 0.4280271
-0.5943138 1.2278760 0.4063586
-0.5560231 0.6089481 0.3849347
-0.5176555 -0.0354437 0.3636750
-0.4791028 -0.7075508 0.3425107
-0.4402501 -1.4097465 0.3213846
-0.4009764 -2.1445263 0.3002508
-0.3611539 -2.9145082 0.2790754
-0.3206492 -3.7224187 0.2578347
-0.2793439 -4.5708375 0.2364537
-0.2371116 -5.4632271 0.2148369
-0.1938142 -6.4031084 0.1929067
-0.1493123 -7.3936379 0.1705887
-0.1034645 -8.4376087 0.1478110
-0.0561282 -9.5374500 0.1245049
-0.0071587 -10.6952274 0.1006042
0.0435898 -11.9126424 0.0760457
0.0962650 -13.1910330 0.0507689
0.1509843 -14.5303886 0.0246845
0.2078654 -15.9292845 -0.0023026
0.2670413 -17.3845976 -0.0302359
0.3285820 -18.8893661 -0.0591629
0.3924947 -20.4327729 -0.0891351
0.4587233 -22.0001456 -0.1202079
0.5271486 -23.5729565 -0.1524411
0.5975333 -25.1297807 -0.1859042
0.6695636 -26.6375230 -0.2205452
0.7428873 -28.0499267 -0.2561891
0.8169104 -29.3165283 -0.2926521
0.8907937 -30.3828154 -0.3297433
0.9634522 -31.1902267 -0.3672652
1.0335554 -31.6761516 -0.4050130
1.0995905 -31.7777258 -0.4427289
1.1599878 -31.4294609 -0.4797684
1.2130018 -30.5657483 -0.5153289
1.2568757 -29.1463067 -0.5486509
1.2898512 -27.1570859 -0.5790196
1.3101680 -24.6102670 -0.6057646
1.3160729 -21.5439880 -0.6282573
1.3064033 -18.0117274 -0.6456912
1.2805943 -14.0880039 -0.6571294
1.2383240 -9.8534460 -0.6618579
1.1796209 -5.3872449 -0.6593843
1.1048633 -0.7671541 -0.6494382
1.0147779 3.9337205 -0.6319161
0.9103161 8.6770165 -0.6066473
0.7923940 13.4482187 -0.5736966
0.6618562 18.2449611 -0.5332105
0.5194767 23.0774662 -0.4853873
0.3659592 27.9685457 -0.4304775
0.2018785 32.9412973 -0.3688123
0.0273856 38.0280695 -0.3006223
-0.1573644 43.2453392 -0.2260481
-0.3519985 48.5560905 -0.1452882
-0.5559244 53.8696442 -0.0585992
-0.7683314 59.0423070 0.0337045
-0.9877811 63.8918682 0.1313239
-1.2109915 68.0201588 0.2337853
-1.4333069 70.9973676 0.3401679
-1.6488758 72.4546914 0.4491106
-1.8506505 72.0843350 0.5588117
-2.0304297 69.6464489 0.6670445
-2.1803120 65.2009051 0.7711110
-2.2945687 59.1625257 0.8676785
-2.3702953 52.1390124 0.9539918
-2.4075903 44.9001952 1.0279458
-2.4104097 38.0734907 1.0878130
-2.3848457 32.0688271 1.1329640
-2.3372195 27.1105888 1.1636339
-2.2743831 23.2036264 1.1805250
-2.2016071 20.1984603 1.1856744
-2.1229953 17.9322234 1.1810925
-2.0424170 16.2296506 1.1678902
-1.9622250 14.9313614 1.1477620
-1.8833417 13.9186942 1.1226726
-1.8066313 13.1046643 1.0939542
-1.7328015 12.4308317 1.0625664
-1.6619487 11.8487043 1.0295049
-1.5940295 11.3271424 0.9954808
-1.5289955 10.8451964 0.9610663
-1.4667597 10.3895935 0.9267458
-1.4071375 9.9496899 0.8928239
-1.3499531 9.5192774 0.8594007
-1.2950312 9.0934946 0.8266076
-1.2421955 8.6686438 0.7946154
-1.1912669 8.2421270 0.7636171
-1.1420770 7.8120248 0.7336048
-1.0944907 7.3771040 0.7044671
-1.0483718 6.9361586 0.6761376
-1.0035793 6.4879172 0.6485929
-0.9599678 6.0310441 0.6218521
-0.9173883 5.5641735 0.5959669
-0.8757204 5.0863345 0.5708565
-0.8348637 4.5964491 0.5463987
-0.7947132 4.0932652 0.5225065
-0.7551593 3.5754292 0.4991145
-0.7160878 3.0414863 0.4761795
-0.6773801 2.4898798 0.4536797
-0.6389142 1.9189593 0.4316095
-0.6005848 1.3269969 0.4098941
-0.5622972 0.7120317 0.3884350
-0.5239503 0.0719573 0.3671509
-0.4854365 -0.5954552 0.3459720
-0.4466419 -1.2925571 0.3248404
-0.4074460 -2.0218223 0.3037096
-0.3677218 -2.7858470 0.2825449
-0.3273363 -3.5873446 0.2613228
-0.2861698 -4.4288832 0.2399745
-0.2440982 -5.3138507 0.2184020
-0.2009843 -6.2457766 0.1965277
-0.1566893 -7.2278433 0.1742767
-0.1110722 -8.2628855 0.1515771
-0.0639905 -9.3533908 0.1283602
-0.0152996 -10.5014993 0.1045599
0.0351468 -11.7090036 0.0801133
0.0874970 -12.9773491 0.0549605
0.1418730 -14.3067886 0.0290158
0.1983905 -15.6960975 0.0021795
0.2571870 -17.1426096 -0.0255936
0.3183403 -18.6399148 -0.0543516
0.3818664 -20.1778206 -0.0841467
0.4477200 -21.7423519 -0.1150353
0.5157942 -23.3157510 -0.1470780
0.5858741 -24.8773297 -0.1803464
0.6576523 -26.3960874 -0.2148082
0.7308048 -27.8270751 -0.2502948
0.8047723 -29.1208369 -0.2866274
0.8787514 -30.2237212 -0.3236209
0.9516944 -31.0778802 -0.3610835
1.0223094 -31.6212702 -0.3988173
1.0891066 -31.7906445 -0.4365863
1.1505431 -31.5213424 -0.4737925
1.2048888 -30.7449998 -0.5096387
1.2503894 -29.4175861 -0.5433668
1.2852824 -27.5211330 -0.5742610
1.3077969 -25.0637334 -0.6016483
1.3161555 -22.0794905 -0.6248975
1.3090725 -18.6191209 -0.6432360
1.2859396 -14.7541532 -0.6557071
1.2463742 -10.5649906 -0.6615659
1.1903459 -6.1310685 -0.6602895
1.1181764 -1.5308549 -0.6515771
1.0305395 3.1601069 -0.6353140
0.9283701 7.8978351 -0.6113145
0.8125929 12.6652059 -0.5796149
0.6840632 17.4574686 -0.5403506
0.5435698 22.2827537 -0.4937115
0.3918342 27.1620722 -0.4399417
0.2295142 32.1097892 -0.3794242
0.0567664 37.1559506 -0.3124336
-0.1264019 42.3451989 -0.2389829
-0.3196381 47.6567512 -0.1591956
-0.5222380 53.0029640 -0.0733128
-0.7331460 58.2293337 0.0183066
-0.9509553 63.1144965 0.1151861
-1.1738775 67.3843693 0.2167846
-1.3976445 70.6506701 0.3225294
-1.6151917 72.4059555 0.4311748
-1.8192926 72.3071533 0.5409630
-2.0026987 70.1948414 0.6496567
-2.1581389 66.0932481 0.7545387
-2.2786425 60.2670064 0.8526294
-2.3607026 53.3664379 0.9410033
-2.4044982 46.0894501 1.0170124
-2.4127905 39.1328888 1.0791940
-2.3912384 32.9896626 1.1266373
-2.3466903 27.8629168 1.1596854
-2.2856421 23.7899969 1.1791573
-2.2143046 20.6523712 1.1859877
-2.1370333 18.2715449 1.1822853
-2.0565282 16.4710292 1.1704646
-1.9755142 15.1069311 1.1518946
-1.8962820 14.0598161 1.1274728
-1.8192875 13.2236585 1.0991180
-1.7449086 12.5307618 1.0680583
-1.6734795 11.9361631 1.0351938
-1.6050916 11.4072971 1.0012985
-1.5396117 10.9211318 0.9669179
-1.4769069 10.4622671 0.9324731
-1.4168420 10.0204757 0.8983383
-1.3592532 9.5889422 0.8648540
-1.3039498 9.1622500 0.8321200
-1.2507703 8.7374519 0.8001095
-1.1995489 8.3119218 0.7688542
-1.1501152 7.8833323 0.7384454
-1.1022945 7.4496563 0.7090333
-1.0559271 7.0095643 0.6806392
-1.0108918 6.5622080 0.6531083
-0.9670677 6.1065515 0.6263500
-0.9243299 5.6414698 0.6003056
-0.8825491 5.1657484 0.5749487
-0.8415923 4.6780839 0.5502852
-0.8013293 4.1771815 0.5263136
-0.7616601 3.6618473 0.5029199
-0.7224879 3.1306556 0.4800071
-0.6837104 2.5820644 0.4574967
-0.6452204 2.0144213 0.4353280
-0.6069057 1.4259627 0.4134576
-0.5686487 0.8148143 0.3918594
-0.5303276 0.1789962 0.3705217
-0.4918339 -0.4836043 0.3493738
-0.4530668 -1.1754299 0.3283199
-0.4139180 -1.8990533 0.3072789
-0.3742724 -2.6571334 0.2861789
-0.3340082 -3.4524146 0.2649566
-0.2929965 -4.2877274 0.2435577
-0.2511017 -5.1659882 0.2219367
-0.2081811 -6.0901992 0.2000571
-0.1640982 -7.0631265 0.1778711
-0.1187376 -8.0874365 0.1552595
-0.0719314 -9.1672547 0.1321513
-0.0235181 -10.3056938 0.1084799
0.0266512 -11.5046615 0.0841762
0.0787127 -12.7648603 0.0591684
0.1327901 -14.0857878 0.0333820
0.1889945 -15.4657362 0.0067401
0.2474241 -16.9017928 -0.0208369
0.3081642 -18.3898195 -0.0494313
0.3712281 -19.9216703 -0.0791234
0.4366412 -21.4843331 -0.1099288
0.5043615 -23.0597736 -0.1418403
0.5742130 -24.6237331 -0.1748487
0.6458860 -26.1457285 -0.2089429
0.7189371 -27.5890519 -0.2441097
0.7927767 -28.9123921 -0.2803317
0.8666407 -30.0654089 -0.3174513
0.9396424 -30.9760065 -0.3551222
1.0106586 -31.5749406 -0.3929684
1.0783164 -31.7982010 -0.4305933
1.1409937 -31.5870121 -0.4675800
1.1968189 -30.8878323 -0.5034913
1.2438756 -29.6557168 -0.5378084
1.2804135 -27.8648101 -0.5695969
1.3047458 -25.5120664 -0.5978708
1.3154070 -22.6189850 -0.6217804
1.3111532 -19.2316143 -0.6406127
1.2909620 -15.4205516 -0.6537912
1.2541285 -11.2763951 -0.6608049
1.2007799 -6.8809524 -0.6609120
1.1312930 -2.3113204 -0.6536208
1.0462314 2.3685277 -0.6386464
0.9463700 7.1091933 -0.6158876
0.8326956 11.8757182 -0.5854242
0.7062719 16.6515365 -0.5473754
0.5678576 21.4612454 -0.5019386
0.4180568 26.3337560 -0.4493680
0.2573723 31.2913059 -0.3899115
0.0862051 36.3494589 -0.3238110
-0.0951455 41.5171055 -0.2513019
-0.2864352 46.7985130 -0.1726646
-0.4874211 52.1449260 -0.0881642
-0.6975530 57.3921993 0.0022387
-0.9151511 62.3176434 0.0983011
-1.1373519 66.6447544 0.1994460
-1.3601077 70.0432134 0.3047625
-1.5781866 72.1288869 0.4130052
-1.7851730 72.4638265 0.5225949
-1.9732631 70.6992871 0.6316367
-2.1338842 66.8902163 0.7372975
-2.2605284 61.3193959 0.8364876
-2.3492431 54.5419942 0.9265052
-2.3988006 47.3148191 1.0049206
-2.4126584 40.2845457 1.0696140
-2.3961168 33.9375287 1.1195441
-2.3550321 28.6152453 1.1548611
-2.2964865 24.3785400 1.1761380
-2.2262575 21.0952496 1.1851785
-2.1490511 18.6134532 1.1837243
-2.0690965 16.7444177 1.1729300
-1.9887336 15.3246988 1.1548184
-1.9091765 14.2252197 1.1313270
-1.8315840 13.3523395 1.1037633
-1.7568304 12.6400868 1.0731113
-1.6849857 12.0318893 1.0405083
-1.6160735 11.4928333 1.0067330
-1.5500964 10.9998504 0.9724062
-1.4869687 10.5370459 0.9380585
-1.4265070 10.0929716 0.9039628
-1.3685369 9.6602566 0.8702900
-1.3128839 9.2332996 0.8372356
-1.2593732 8.8082676 0.8050205
-1.2078208 8.3823380 0.7737977
-1.1580707 7.9535703 0.7434874
-1.1099827 7.5206132 0.7140107
-1.0634114 7.0820771 0.6853371
-1.0182067 6.6365336 0.6574841
-0.9742129 6.1825159 0.6305176
-0.9312876 5.7188648 0.6044396
-0.8893259 5.2447280 0.5791038
-0.8482213 4.7589666 0.5544140
-0.8078629 4.2603431 0.5302981
-0.7681353 3.7475210 0.5067076
-0.7289192 3.2190651 0.4836180
-0.6900908 2.6734440 0.4610272
-0.6515390 2.1090965 0.4388798
-0.6131704 1.5242759 0.4170713
-0.5748866 0.9170673 0.3955171
-0.5365831 0.2854324 0.3741454
-0.4981492 -0.3727903 0.3528973
-0.4594680 -1.0598857 0.3317268
-0.4204167 -1.7782620 0.3106008
-0.3808663 -2.5304479 0.2894985
-0.3406983 -3.3189468 0.2683580
-0.2997961 -4.1469022 0.2470813
-0.2580324 -5.0176240 0.2255885
-0.2152753 -5.9342562 0.2038042
-0.1713885 -6.8997767 0.1816580
-0.1262315 -7.9169980 0.1590837
-0.0796593 -8.9885662 0.1360201
-0.0315225 -10.1169619 0.1124105
0.0183328 -11.3044997 0.0882030
0.0700342 -12.5525150 0.0633083
0.1237178 -13.8619172 0.0376234
0.1795382 -15.2325532 0.0110944
0.2376075 -16.6614135 -0.0163376
0.2979961 -18.1426269 -0.0447355
0.3607320 -19.6674600 -0.0741674
0.4258010 -21.2243179 -0.1047055
0.4931134 -22.7990403 -0.1364371
0.5624752 -24.3707227 -0.1694009
0.6337493 -25.9064236 -0.2034843
0.7066014 -27.3671065 -0.2385638
0.7804769 -28.7080922 -0.2745156
0.8546011 -29.8790586 -0.3112165
0.9279789 -30.8240407 -0.3485429
0.9993990 -31.4819771 -0.3863687
1.0675443 -31.7923552 -0.4243486
1.1309017 -31.6751035 -0.4618044
1.1878197 -31.0628679 -0.4980501
1.2365558 -29.9111019 -0.5324191
1.2752768 -28.1980667 -0.5642643
1.3020585 -25.9248305 -0.5929577
1.3150222 -23.1129417 -0.6178498
1.3130461 -19.8040330 -0.6379793
1.2952655 -16.0659551 -0.6523986
1.2611477 -11.9735512 -0.6603784
1.2105255 -7.6072975 -0.6614071
1.1435976 -3.0533034 -0.6551899
1.0609590 1.6085396 -0.6414911
0.9634973 6.3343532 -0.6200568
0.8520958 11.0958798 -0.5908917
0.7276248 15.8806624 -0.5540881
0.5909423 20.6921304 -0.5098236
0.4428983 25.5456180 -0.4583757
0.2841014 30.4545707 -0.4001202
0.1146802 35.4793798 -0.3351863
-0.0651488 40.6465702 -0.2637101
-0.2550129 45.9335893 -0.1858916
-0.4543828 51.2688066 -0.1019946
-0.6625728 56.5315142 -0.0123466
-0.8787439 61.5583946 0.0826710
-1.1009655 66.1220449 0.1827611
-1.3247086 69.7407194 0.2873183
-1.5443780 71.9780540 0.3952271
-1.7535570 72.5038100 0.5048852
-1.9450072 71.0938734 0.6142035
-2.1106731 67.6312489 0.7206099
-2.2430214 62.3034507 0.8213117
-2.3378562 55.6830647 0.9130810
-2.3939719 48.4454336 0.9932899
-2.4131774 41.3412989 1.0601923
-2.4006699 34.9021478 1.1125579
-2.3630207 29.4245655 1.1503262
-2.3067645 25.0121652 1.1740189
-2.2385536 21.5850074 1.1844746
-2.1626631 18.9704895 1.1841765
-2.0824974 16.9993933 1.1752519
-2.0014778 15.5169980 1.1586740
-1.9218201 14.3806496 1.1357693
-1.8440413 13.4817281 1.1085748
-1.7687239 12.7455919 1.0783427
-1.6963565 12.1231579 1.0459860
-1.6270143 11.5755962 1.0123585
-1.5605924 11.0770678 0.9780662
-1.4969899 10.6100640 0.9435990
-1.4360945 10.1636389 0.9093779
-1.3777267 9.7291528 0.8757329
-1.3217082 9.3013781 0.8427124
-1.2678688 8.8765601 0.8103646
-1.2160354 8.4515553 0.7787903
-1.1660317 8.0238308 0.7481429
-1.1176827 7.5915233 0.7185482
-1.0708480 7.1535025 0.6898826
-1.0254018 6.7087272 0.6620449
-0.9812142 6.2560732 0.6349729
-0.9381510 5.7943344 0.6086410
-0.8960736 5.3222222 0.5830604
-0.8548432 4.8384396 0.5582538
-0.8143526 4.3419391 0.5341146
-0.7745037 3.8314529 0.5105362
-0.7351936 3.3055839 0.4874367
-0.6963145 2.7628289 0.4647534
-0.6577536 2.2015787 0.4424431
-0.6193937 1.6201181 0.4204818
-0.5811133 1.0166313 0.3988603
-0.5428063 0.3891838 0.3775056
-0.5043751 -0.2644316 0.3563210
-0.4657157 -0.9465611 0.3352255
-0.4267170 -1.6596622 0.3141483
-0.3872612 -2.4063038 0.2930288
-0.3472236 -3.1891661 0.2718166
-0.3064729 -4.0110409 0.2504712
-0.2648710 -4.8748310 0.2289625
-0.2222898 -5.7831885 0.2072353
-0.1786056 -6.7393161 0.1851803
-0.1336658 -7.7471157 0.1627239
-0.0873209 -8.8097887 0.1397934
-0.0394256 -9.9298188 0.1163164
0.0101613 -11.1089713 0.0922208
0.0615773 -12.3482935 0.0674349
0.1149556 -13.6481148 0.0418871
0.1704256 -15.0080466 0.0155062
0.2281032 -16.4266685 -0.0117837
0.2880516 -17.8991281 -0.0400759
0.3503679 -19.4183945 -0.0694055
0.4150747 -20.9728286 -0.0997991
0.4821009 -22.5456820 -0.1312843
0.5512816 -24.1150963 -0.1638901
0.6223585 -25.6541038 -0.1976470
0.6949421 -27.1321266 -0.2325828
0.7685212 -28.5055514 -0.2685845
0.8424913 -29.7156855 -0.3054116
0.9159946 -30.7023702 -0.3428040
0.9879161 -31.4043308 -0.3804843
1.0568828 -31.7591761 -0.4181578
1.1212646 -31.7034430 -0.4555126
1.1793561 -31.1796178 -0.4921148
1.2293891 -30.1324676 -0.5271214
1.2695740 -28.5247956 -0.5596566
1.2982142 -26.3467907 -0.5889213
1.3137060 -23.6160281 -0.6141937
1.3145387 -20.3774687 -0.6348287
1.2994170 -16.6996793 -0.6502030
1.2679273 -12.6576845 -0.6594447
1.2199571 -8.3357513 -0.6618375
1.1556721 -3.8118683 -0.6568919
1.0755465 0.8437628 -0.6443329
0.9803627 5.5687415 -0.6240992
0.8711300 10.3207806 -0.5961567
0.7487815 15.0961594 -0.5605659
0.6141298 19.9026724 -0.5175246
0.4678790 24.7550961 -0.4672517
0.3106248 29.6751891 -0.4099875
0.1428555 34.6913379 -0.3459943
-0.0351109 39.8172687 -0.2755859
-0.2232616 45.0620723 -0.1989120
-0.4212731 50.3856519 -0.1161215
-0.6283625 55.6772257 -0.0274549
-0.8432877 60.7553275 0.0667560
-1.0643376 65.3836102 0.1661037
-1.2880816 69.2037874 0.2700303
-1.5089439 71.7247343 0.3774873
-1.7204871 72.5674608 0.4869539
-1.9154729 71.4789855 0.5964440
-2.0858661 68.3329095 0.7035095
-2.2239727 63.2750278 0.8054038
-2.3250883 56.8233964 0.8988226
-2.3874757 49.6334078 0.9810428
-2.4123932 42.4650327 1.0502379
-2.4045974 35.8928044 1.1050061
-2.3706150 30.2441143 1.1451396
-2.3169454 25.6575086 1.1710818
-2.2502643 22.0813292 1.1836043
-2.1753670 19.3472052 1.1848994
-2.0956778 17.2836146 1.1772594
-2.0146125 15.7325189 1.1618551
-1.9347136 14.5481918 1.1398043
-1.8565827 13.6161002 1.1132244
-1.7808244 12.8572203 1.0834263
-1.7079622 12.2190908 1.0513593
-1.6381352 11.6613151 1.0178952
-1.5712420 11.1560888 0.9836770
-1.5071855 10.6847756 0.9492106
-1.4458595 10.2355974 0.9149271
-1.3870924 9.7995808 0.8811852
-1.3307026 9.3709969 0.8480561
-1.2765198 8.9459381 0.8155865
-1.2243708 8.5211370 0.7838749
-1.1740795 8.0939659 0.7530720
-1.1254695 7.6624711 0.7233201
-1.0783960 7.2254514 0.6945113
-1.0327328 6.7818663 0.6665393
-0.9883501 6.3305947 0.6393392
-0.9451134 5.8704341 0.6128833
-0.9028840 5.4001002 0.5871807
-0.8615219 4.9182837 0.5622592
-0.8209166 4.4239409 0.5380206
-0.7809706 3.9158312 0.5143547
-0.7415809 3.3925742 0.4911782
-0.7026399 2.8526842 0.4684268
-0.6640354 2.2945696 0.4460561
-0.6256502 1.7165331 0.4240411
-0.5873629 1.1167758 0.4023732
-0.5490659 0.4933906 0.3809846
-0.5106622 -0.1557987 0.3597773
-0.4720484 -0.8331147 0.3386696
-0.4331141 -1.5409926 0.3175903
-0.3937423 -2.2819803 0.2964782
-0.3538090 -3.0587380 0.2752824
-0.3131837 -3.8740386 0.2539623
-0.2717289 -4.7307677 0.2324875
-0.2293152 -5.6316040 0.2108071
-0.1858210 -6.5796742 0.1888116
-0.1410950 -7.5788845 0.1664261
-0.0949883 -8.6324828 0.1435776
-0.0473557 -9.7430286 0.1201938
0.0019446 -10.9123932 0.0962025
0.0530509 -12.1417596 0.0715323
0.1060979 -13.4316224 0.0461122
0.1612169 -14.7817879 0.0198715
0.2185277 -16.1911180 -0.0072643
0.2780964 -17.6551894 -0.0353913
0.3400253 -19.1675365 -0.0645480
0.4043477 -20.7172460 -0.0947622
0.4710051 -22.2883786 -0.1260633
0.5398477 -23.8599689 -0.1584823
0.6106340 -25.4060256 -0.1920521
0.6829997 -26.8968514 -0.2268063
0.7564484 -28.2913455 -0.2626535
0.8304098 -29.5318608 -0.2993600
0.9040652 -30.5588096 -0.3366712
0.9763379 -31.3113178 -0.3743165
1.0458935 -31.7272246 -0.4120084
1.1111397 -31.7430827 -0.4494434
1.1703684 -31.2998690 -0.4862269
1.2218398 -30.3415172 -0.5215541
1.2637532 -28.8265512 -0.5545431
1.2943969 -26.7408731 -0.5843876
1.3121476 -24.0977793 -0.6103570
1.3154715 -20.9379603 -0.6317961
1.3029962 -17.3271905 -0.6480929
1.2741924 -13.3389182 -0.6583927
1.2289107 -9.0571856 -0.6619400
1.1672647 -4.5611470 -0.6582130
1.0896788 0.0775856 -0.6469045
0.9968876 4.7949426 -0.6279226
0.8898829 9.5432790 -0.6012449
0.7696175 14.3147301 -0.5668910
0.6369218 19.1154897 -0.5250525
0.4925187 23.9590256 -0.4759441
0.3370240 28.8660859 -0.4198027
0.1709457 33.8646888 -0.3568877
-0.0053564 38.9716858 -0.2875140
-0.1918606 44.1984784 -0.2118537
-0.3883036 49.5153018 -0.1300452
-0.5939760 54.8224847 -0.0423167
-0.8077220 59.9504495 0.0510144
-1.0279449 64.6712274 0.1495519
-1.2515932 68.6579475 0.2527902
-1.4733276 71.4179202 0.3597619
-1.6868659 72.5549733 0.4690222
-1.8850979 71.7953658 0.5786621
-2.0600850 68.9877877 0.6863078
-2.2038591 64.2111147 0.7892638
-2.3112147 57.9457051 0.8842712
-2.3799180 50.8256951 0.9684614
-2.4107155 43.6062478 1.0399036
-2.4078209 36.9095015 1.0970684
-2.3776739 31.0948991 1.1395768
-2.3267793 26.3333258 1.1677770
-2.2618042 22.6025606 1.1823923
-2.1879911 19.7429085 1.1853551
-2.1088365 17.5816513 1.1790765
-2.0277893 15.9579881 1.1648788
-1.9476651 14.7226597 1.1437368
-1.8692002 13.7552264 1.1178026
-1.7930118 12.9720831 1.0884634
-1.7196566 12.3171457 1.0567086
-1.6493429 11.7484691 1.0234229
-1.5819758 11.2360642 0.9892908
-1.5174620 10.7601286 0.9548348
-1.4557002 10.3079555 0.9204972
-1.3965291 9.8702672 0.8866610
-1.3397631 9.4407661 0.8534255
-1.2852321 9.0153851 0.8208358
-1.2327629 8.5907259 0.7889886
-1.1821793 8.1640594 0.7580316
-1.1333042 7.7333421 0.7281206
-1.0859880 7.2972920 0.6991672
-1.0401041 6.8548662 0.6710597
-0.9955226 6.4049465 0.6437307
-0.9521088 5.9463338 0.6171498
-0.9097240 5.4777484 0.5913240
-0.8682270 4.9978699 0.5662853
-0.8275041 4.5056525 0.5419453
-0.7874578 3.9998844 0.5181903
-0.7479855 3.4792022 0.4949352
-0.7089799 2.9421373 0.4721143
-0.6703288 2.3871156 0.4496819
-0.6319153 1.8124577 0.4276118
-0.5936183 1.2163814 0.4058954
-0.5553284 0.5970057 0.3844712
-0.5169493 -0.0478138 0.3632396
-0.4783781 -0.7203762 0.3421183
-0.4395052 -1.4230945 0.3210353
-0.4002142 -2.1584950 0.2999291
-0.3603819 -2.9292178 0.2787482
-0.3198786 -3.7380170 0.2574518
-0.2785676 -4.5877598 0.2360092
-0.2363182 -5.4811500 0.2143736
-0.1930104 -6.4212382 0.1924356
-0.1484946 -7.4119300 0.1701192
-0.1026224 -8.4565175 0.1473510
-0.0552487 -9.5576324 0.1240585
-0.0062313 -10.7172464 0.1001698
0.0445688 -11.9366708 0.0756136
0.0972877 -13.2165567 0.0503194
0.1520584 -14.5568951 0.0242171
0.2090045 -15.9568148 -0.0027664
0.2681950 -17.4123065 -0.0307296
0.3297367 -18.9174403 -0.0597145
0.3936729 -20.4620127 -0.0897502
0.4599578 -22.0308769 -0.1208677
0.5284558 -23.6039424 -0.1531001
0.5989421 -25.1561755 -0.1864823
0.6710767 -26.6587167 -0.2210523
0.7443782 -28.0728674 -0.2567401
0.8183086 -29.3422062 -0.2933198
0.8920874 -30.4077858 -0.3305427
0.9646766 -31.2091847 -0.3681446
1.0347802 -31.6845077 -0.4058456
1.1008443 -31.7703853 -0.4433503
1.1611646 -31.4064577 -0.4802960
1.2140267 -30.5359858 -0.5159218
1.2576237 -29.1134377 -0.5493426
1.2902298 -27.1204642 -0.5797459
1.3102029 -24.5661112 -0.6063934
1.3159855 -21.4868190 -0.6286207
1.3061434 -17.9451419 -0.6458200
1.2800221 -14.0129415 -0.6571607
1.2374348 -9.7736082 -0.6618499
1.1784421 -5.3073649 -0.6593334
1.1034175 -0.6871833 -0.6492726
1.0130478 4.0212162 -0.6315444
0.9082990 8.7656010 -0.6061325
0.7901414 13.5332890 -0.5730217
0.6594229 18.3287376 -0.5323933
0.5168852 23.1639899 -0.4844571
0.3631639 28.0587109 -0.4294464
0.1987885 33.0401873 -0.3676185
0.0241539 38.1285189 -0.2992854
-0.1606967 43.3364869 -0.2246439
-0.3555537 48.6440960 -0.1438238
-0.5597768 53.9624957 -0.0570417
-0.7722951 59.1338400 0.0353983
-0.9916146 63.9388423 0.1331116
-1.2150289 68.0795088 0.2356355
-1.4374633 71.0674944 0.3420831
-1.6528028 72.4910254 0.4510860
-1.8540729 72.0566490 0.5608121
-2.0334398 69.5892336 0.6689649
-2.1827480 65.1078396 0.7728971
-2.2962899 59.0460685 0.8694174
-2.3713373 52.0162434 0.9555255
-2.4081338 44.7627142 1.0291737
-2.4103167 37.9513011 1.0887301
-2.3841843 31.9750988 1.1336270
-2.3362407 27.0375262 1.1641122
-2.2731243 23.1475343 1.1808650
-2.2004901 20.1574514 1.1855607
-2.1219525 17.8939937 1.1806898
-2.0410017 16.1939801 1.1677186
-1.9606726 14.9044993 1.1475438
-1.8818922 13.8994421 1.1222917
-1.8052861 13.0904512 1.0934397
-1.7314417 12.4175421 1.0620228
-1.6606400 11.8372114 1.0289329
-1.5927961 11.3170952 0.9949008
-1.5278213 10.8361811 0.9604664
-1.4656188 10.3807538 0.9260854
-1.4060385 9.9412368 0.8921587
-1.3488916 9.5107056 0.8588187
-1.2940076 9.0849179 0.8261104
-1.2412133 8.6603340 0.7941292
-1.1903327 8.2341167 0.7630208
-1.1411878 7.8041361 0.7329507
-1.0936250 7.3690236 0.7038513
-1.0475167 6.9277280 0.6756069
-1.0027327 6.4791320 0.6481471
-0.9591383 6.0220386 0.6214398
-0.9165945 5.5551710 0.5954902
-0.8749591 5.0772009 0.5703331
-0.8341155 4.5870767 0.5458900
-0.7939660 4.0836159 0.5220439
-0.7544083 3.5654717 0.4987081
-0.7153350 3.0311925 0.4758159
-0.6766344 2.4792217 0.4533201
-0.6381898 1.9078975 0.4311936
-0.5998798 1.3154550 0.4094280
-0.5615942 0.7000371 0.3879666
-0.5232367 0.0595309 0.3667089
-0.4847052 -0.6083386 0.3455721
-0.4458907 -1.3059612 0.3244835
-0.4066775 -2.0358415 0.3033812
-0.3669432 -2.8005990 0.2822135
-0.3265585 -3.6029680 0.2609394
-0.2853877 -4.4457975 0.2395280
-0.2432992 -5.3318061 0.2179355
-0.2001742 -6.2639918 0.1960533
-0.1558648 -7.2462487 0.1738042
-0.1102232 -8.2819012 0.1511144
-0.0631047 -9.3736442 0.1279114
-0.0143667 -10.5235427 0.1041233
0.0361305 -11.7330319 0.0796791
0.0885243 -13.0029173 0.0545086
0.1429496 -14.3333746 0.0285428
0.1995329 -15.7237814 0.0017097
0.2583467 -17.1705176 -0.0260913
0.3195020 -18.6681715 -0.0549054
0.3830513 -20.2072172 -0.0847630
0.4489603 -21.7732789 -0.1156971
0.5171075 -23.3471308 -0.1477428
0.5872846 -24.9046971 -0.1809374
0.6591746 -26.4179882 -0.2153225
0.7323124 -27.8504354 -0.2508469
0.8061907 -29.1470118 -0.2872936
0.8800665 -30.2495371 -0.3244201
0.9529393 -31.0981317 -0.3619693
1.0235509 -31.6312172 -0.3996694
1.0903860 -31.7855160 -0.4372341
1.1517521 -31.4995961 -0.4743258
1.2059566 -30.7160167 -0.5102290
1.2511917 -29.3854675 -0.5440586
1.2857189 -27.4854178 -0.5749985
1.3078778 -25.0207211 -0.6023044
1.3160863 -22.0236152 -0.6253037
1.3088589 -18.5530948 -0.6433876
1.2854149 -14.6793241 -0.6557518
1.2455266 -10.4846346 -0.6615692
1.1891999 -6.0501796 -0.6602539
1.1167570 -1.4502341 -0.6514365
1.0288365 3.2478050 -0.6349638
0.9263722 7.9877776 -0.6108180
0.8103479 12.7518166 -0.5789563
0.6816283 17.5423859 -0.5395453
0.5409738 22.3699450 -0.4927888
0.3890402 27.2529953 -0.4389165
0.2263792 32.2180799 -0.3781835
0.0534175 37.2877580 -0.3108987
-0.1297740 42.4763512 -0.2372810
-0.3230297 47.7726459 -0.1574549
-0.5257737 53.0982046 -0.0716270
-0.7370176 58.3067399 0.0199111
-0.9553670 63.1884843 0.1167871
-1.1784166 67.4706611 0.2185725
-1.4013821 70.6749897 0.3244595
-1.6183304 72.3763459 0.4331557
-1.8224326 72.2628783 0.5429058
-2.0059633 70.1360079 0.6514917
-2.1606553 65.9625289 0.7563187
-2.2803157 60.1212945 0.8542723
-2.3617220 53.2015110 0.9422413
-2.4046187 45.9322483 1.0180515
-2.4120528 39.0170290 1.0799903
-2.3901150 32.8844025 1.1272870
-2.3452999 27.7706001 1.1600816
-2.2842060 23.7170289 1.1790095
-2.2128483 20.5915946 1.1855056
-2.1350098 18.2213303 1.1820941
-2.0542345 16.4411061 1.1703732
-1.9737323 15.0942230 1.1512165
-1.8946564 14.0491130 1.1266845
-1.8176452 13.2125577 1.0983502
-1.7433176 12.5204527 1.0672974
-1.6720270 11.9276619 1.0344221
-1.6037036 11.3992654 1.0005045
-1.5382641 10.9129853 0.9661033
-1.4756163 10.4540396 0.9316897
-1.4156217 10.0125145 0.8976779
-1.3580890 9.5808344 0.8642357
-1.3028472 9.1545534 0.8314096
-1.2497229 8.7299750 0.7992955
-1.1985403 8.3041468 0.7680386
-1.1491210 7.8748571 0.7378110
-1.1013074 7.4406487 0.7085649
-1.0549710 7.0004548 0.6801814
-1.0099811 6.5531562 0.6525887
-0.9662027 6.0975549 0.6257529
-0.9234962 5.6323747 0.5996788
-0.8817188 5.1562811 0.5744030
-0.8407512 4.6682183 0.5498554
-0.8004956 4.1670307 0.5259161
-0.7608496 3.6513882 0.5024974
-0.7217061 3.1198558 0.4795313
-0.6829531 2.5708943 0.4569703
-0.6444741 2.0028596 0.4347864
-0.6061480 1.4140043 0.4129713
-0.5678635 0.8024935 0.3914716
-0.5295248 0.1662445 0.3701862
-0.4910302 -0.4969927 0.3490316
-0.4522713 -1.1895838 0.3279351
-0.4131330 -1.9140110 0.3068344
-0.3734934 -2.6728723 0.2856780
-0.3332241 -3.4688818 0.2644246
-0.2921897 -4.3048698 0.2430439
-0.2502587 -5.1835556 0.2214934
-0.2073130 -6.1079192 0.1996654
-0.1632060 -7.0818316 0.1774817
-0.1177912 -8.1086327 0.1548685
-0.0709240 -9.1910676 0.1317528
-0.0224620 -10.3312868 0.1080631
0.0277356 -11.5308458 0.0837286
0.0798074 -12.7907058 0.0586799
0.1338899 -14.1112329 0.0328487
0.1901125 -15.4920365 0.0061639
0.2485511 -16.9298535 -0.0214768
0.3093212 -18.4197850 -0.0501209
0.3724834 -19.9529376 -0.0798007
0.4380138 -21.5156804 -0.1105512
0.5058044 -23.0896448 -0.1424099
0.5756632 -24.6517252 -0.1754171
0.6472950 -26.1748843 -0.2096180
0.7202527 -27.6243323 -0.2449761
0.7940591 -28.9465481 -0.2812835
0.8680070 -30.0842960 -0.3183048
0.9411322 -30.9783615 -0.3557912
1.0122136 -31.5675509 -0.3934802
1.0797732 -31.7886913 -0.4310953
1.1421382 -31.5795136 -0.4683202
1.1976359 -30.8817921 -0.5044802
1.2444628 -29.6426948 -0.5386952
1.2808699 -27.8356246 -0.5701482
1.3051783 -25.4613372 -0.5980915
1.3157797 -22.5479415 -0.6218461
1.3111437 -19.1506352 -0.6407989
1.2903695 -15.3376416 -0.6541693
1.2531833 -11.1898896 -0.6611003
1.1995343 -6.7892647 -0.6609754
1.1296922 -2.2112703 -0.6533956
1.0442472 2.4749720 -0.6381789
0.9440967 7.2098395 -0.6153000
0.8302319 11.9702699 -0.5846931
0.7035336 16.7563784 -0.5465066
0.5647804 21.5768289 -0.5009375
0.4146490 26.4488575 -0.4482110
0.2537143 31.3982723 -0.3885804
0.0824331 36.4493457 -0.3223524
-0.0990953 41.6182352 -0.2497639
-0.2907371 46.9014784 -0.1709370
-0.4919742 52.2304912 -0.0860703
-0.7018990 57.4703252 0.0045559
-0.9192183 62.4218570 0.1005817
-1.1417828 66.8336632 0.2016067
-1.3651142 70.2421190 0.3068987
-1.5834808 72.2117908 0.4152409
-1.7902104 72.4141605 0.5249549
-1.9776906 70.6276253 0.6339011
-2.1375991 66.7726580 0.7395433
-2.2632960 61.1682907 0.8388477
-2.3510628 54.3780556 0.9286156
-2.4001427 47.1124746 1.0065414
-2.4129971 40.1053900 1.0708484
-2.3954347 33.8224071 1.1205536
-2.3539275 28.5329258 1.1556803
-2.2950296 24.3118266 1.1768135
-2.2250510 21.0461338 1.1851777
-2.1479940 18.5643566 1.1832823
-2.0674724 16.6999642 1.1728417
-1.9868398 15.2923437 1.1547466
-1.9074906 14.2046094 1.1309742
-1.8300874 13.3386410 1.1031897
-1.7552839 12.6260898 1.0725272
-1.6835040 12.0199363 1.0398875
-1.6146986 11.4826548 1.0060993
-1.5487906 10.9905913 0.9717433
-1.4856934 10.5278710 0.9373074
-1.4252793 10.0841216 0.9032182
-1.3673558 9.6511669 0.8696761
-1.3117515 9.2243032 0.8367327
-1.2582925 8.7996580 0.8044865
-1.2068029 8.3741555 0.7730838
-1.1571043 7.9455065 0.7427018
-1.1090357 7.5121668 0.7133085
-1.0624674 7.0730466 0.6847840
-1.0172681 6.6270202 0.6570554
-0.9733023 6.1728853 0.6300889
-0.9304296 5.7093622 0.6038893
-0.8885064 5.2351115 0.5784954
-0.8474114 4.7490781 0.5538420
-0.8070468 4.2501301 0.5298075
-0.7673099 3.7369532 0.5063031
-0.7280933 3.2081292 0.4832607
-0.6892851 2.6621359 0.4606322
-0.6507688 2.0973467 0.4383899
-0.6124230 1.5120323 0.4165257
-0.5741365 0.9043788 0.3949868
-0.5358136 0.2723311 0.3736718
-0.4973532 -0.3863343 0.3524972
-0.4586472 -1.0739584 0.3313902
-0.4195809 -1.7929997 0.3102886
-0.3800331 -2.5460340 0.2891412
-0.3398756 -3.3357545 0.2679074
-0.2989739 -4.1649720 0.2465571
-0.2571970 -5.0363906 0.2250479
-0.2144268 -5.9530134 0.2032724
-0.1705184 -6.9186766 0.1811524
-0.1253263 -7.9367151 0.1586136
-0.0787068 -9.0099097 0.1355830
-0.0305171 -10.1404878 0.1119893
0.0193840 -11.3301228 0.0877622
0.0711366 -12.5799344 0.0628330
0.1248794 -13.8904885 0.0371345
0.1807433 -15.2616065 0.0105962
0.2388080 -16.6903535 -0.0168863
0.2991949 -18.1723438 -0.0453612
0.3619703 -19.6992602 -0.0748631
0.4271198 -21.2581860 -0.1054297
0.4945483 -22.8316057 -0.1371014
0.5640802 -24.3974044 -0.1699217
0.6354401 -25.9296129 -0.2039400
0.7082016 -27.3948306 -0.2391297
0.7819175 -28.7410853 -0.2752915
0.8559142 -29.9123051 -0.3121985
0.9292622 -30.8500912 -0.3496115
1.0007761 -31.4937182 -0.3872784
1.0690144 -31.7801342 -0.4249351
1.1323302 -31.6464471 -0.4622830
1.1890718 -31.0335156 -0.4986805
1.2374436 -29.8851899 -0.5332567
1.2756886 -28.1709818 -0.5651981
1.3021103 -25.8876872 -0.5937566
1.3150719 -23.0593855 -0.6182492
1.3129992 -19.7373421 -0.6380570
1.2948849 -15.9874351 -0.6524167
1.2604021 -11.8889602 -0.6604459
1.2094411 -7.5242613 -0.6614992
1.1422178 -2.9699647 -0.6551495
1.0592731 1.7030211 -0.6411881
0.9614659 6.4318751 -0.6195771
0.8497875 11.1886376 -0.5902302
0.7251334 15.9706791 -0.5532754
0.5883001 20.7846032 -0.5089012
0.4399855 25.6462502 -0.4573279
0.2807894 30.5806973 -0.3988068
0.1111979 35.6132460 -0.3336449
-0.0686640 40.7622824 -0.2620910
-0.2586816 46.0310888 -0.1842679
-0.4583865 51.3602113 -0.1003686
-0.6669497 56.6257563 -0.0106638
-0.8831832 61.6403435 0.0844992
-1.1051537 66.1707763 0.1847437
-1.3286915 69.7707867 0.2894088
-1.5482876 71.9984147 0.3973518
-1.7574410 72.5106961 0.5069712
-1.9486576 71.0636619 0.6162065
-2.1136012 67.5358555 0.7225859
-2.2452375 62.1839974 0.8231569
-2.3393527 55.5424760 0.9146568
-2.3946829 48.3009519 0.9946523
-2.4131183 41.2148711 1.0613049
-2.4001118 34.7885489 1.1134244
-2.3620938 29.3247392 1.1509036
-2.3055724 24.9326673 1.1742669
-2.2370838 21.5218859 1.1845643
-2.1608918 18.9237815 1.1842455
-2.0807003 16.9711341 1.1751221
-1.9999892 15.4993533 1.1581266
-1.9203915 14.3662891 1.1351537
-1.8426100 13.4689343 1.1079530
-1.7673395 12.7346565 1.0777064
-1.6950701 12.1141375 1.0453255
-1.6257807 11.5673318 1.0116824
-1.5594003 11.0690402 0.9773841
-1.4958498 10.6022668 0.9429363
-1.4350109 10.1560718 0.9087784
-1.3766920 9.7217085 0.8751393
-1.3207203 9.2941695 0.8420790
-1.2669218 8.8693827 0.8097010
-1.2151203 8.4441398 0.7781553
-1.1651372 8.0160785 0.7476228
-1.1168093 7.5835702 0.7180823
-1.0700054 7.1454956 0.6894147
-1.0245935 6.7007175 0.6615472
-0.9804369 6.2480241 0.6344470
-0.9373945 5.7861283 0.6081208
-0.8953214 5.3136849 0.5826099
-0.8540958 4.8296489 0.5578499
-0.8136192 4.3329067 0.5337180
-0.7737886 3.8221598 0.5101253
-0.7344964 3.2960060 0.4870036
-0.6956303 2.7529398 0.4643054
-0.6570734 2.1913522 0.4420037
-0.6187044 1.6095320 0.4200910
-0.5804126 1.0056862 0.3985122
-0.5421028 0.3777841 0.3771659
-0.5036738 -0.2763705 0.3559688
-0.4650180 -0.9590924 0.3348484
-0.4260210 -1.6728156 0.3137433
-0.3865618 -2.4200926 0.2926028
-0.3465128 -3.2035949 0.2713871
-0.3057398 -4.0261131 0.2500676
-0.2641135 -4.8903207 0.2285989
-0.2215151 -5.7992872 0.2068745
-0.1778013 -6.7567989 0.1848162
-0.1328281 -7.7661655 0.1623496
-0.0864525 -8.8301901 0.1394016
-0.0385317 -9.9511688 0.1159013
0.0110762 -11.1308906 0.0917790
0.0625128 -12.3706379 0.0669673
0.1159189 -13.6711862 0.0414001
0.1714261 -15.0325381 0.0150063
0.2291188 -16.4520821 -0.0123202
0.2891246 -17.9259343 -0.0406267
0.3515140 -19.4462926 -0.0699507
0.4162807 -21.0009232 -0.1003331
0.4833420 -22.5731610 -0.1318178
0.5525385 -24.1419089 -0.1644521
0.6236133 -25.6823919 -0.1982901
0.6961629 -27.1621915 -0.2333101
0.7697710 -28.5308991 -0.2693201
0.8437948 -29.7338355 -0.3061033
0.9173373 -30.7135789 -0.3434316
0.9892473 -31.4099644 -0.3810657
1.0581190 -31.7600841 -0.4187552
1.1223370 -31.7006333 -0.4562182
1.1802726 -31.1713786 -0.4928350
1.2301413 -30.1129996 -0.5277482
1.2701820 -28.4913619 -0.5601524
1.2986803 -26.2994810 -0.5893027
1.3139685 -23.5575223 -0.6145150
1.3144271 -20.3127619 -0.6351652
1.2989597 -16.6281868 -0.6504976
1.2671798 -12.5813619 -0.6596089
1.2189156 -8.2547405 -0.6618266
1.1543274 -3.7259284 -0.6566978
1.0739067 0.9323155 -0.6439894
0.9784714 5.6540747 -0.6236477
0.8690069 10.4069871 -0.5955654
0.7464208 15.1853047 -0.5598491
0.6115262 19.9932759 -0.5166773
0.4650431 24.8451873 -0.4662642
0.3075979 29.7653640 -0.4088598
0.1397066 34.7795027 -0.3447730
-0.0384857 39.9086804 -0.2742597
-0.2268708 45.1619689 -0.1974447
-0.4250211 50.4882067 -0.1145182
-0.6321829 55.7742033 -0.0257433
-0.8472772 60.8451201 0.0685444
-1.0685560 65.4841349 0.1679902
-1.2921485 69.2630795 0.2719986
-1.5127892 71.7375923 0.3794996
-1.7241623 72.5528744 0.4889679
-1.9189016 71.4436892 0.5984229
-2.0886880 68.2499428 0.7054626
-2.2261498 63.1653885 0.8072164
-2.3265865 56.6914899 0.9003774
-2.3882243 49.4948182 0.9823954
-2.4123883 42.3434930 1.0513607
-2.4041128 35.7820741 1.1058954
-2.3697667 30.1461455 1.1457465
-2.3158049 25.5800021 1.1713656
-2.2489271 22.0196416 1.1836555
-2.1736964 19.3003024 1.1849664
-2.0939111 17.2548820 1.1772023
-2.0131668 15.7154079 1.1613522
-1.9333479 14.5342886 1.1392187
-1.8552057 13.6035732 1.1126338
-1.7794771 12.8461947 1.0828298
-1.7067182 12.2102789 1.0507313
-1.6369434 11.6532885 1.0172500
-1.5700880 11.1483208 0.9830220
-1.5060801 10.6771922 0.9485722
-1.4448114 10.2283327 0.9143525
-1.3860921 9.7924153 0.8806210
-1.3297482 9.3640967 0.8474472
-1.2756055 8.9390931 0.8149396
-1.2234876 8.5140530 0.7832517
-1.1732158 8.0865350 0.7525685
-1.1246246 7.6548210 0.7228804
-1.0775812 7.2177583 0.6940691
-1.0319528 6.7741971 0.6660620
-0.9876019 6.3229151 0.6388271
-0.9443863 5.8626169 0.6123728
-0.9021603 5.3919508 0.5867431
-0.8608008 4.9098794 0.5618749
-0.8202091 4.4153082 0.5376440
-0.7802818 3.9069539 0.5139615
-0.7409110 3.3834304 0.4907592
-0.7019840 2.8432485 0.4679898
-0.6633838 2.2848161 0.4456270
-0.6249887 1.7064400 0.4236640
-0.5866888 1.1063484 0.4020435
-0.5483889 0.4825348 0.3806644
-0.5099884 -0.1671698 0.3594433
-0.4713796 -0.8450547 0.3383082
-0.4324486 -1.5535290 0.3171980
-0.3930748 -2.2951222 0.2960628
-0.3531309 -3.0724835 0.2748637
-0.3124832 -3.8883824 0.2535731
-0.2710039 -4.7454658 0.2321431
-0.2285737 -5.6468581 0.2104677
-0.1850509 -6.5962946 0.1884692
-0.1402929 -7.5970629 0.1660727
-0.0941573 -8.6519877 0.1432053
-0.0465014 -9.7634301 0.1197964
0.0028173 -10.9332876 0.0957772
0.0539418 -12.1629947 0.0710811
0.1070150 -13.4535223 0.0456435
0.1621684 -14.8050337 0.0193924
0.2194918 -16.2152570 -0.0077796
0.2791179 -17.6807678 -0.0359193
0.3411211 -19.1942625 -0.0650671
0.4055033 -20.7441701 -0.0952665
0.4721935 -22.3146526 -0.1265649
0.5410484 -23.8856045 -0.1590131
0.6118283 -25.4334047 -0.1926695
0.6841524 -26.9266003 -0.2275171
0.7576343 -28.3163718 -0.2633712
0.8316612 -29.5494552 -0.3000249
0.9053683 -30.5694481 -0.3372613
0.9776383 -31.3168098 -0.3748534
1.0471015 -31.7288608 -0.4125643
1.1121756 -31.7420124 -0.4501283
1.1712560 -31.2951024 -0.4869469
1.2225719 -30.3258231 -0.5221772
1.2643603 -28.7965147 -0.5550225
1.2948916 -26.6964797 -0.5847426
1.3124693 -24.0419828 -0.6106532
1.3154308 -20.8762422 -0.6321258
1.3025942 -17.2591472 -0.6484119
1.2735123 -13.2662715 -0.6585891
1.2279505 -8.9799468 -0.6619588
1.1660118 -4.4785696 -0.6580427
1.0881365 0.1633985 -0.6465832
0.9950991 4.8770952 -0.6275097
0.8878744 9.6257886 -0.6006949
0.7673800 14.4005293 -0.5662223
0.6344442 19.2030764 -0.5242594
0.4898081 24.0459941 -0.4750138
0.3341248 28.9526507 -0.4187331
0.1679406 33.9488905 -0.3557281
-0.0085765 39.0580947 -0.2862611
-0.1953210 44.2946844 -0.2104596
-0.3919006 49.6153442 -0.1285119
-0.5976296 54.9171281 -0.0406743
-0.8115288 60.0375092 0.0527282
-1.0320239 64.7749088 0.1513579
-1.2555361 68.7216037 0.2546819
-1.4770450 71.4321893 0.3617012
-1.6904300 72.5419719 0.4709655
-1.8884702 71.7669683 0.5805733
-2.0629011 68.9130103 0.6881937
-2.2060576 64.1091262 0.7910469
-2.3127694 57.8213313 0.8857983
-2.3807564 50.6902747 0.9697857
-2.4107866 43.4884392 1.0410246
-2.4074096 36.8014358 1.0979691
-2.3769129 30.9970628 1.1402086
-2.3256993 26.2543990 1.1681043
-2.2605599 22.5401885 1.1824439
-2.1863952 19.6946915 1.1854335
-2.1070952 17.5517116 1.1790727
-2.0263611 15.9408547 1.1644198
-1.9463497 14.7088773 1.1431657
-1.8678678 13.7427763 1.1172277
-1.7916920 12.9608542 1.0878924
-1.7184433 12.3084381 1.0561007
-1.6481828 11.7405697 1.0227985
-1.5808503 11.2284612 0.9886542
-1.5163812 10.7526598 0.9542122
-1.4546777 10.3009044 0.9199369
-1.3955532 9.8632777 0.8861184
-1.3388325 9.4340660 0.8528359
-1.2843410 9.0087676 0.8202019
-1.2319024 8.5838771 0.7883722
-1.1813380 8.1568608 0.7575358
-1.1324794 7.7259043 0.7276994
-1.0851925 7.2898159 0.6987447
-1.0393437 6.8474352 0.6705986
-0.9947947 6.3975309 0.6432291
-0.9514028 5.9388008 0.6166451
-0.9090210 5.4698856 0.5908929
-0.8675247 4.9897459 0.5659144
-0.8268148 4.4973102 0.5415836
-0.7867876 3.9913105 0.5178107
-0.7473349 3.4703764 0.4945271
-0.7083440 2.9330350 0.4716855
-0.6696977 2.3777108 0.4492596
-0.6312742 1.8027277 0.4272429
-0.5929634 1.2063349 0.4055787
-0.5546706 0.5865526 0.3841652
-0.5162952 -0.0587627 0.3629192
-0.4777301 -0.7318754 0.3417686
-0.4388618 -1.4351708 0.3206526
-0.3995699 -2.1711551 0.2995215
-0.3597278 -2.9424554 0.2783371
-0.3192023 -3.7518199 0.2570722
-0.2778664 -4.6018799 0.2356783
-0.2356009 -5.4957764 0.2140501
-0.1922654 -6.4372043 0.1921094
-0.1477189 -7.4294419 0.1697812
-0.1018193 -8.4753400 0.1469929
-0.0544241 -9.5773221 0.1236739
-0.0053901 -10.7373842 0.0997562
0.0454266 -11.9570948 0.0751741
0.0981705 -13.2375949 0.0498641
0.1529738 -14.5792109 0.0237538
0.2099309 -15.9800016 -0.0032652
0.2691781 -17.4369682 -0.0312405
0.3307949 -18.9433116 -0.0602143
0.3947912 -20.4881083 -0.0902329
0.4611076 -22.0563103 -0.1213459
0.5296157 -23.6287451 -0.1536072
0.6000933 -25.1828209 -0.1870787
0.6721798 -26.6882625 -0.2217505
0.7455166 -28.0978412 -0.2574462
0.8195216 -29.3596207 -0.2939674
0.8933628 -30.4181969 -0.3311070
0.9659575 -31.2146972 -0.3686490
1.0359730 -31.6867807 -0.4063684
1.1018595 -31.7706386 -0.4440153
1.1620363 -31.4045771 -0.4810184
1.2147486 -30.5235398 -0.5165484
1.2582335 -29.0863467 -0.5498163
1.2907494 -27.0785699 -0.5800856
1.3105761 -24.5125335 -0.6066716
1.3160146 -21.4273133 -0.6289416
1.3057906 -17.8797811 -0.6461600
1.2793988 -13.9430809 -0.6573873
1.2365421 -9.6993029 -0.6618976
1.1772654 -5.2274377 -0.6591865
1.1019557 -0.6033735 -0.6489706
1.0113405 4.1013508 -0.6311622
0.9063802 8.8453393 -0.6056167
0.7880011 13.6165012 -0.5723919
0.6570453 18.4140801 -0.5316440
0.5142729 23.2487668 -0.4835729
0.3603621 28.1426986 -0.4284232
0.1958897 33.1218355 -0.3665050
0.0210546 38.2109421 -0.2980899
-0.1640414 43.4296409 -0.2233083
-0.3590381 48.7422922 -0.1423456
-0.5633086 54.0557098 -0.0554522
-0.7759601 59.2191602 0.0370569
-0.9955835 64.0444109 0.1348548
-1.2188907 68.1484770 0.2374684
-1.4411000 71.0846504 0.3439686
-1.6562916 72.4795703 0.4529791
-1.8574078 72.0333274 0.5626757
-2.0362778 69.5234604 0.6707982
-2.1849839 65.0123224 0.7746650
-2.2979080 58.9283616 0.8709353
-2.3722685 51.8837724 0.9568357
-2.4082915 44.6470966 1.0303037
-2.4099750 37.8450272 1.0896472
-2.3835010 31.8771750 1.1342880
-2.3352300 26.9564147 1.1644752
-2.2719590 23.0842660 1.1809230
-2.1989708 20.1077759 1.1856393
-2.1202413 17.8623376 1.1807248
-2.0395642 16.1762200 1.1673223
-1.9593900 14.8904501 1.1469894
-1.8805921 13.8868391 1.1217296
-1.8039825 13.0788665 1.0928891
-1.7302440 12.4087556 1.0614301
-1.6594977 11.8292716 1.0283249
-1.5916867 11.3095267 0.9942782
-1.5267530 10.8287197 0.9598544
-1.4646096 10.3738166 0.9255299
-1.4050753 9.9343170 0.8916299
-1.3479731 9.5040906 0.8582441
-1.2931282 9.0784149 0.8254874
-1.2403645 8.6536187 0.7935167
-1.1895037 8.2270610 0.7625243
-1.1403740 7.7968252 0.7325384
-1.0928395 7.3616722 0.7034409
-1.0467662 6.9204335 0.6751569
-1.0020153 6.4718714 0.6476532
-0.9584437 6.0146796 0.6209381
-0.9159035 5.5474911 0.5950592
-0.8742677 5.0692505 0.5699684
-0.8334364 4.5789149 0.5455365
-0.7933060 4.0752318 0.5216727
-0.7537682 3.5568463 0.4983074
-0.7147104 3.0223018 0.4753927
-0.6760152 2.4700390 0.4529015
-0.6375610 1.8983983 0.4308277
-0.5992367 1.3056497 0.4091174
-0.5609478 0.6898418 0.3876683
-0.5225943 0.0488557 0.3663966
-0.4840695 -0.6195491 0.3452300
-0.4452603 -1.3177347 0.3241074
-0.4060471 -2.0481846 0.3029793
-0.3663036 -2.8135038 0.2818074
-0.3258972 -3.6164191 0.2605649
-0.2846996 -4.4597236 0.2392009
-0.2425919 -5.3465740 0.2176077
-0.1994384 -6.2803062 0.1957118
-0.1551005 -7.2640123 0.1734423
-0.1094370 -8.3005360 0.1507296
-0.0623038 -9.3924730 0.1275054
-0.0135543 -10.5421704 0.1037029
0.0369609 -11.7517273 0.0792566
