  2.8000000e-001  0.0000000e+000  3.2400000e+000
  3.4000000e-001  5.4536664e-001  3.2900000e+000
  4.0000000e-001  1.0907333e+000  3.2300000e+000
  4.9000000e-001  1.9087832e+000  3.2700000e+000
  5.8000000e-001  2.7268332e+000  3.2700000e+000
  6.7000000e-001  3.5448832e+000  3.2400000e+000
  7.6000000e-001  4.3629302e+000  3.1850000e+000
  8.5000000e-001  5.1809747e+000  3.1400000e+000
  9.5000000e-001  6.0899130e+000  3.1600000e+000
  1.0400000e+000  6.9079575e+000  4.1000000e+000
  1.1400000e+000  7.8168958e+000  3.3600000e+000
  1.2400000e+000  8.7258459e+000  3.3800000e+000
  1.3500000e+000  9.7256916e+000  3.3000000e+000
  1.4500000e+000  1.0634642e+001  3.4600000e+000
  1.5500000e+000  1.1543593e+001  4.1000000e+000
  1.6600000e+000  1.2543433e+001  4.0400000e+000
  1.7700000e+000  1.3543271e+001  3.8400000e+000
  1.8700000e+000  1.4452215e+001  4.7600000e+000
  1.9800000e+000  1.5452053e+001  4.4900000e+000
  2.0800000e+000  1.6361013e+001  4.6600000e+000
  2.1800000e+000  1.7269980e+001  4.3700000e+000
  2.2900000e+000  1.8269844e+001  4.6750000e+000
  2.3900000e+000  1.9178810e+001  4.7600000e+000
  2.5800000e+000  2.0905787e+001  4.6100000e+000
  2.6800000e+000  2.1814710e+001  4.7600000e+000
  2.7800000e+000  2.2723632e+001  4.6500000e+000
  2.8700000e+000  2.3541663e+001  4.8100000e+000
  2.9700000e+000  2.4450606e+001  4.7700000e+000
  3.0600000e+000  2.5268655e+001  4.6500000e+000
  3.1600000e+000  2.6177599e+001  4.6200000e+000
  3.2500000e+000  2.6995648e+001  4.6900000e+000
  3.3500000e+000  2.7904602e+001  4.7100000e+000
  3.4500000e+000  2.8813569e+001  4.6800000e+000
  3.5500000e+000  2.9722535e+001  4.6600000e+000
  3.6400000e+000  3.0540606e+001  4.4600000e+000
  3.7400000e+000  3.1449573e+001  4.6300000e+000
  3.8500000e+000  3.2449411e+001  4.4600000e+000
  3.9500000e+000  3.3358354e+001  4.4700000e+000
  4.0500000e+000  3.4267298e+001  4.4300000e+000
  4.2500000e+000  3.6085169e+001  4.3800000e+000
  4.3600000e+000  3.7084984e+001  4.1600000e+000
  4.4600000e+000  3.7993907e+001  4.2200000e+000
  4.5600000e+000  3.8902830e+001  4.3300000e+000
  4.6600000e+000  3.9811777e+001  4.5100000e+000
  4.7600000e+000  4.0720744e+001  4.3900000e+000
  4.8600000e+000  4.1629711e+001  4.4700000e+000
  4.9600000e+000  4.2538678e+001  4.3700000e+000
  5.0600000e+000  4.3470556e+001  4.2800000e+000
  5.1500000e+000  4.4379504e+001  4.4100000e+000
  5.2500000e+000  4.5389447e+001  4.4200000e+000
  5.3500000e+000  4.6399389e+001  4.2500000e+000
  5.4500000e+000  4.7409332e+001  4.3500000e+000
  5.5500000e+000  4.8419275e+001  4.3200000e+000
  5.6600000e+000  4.9661112e+001  4.3800000e+000
  5.7700000e+000  5.0910888e+001  4.2900000e+000
  5.8800000e+000  5.2160664e+001  4.3200000e+000
  6.0000000e+000  5.3524088e+001  4.0100000e+000
  6.1100000e+000  5.4773900e+001  4.2800000e+000
  6.2300000e+000  5.6137331e+001  4.1700000e+000
  6.3500000e+000  5.7500759e+001  4.3300000e+000
  6.4500000e+000  5.8636948e+001  4.3600000e+000
  6.5500000e+000  5.9773136e+001  4.4900000e+000
  6.6400000e+000  6.0795708e+001  4.4400000e+000
  6.7200000e+000  6.1704663e+001  4.4300000e+000
  6.7800000e+000  6.2386378e+001  4.3900000e+000
  6.8500000e+000  6.3181713e+001  4.3100000e+000
  6.9200000e+000  6.3977048e+001  4.4000000e+000
  7.0800000e+000  6.5794911e+001  4.4300000e+000
  7.3100000e+000  6.8408086e+001  4.1700000e+000
  7.4400000e+000  6.9885131e+001  3.9700000e+000
  7.5400000e+000  7.1021320e+001  4.1000000e+000
  7.6300000e+000  7.2043890e+001  4.0500000e+000
  7.7200000e+000  7.3066464e+001  4.0100000e+000
  7.8100000e+000  7.4089037e+001  3.9400000e+000
  7.8900000e+000  7.4997992e+001  3.8200000e+000
  7.9800000e+000  7.6020564e+001  3.7400000e+000
  8.0600000e+000  7.6929492e+001  3.8400000e+000
  8.1700000e+000  7.8179269e+001  3.7700000e+000
  8.2700000e+000  7.9315429e+001  3.9400000e+000
  8.3600000e+000  8.0337983e+001  3.7300000e+000
  8.4400000e+000  8.1246934e+001  3.8000000e+000
  8.5200000e+000  8.2155885e+001  3.9400000e+000
  8.5900000e+000  8.2951217e+001  4.0800000e+000
  8.7000000e+000  8.4201026e+001  3.7500000e+000
  8.7800000e+000  8.5109981e+001  3.9100000e+000
  8.8500000e+000  8.5905316e+001  3.9100000e+000
  8.9500000e+000  8.7041508e+001  3.8800000e+000
  9.0400000e+000  8.8064074e+001  3.7900000e+000
  9.1200000e+000  8.8973002e+001  3.9800000e+000
  9.2200000e+000  9.0109162e+001  3.9200000e+000
  9.3200000e+000  9.1245322e+001  4.0200000e+000
  9.4200000e+000  9.2381518e+001  3.4800000e+000
  9.5200000e+000  9.3517740e+001  3.9500000e+000
  9.6200000e+000  9.4653961e+001  3.7900000e+000
  9.8400000e+000  9.7153611e+001  3.7800000e+000
  9.9500000e+000  9.8403423e+001  3.8400000e+000
  1.0030000e+001  9.9312378e+001  3.5500000e+000
  1.0110000e+001  1.0022126e+002  3.6850000e+000
  1.0190000e+001  1.0113012e+002  3.6500000e+000
  1.0330000e+001  1.0272062e+002  3.7500000e+000
  1.0460000e+001  1.0419754e+002  3.6400000e+000
  1.0530000e+001  1.0499283e+002  3.7000000e+000
  1.0590000e+001  1.0567451e+002  3.5900000e+000
  1.0660000e+001  1.0646979e+002  3.7600000e+000
  1.0720000e+001  1.0715147e+002  3.8300000e+000
  1.0770000e+001  1.0771953e+002  3.8200000e+000
  1.0960000e+001  1.0987818e+002  3.7300000e+000
  1.1030000e+001  1.1067347e+002  3.9600000e+000
  1.1090000e+001  1.1135514e+002  3.8600000e+000
  1.1160000e+001  1.1215043e+002  3.8400000e+000
  1.1320000e+001  1.1396823e+002  3.8000000e+000
  1.1500000e+001  1.1601347e+002  3.4700000e+000
  1.1600000e+001  1.1714992e+002  3.5600000e+000
  1.1710000e+001  1.1840002e+002  3.3350000e+000
  1.1810000e+001  1.1953639e+002  3.3500000e+000
  1.1910000e+001  1.2067252e+002  3.2200000e+000
  1.2000000e+001  1.2169503e+002  3.0600000e+000
  1.2200000e+001  1.2396729e+002  3.0500000e+000
  1.2290000e+001  1.2498980e+002  3.1900000e+000
  1.2500000e+001  1.2737567e+002  3.1500000e+000
  1.2590000e+001  1.2839818e+002  3.5500000e+000
  1.2690000e+001  1.2953431e+002  3.4400000e+000
  1.2790000e+001  1.3067044e+002  3.2400000e+000
  1.2890000e+001  1.3180676e+002  4.2500000e+000
  1.2970000e+001  1.3271590e+002  3.8100000e+000
  1.3080000e+001  1.3396595e+002  4.7600000e+000
  1.3190000e+001  1.3523259e+002  4.6800000e+000
  1.3290000e+001  1.3644439e+002  4.7700000e+000
  1.3390000e+001  1.3765618e+002  4.6900000e+000
  1.3490000e+001  1.3886797e+002  4.7000000e+000
  1.3610000e+001  1.4032212e+002  4.7200000e+000
  1.3710000e+001  1.4153391e+002  4.6950000e+000
  1.3820000e+001  1.4286688e+002  4.7700000e+000
  1.3920000e+001  1.4407868e+002  4.6700000e+000
  1.4020000e+001  1.4529047e+002  4.6700000e+000
  1.4120000e+001  1.4676809e+002  4.6100000e+000
  1.4220000e+001  1.4828254e+002  4.5000000e+000
  1.4310000e+001  1.4964575e+002  4.5700000e+000
  1.4410000e+001  1.5116099e+002  4.5900000e+000
  1.4490000e+001  1.5237255e+002  4.4600000e+000
  1.4600000e+001  1.5403901e+002  4.6400000e+000
  1.4700000e+001  1.5555390e+002  4.5400000e+000
  1.4790000e+001  1.5691691e+002  4.6800000e+000
  1.4890000e+001  1.5843227e+002  4.6500000e+000
  1.4980000e+001  1.5979536e+002  4.6000000e+000
  1.5090000e+001  1.6146148e+002  4.4900000e+000
  1.5190000e+001  1.6297671e+002  4.5700000e+000
  1.5290000e+001  1.6449116e+002  4.5200000e+000
  1.5390000e+001  1.6600630e+002  4.4600000e+000
  1.5500000e+001  1.6767251e+002  4.3400000e+000
  1.5600000e+001  1.6918708e+002  4.2000000e+000
  1.5700000e+001  1.7070241e+002  4.2900000e+000
  1.5800000e+001  1.7221729e+002  4.3100000e+000
  1.5890000e+001  1.7358087e+002  4.2400000e+000
  1.5990000e+001  1.7509532e+002  4.2100000e+000
  1.6080000e+001  1.7645899e+002  4.1800000e+000
  1.6210000e+001  1.7842811e+002  4.3200000e+000
  1.6310000e+001  1.7994289e+002  4.2800000e+000
  1.6410000e+001  1.8145801e+002  4.4200000e+000
  1.6500000e+001  1.8282102e+002  4.1200000e+000
  1.6610000e+001  1.8448891e+002  4.4100000e+000
  1.6710000e+001  1.8600388e+002  4.2800000e+000
  1.7010000e+001  1.9054823e+002  4.4000000e+000
  1.7310000e+001  1.9509258e+002  3.5200000e+000
  1.7410000e+001  1.9660803e+002  3.4750000e+000
  1.7500000e+001  1.9797104e+002  3.8200000e+000
  1.7650000e+001  2.0024353e+002  3.7000000e+000
  1.7740000e+001  2.0160672e+002  3.7800000e+000
  1.7830000e+001  2.0296973e+002  3.9400000e+000
  1.7920000e+001  2.0433367e+002  3.5500000e+000
  1.8010000e+001  2.0569674e+002  3.7500000e+000
  1.8100000e+001  2.0679300e+002  3.6100000e+000
  1.8110000e+001  2.0691421e+002  3.7400000e+000
  1.8220000e+001  2.0824743e+002  3.5900000e+000
  1.8320000e+001  2.0945946e+002  3.5200000e+000
  1.8430000e+001  2.1079268e+002  3.3400000e+000
  1.8530000e+001  2.1200451e+002  3.4400000e+000
  1.8630000e+001  2.1321630e+002  3.4300000e+000
  1.8720000e+001  2.1430691e+002  3.4550000e+000
  1.8810000e+001  2.1539752e+002  3.3300000e+000
  1.8890000e+001  2.1636699e+002  3.3950000e+000
  1.8980000e+001  2.1745786e+002  3.5300000e+000
  1.9030000e+001  2.1806389e+002  3.8600000e+000
  1.9060000e+001  2.1842752e+002  3.9400000e+000
  1.9130000e+001  2.1927597e+002  3.9500000e+000
  1.9230000e+001  2.2048804e+002  3.9000000e+000
  1.9250000e+001  2.2073045e+002  4.1100000e+000
  1.9330000e+001  2.2176325e+002  4.2100000e+000
  1.9420000e+001  2.2312701e+002  4.2900000e+000
  1.9520000e+001  2.2464146e+002  4.2950000e+000
  1.9610000e+001  2.2600495e+002  4.2900000e+000
  1.9710000e+001  2.2751992e+002  4.0700000e+000
  1.9810000e+001  2.2903437e+002  4.0300000e+000
  1.9900000e+001  2.3039821e+002  3.9800000e+000
  2.0000000e+001  2.3191283e+002  3.9500000e+000
  2.0090000e+001  2.3327586e+002  3.9600000e+000
  2.0190000e+001  2.3479128e+002  3.7800000e+000
  2.0290000e+001  2.3630573e+002  3.7200000e+000
  2.0380000e+001  2.3756954e+002  3.2000000e+000
  2.0480000e+001  2.3878157e+002  3.2800000e+000
  2.0580000e+001  2.3999359e+002  3.4300000e+000
  2.0680000e+001  2.4120561e+002  3.3400000e+000
  2.0780000e+001  2.4241764e+002  3.8500000e+000
  2.0890000e+001  2.4375061e+002  4.2200000e+000
  2.0990000e+001  2.4496240e+002  4.2500000e+000
  2.1090000e+001  2.4617419e+002  4.0900000e+000
  2.1190000e+001  2.4738598e+002  3.8600000e+000
  2.1290000e+001  2.4859817e+002  4.2500000e+000
  2.1390000e+001  2.4981048e+002  4.1900000e+000
  2.1490000e+001  2.5102278e+002  4.3500000e+000
  2.1590000e+001  2.5223508e+002  4.4250000e+000
  2.1700000e+001  2.5356833e+002  4.4300000e+000
  2.1800000e+001  2.5478012e+002  4.4000000e+000
  2.1900000e+001  2.5599192e+002  4.4200000e+000
  2.2000000e+001  2.5720371e+002  4.4200000e+000
  2.2100000e+001  2.5841550e+002  4.3100000e+000
  2.2200000e+001  2.5962729e+002  4.3400000e+000
  2.2300000e+001  2.6083908e+002  4.3300000e+000
  2.2390000e+001  2.6192970e+002  4.3100000e+000
  2.2490000e+001  2.6314149e+002  4.3600000e+000
  2.2590000e+001  2.6435347e+002  4.3000000e+000
  2.2680000e+001  2.6544429e+002  4.3900000e+000
  2.2780000e+001  2.6665631e+002  4.4500000e+000
  2.2880000e+001  2.6786833e+002  4.1500000e+000
  2.2980000e+001  2.6919498e+002  4.5000000e+000
  2.3110000e+001  2.7116376e+002  4.3900000e+000
  2.3180000e+001  2.7222463e+002  4.4100000e+000
  2.3280000e+001  2.7373933e+002  4.1800000e+000
  2.3380000e+001  2.7525384e+002  4.2600000e+000
  2.3490000e+001  2.7692068e+002  4.2900000e+000
  2.3590000e+001  2.7843513e+002  4.0100000e+000
  2.3690000e+001  2.7995022e+002  3.9900000e+000
  2.3790000e+001  2.8146503e+002  4.0600000e+000
  2.3890000e+001  2.8297948e+002  3.9800000e+000
  2.3990000e+001  2.8449493e+002  3.8200000e+000
  2.4200000e+001  2.8767779e+002  3.6850000e+000
  2.4390000e+001  2.9055599e+002  3.9650000e+000
  2.4490000e+001  2.9207070e+002  4.0100000e+000
  2.4590000e+001  2.9358520e+002  4.1300000e+000
  2.4690000e+001  2.9510060e+002  4.1800000e+000
  2.4790000e+001  2.9661505e+002  4.2500000e+000
  2.4890000e+001  2.9813002e+002  4.2300000e+000
  2.4990000e+001  2.9964495e+002  4.3100000e+000
  2.5090000e+001  3.0115940e+002  4.0800000e+000
  2.5190000e+001  3.0267484e+002  3.7600000e+000
  2.5290000e+001  3.0418931e+002  4.1500000e+000
  2.5390000e+001  3.0570406e+002  3.8400000e+000
  2.5490000e+001  3.0721921e+002  3.8900000e+000
  2.5590000e+001  3.0873366e+002  3.6300000e+000
  2.5690000e+001  3.1024888e+002  3.4800000e+000
  2.5790000e+001  3.1176356e+002  3.7200000e+000
  2.5890000e+001  3.1327809e+002  3.4000000e+000
  2.5990000e+001  3.1479346e+002  3.8100000e+000
  2.6090000e+001  3.1630791e+002  3.8300000e+000
  2.6190000e+001  3.1782291e+002  3.5800000e+000
  2.6290000e+001  3.1933782e+002  3.5200000e+000
  2.6390000e+001  3.2085227e+002  3.4900000e+000
  2.6490000e+001  3.2236772e+002  3.4500000e+000
  2.6690000e+001  3.2539913e+002  3.1400000e+000
  2.6790000e+001  3.2691358e+002  3.4000000e+000
  2.6890000e+001  3.2842868e+002  3.2500000e+000
  2.6990000e+001  3.2994349e+002  3.3500000e+000
  2.7090000e+001  3.3145794e+002  3.2800000e+000
  2.7190000e+001  3.3297339e+002  3.2300000e+000
  2.7290000e+001  3.3448784e+002  3.2400000e+000
  2.7390000e+001  3.3600271e+002  3.7400000e+000
  2.7490000e+001  3.3751774e+002  4.1200000e+000
  2.7590000e+001  3.3927336e+002  4.3600000e+000
  2.7690000e+001  3.4116700e+002  4.5200000e+000
  2.7790000e+001  3.4306064e+002  4.6200000e+000
  2.7890000e+001  3.4495423e+002  4.5200000e+000
  2.7990000e+001  3.4684758e+002  4.1700000e+000
  2.8030000e+001  3.4760492e+002  4.5600000e+000
  2.8090000e+001  3.4874094e+002  4.4400000e+000
  2.8110000e+001  3.4911961e+002  4.6200000e+000
  2.8190000e+001  3.5063429e+002  4.3300000e+000
  2.8210000e+001  3.5101296e+002  4.5700000e+000
  2.8310000e+001  3.5290658e+002  4.3800000e+000
  2.8410000e+001  3.5480022e+002  4.3600000e+000
  2.8510000e+001  3.5669386e+002  4.0300000e+000
  2.8610000e+001  3.5858750e+002  4.3100000e+000
  2.8710000e+001  3.6048114e+002  4.3900000e+000
  2.8810000e+001  3.6237478e+002  4.5300000e+000
  2.8910000e+001  3.6426843e+002  4.3900000e+000
  2.9010000e+001  3.6616261e+002  4.3800000e+000
  2.9110000e+001  3.6805680e+002  4.2600000e+000
  2.9210000e+001  3.6995099e+002  4.1900000e+000
  2.9310000e+001  3.7184473e+002  4.2000000e+000
  2.9390000e+001  3.7335941e+002  4.1600000e+000
  2.9410000e+001  3.7373808e+002  4.2000000e+000
  2.9510000e+001  3.7563144e+002  4.1300000e+000
  2.9590000e+001  3.7714612e+002  3.9600000e+000
  2.9610000e+001  3.7749570e+002  3.7200000e+000
  2.9710000e+001  3.7901106e+002  4.0800000e+000
  2.9790000e+001  3.8022262e+002  3.8900000e+000
  2.9890000e+001  3.8173740e+002  3.9400000e+000
  2.9910000e+001  3.8204052e+002  4.0700000e+000
  2.9990000e+001  3.8325253e+002  4.0050000e+000
  3.0010000e+001  3.8355542e+002  3.8500000e+000
  3.0090000e+001  3.8476698e+002  4.0900000e+000
  3.0190000e+001  3.8607366e+002  3.8900000e+000
  3.0290000e+001  3.8728568e+002  4.0100000e+000
  3.0390000e+001  3.8849771e+002  3.8200000e+000
  3.0490000e+001  3.8970973e+002  3.7500000e+000
  3.0590000e+001  3.9092167e+002  3.8400000e+000
  3.0690000e+001  3.9213346e+002  3.9000000e+000
  3.0790000e+001  3.9334525e+002  3.8500000e+000
  3.0890000e+001  3.9455704e+002  3.8000000e+000
  3.0990000e+001  3.9576884e+002  3.5900000e+000
  3.1090000e+001  3.9698087e+002  3.6300000e+000
  3.1190000e+001  3.9819289e+002  3.4000000e+000
  3.1290000e+001  3.9940491e+002  3.6600000e+000
  3.1390000e+001  4.0061694e+002  3.0500000e+000
  3.1490000e+001  4.0182900e+002  3.0200000e+000
  3.1590000e+001  4.0304107e+002  2.9100000e+000
  3.1690000e+001  4.0425314e+002  3.1600000e+000
  3.1790000e+001  4.0546521e+002  3.0500000e+000
  3.1890000e+001  4.0667718e+002  3.5000000e+000
  3.1990000e+001  4.0788897e+002  2.9700000e+000
  3.2090000e+001  4.0910076e+002  3.1600000e+000
  3.2190000e+001  4.1031255e+002  3.1100000e+000
  3.2390000e+001  4.1273638e+002  3.5800000e+000
  3.2490000e+001  4.1394840e+002  3.5800000e+000
  3.2590000e+001  4.1516043e+002  3.4900000e+000
  3.2690000e+001  4.1637245e+002  3.6200000e+000
  3.2790000e+001  4.1758430e+002  3.6900000e+000
  3.2890000e+001  4.1879609e+002  3.7300000e+000
  3.2990000e+001  4.2000789e+002  3.3600000e+000
  3.3090000e+001  4.2121968e+002  4.0600000e+000
  3.3190000e+001  4.2243147e+002  4.0300000e+000
  3.3290000e+001  4.2364326e+002  3.5000000e+000
  3.3390000e+001  4.2485505e+002  4.1300000e+000
  3.3490000e+001  4.2606685e+002  4.6300000e+000
  3.3590000e+001  4.2730537e+002  3.8300000e+000
  3.3690000e+001  4.2890522e+002  5.0000000e+000
  3.3790000e+001  4.3079857e+002  4.9400000e+000
  3.3890000e+001  4.3269192e+002  4.8800000e+000
  3.3990000e+001  4.3458528e+002  4.9800000e+000
  3.4090000e+001  4.3647927e+002  4.9400000e+000
  3.4290000e+001  4.4026764e+002  4.8600000e+000
  3.4390000e+001  4.4216167e+002  4.6900000e+000
  3.4490000e+001  4.4405531e+002  4.4600000e+000
  3.4590000e+001  4.4594895e+002  4.7300000e+000
  3.4690000e+001  4.4784259e+002  4.6400000e+000
  3.4790000e+001  4.4973623e+002  4.6400000e+000
  3.4890000e+001  4.5162988e+002  4.5900000e+000
  3.4990000e+001  4.5352352e+002  4.4500000e+000
  3.5090000e+001  4.5541705e+002  4.6400000e+000
  3.5190000e+001  4.5731040e+002  4.5500000e+000
  3.5290000e+001  4.5920375e+002  4.4900000e+000
  3.5390000e+001  4.6109711e+002  4.4100000e+000
  3.5490000e+001  4.6299072e+002  4.3600000e+000
  3.5590000e+001  4.6488437e+002  4.3400000e+000
  3.5690000e+001  4.6677801e+002  4.3500000e+000
  3.5790000e+001  4.6867165e+002  4.2400000e+000
  3.5890000e+001  4.7056529e+002  4.1900000e+000
  3.5990000e+001  4.7245893e+002  4.0400000e+000
  3.6090000e+001  4.7435257e+002  4.2000000e+000
  3.6190000e+001  4.7624622e+002  4.3050000e+000
  3.6290000e+001  4.7813986e+002  4.0000000e+000
  3.6390000e+001  4.8003350e+002  3.9600000e+000
  3.6490000e+001  4.8172086e+002  3.8600000e+000
  3.6590000e+001  4.8323531e+002  3.7400000e+000
  3.6690000e+001  4.8475213e+002  3.6900000e+000
  3.6790000e+001  4.8626673e+002  3.6000000e+000
  3.6890000e+001  4.8778143e+002  3.1000000e+000
  3.6990000e+001  4.8929663e+002  3.4000000e+000
  3.7190000e+001  4.9232625e+002  3.2800000e+000
  3.7290000e+001  4.9384098e+002  3.4300000e+000
  3.7320000e+001  4.9429532e+002  3.5900000e+000
  3.7390000e+001  4.9535547e+002  3.7100000e+000
  3.7490000e+001  4.9687088e+002  3.5250000e+000
  3.7590000e+001  4.9838534e+002  3.7900000e+000
  3.7690000e+001  4.9990029e+002  3.6800000e+000
  3.7790000e+001  5.0141524e+002  3.6300000e+000
  3.7890000e+001  5.0292969e+002  3.6500000e+000
  3.7990000e+001  5.0444511e+002  3.7500000e+000
  3.8090000e+001  5.0595959e+002  3.9650000e+000
  3.8190000e+001  5.0747432e+002  3.8050000e+000
  3.8290000e+001  5.0898949e+002  3.9100000e+000
  3.8390000e+001  5.1050394e+002  4.0200000e+000
  3.8420000e+001  5.1095828e+002  3.8400000e+000
  3.8490000e+001  5.1201914e+002  3.9200000e+000
  3.8530000e+001  5.1262517e+002  4.1400000e+000
  3.8630000e+001  5.1413999e+002  4.1700000e+000
  3.8730000e+001  5.1565508e+002  3.8600000e+000
  3.8830000e+001  5.1716953e+002  3.9300000e+000
  3.8930000e+001  5.1868482e+002  3.7700000e+000
  3.9030000e+001  5.2019943e+002  3.9800000e+000
  3.9130000e+001  5.2171426e+002  3.8800000e+000
  3.9230000e+001  5.2323084e+002  3.7550000e+000
  3.9330000e+001  5.2474529e+002  3.8800000e+000
  3.9430000e+001  5.2626037e+002  3.8600000e+000
  3.9530000e+001  5.2777520e+002  3.7900000e+000
  3.9630000e+001  5.2928965e+002  3.8400000e+000
  3.9730000e+001  5.3080510e+002  3.7900000e+000
  3.9920000e+001  5.3368284e+002  3.8600000e+000
  4.0030000e+001  5.3553170e+002  4.1200000e+000
  4.0130000e+001  5.3742506e+002  4.2400000e+000
  4.0230000e+001  5.3931841e+002  4.2400000e+000
  4.0330000e+001  5.4121177e+002  4.3200000e+000
  4.0430000e+001  5.4310541e+002  4.2700000e+000
  4.0530000e+001  5.4499905e+002  4.3600000e+000
  4.0630000e+001  5.4689269e+002  4.2300000e+000
  4.0730000e+001  5.4878633e+002  4.2500000e+000
  4.0830000e+001  5.5067997e+002  4.1800000e+000
  4.0930000e+001  5.5257362e+002  4.2300000e+000
  4.1030000e+001  5.5446726e+002  4.1000000e+000
  4.1130000e+001  5.5636090e+002  4.0400000e+000
  4.1230000e+001  5.5825454e+002  4.0300000e+000
  4.1330000e+001  5.6014818e+002  4.2000000e+000
  4.1430000e+001  5.6179876e+002  3.8200000e+000
  4.1530000e+001  5.6307857e+002  3.8400000e+000
  4.1630000e+001  5.6429064e+002  3.8200000e+000
  4.1730000e+001  5.6550271e+002  3.7650000e+000
  4.1830000e+001  5.6671478e+002  3.8600000e+000
  4.1930000e+001  5.6792683e+002  3.7600000e+000
  4.2030000e+001  5.6913886e+002  4.1200000e+000
  4.2130000e+001  5.7035088e+002  3.8000000e+000
  4.2230000e+001  5.7156290e+002  3.7000000e+000
  4.2330000e+001  5.7277490e+002  3.5300000e+000
  4.2430000e+001  5.7398669e+002  3.4700000e+000
  4.2530000e+001  5.7519848e+002  3.2900000e+000
  4.2630000e+001  5.7641027e+002  3.2200000e+000
  4.2730000e+001  5.7762207e+002  3.3300000e+000
  4.2830000e+001  5.7883386e+002  3.2600000e+000
  4.2930000e+001  5.8004565e+002  3.5600000e+000
  4.3030000e+001  5.8125744e+002  4.3400000e+000
  4.2920000e+001  5.7992447e+002  3.1876130e+000
  4.2920000e+001  5.7992447e+002  3.2366641e+000
  4.3230000e+001  5.8368114e+002  3.7400000e+000
  4.3330000e+001  5.8489316e+002  3.9000000e+000
  4.3120000e+001  5.8234805e+002  3.6785066e+000
  4.3430000e+001  5.8610518e+002  4.0400000e+000
  4.3530000e+001  5.8731720e+002  4.0300000e+000
  4.3320000e+001  5.8477196e+002  3.9706600e+000
  4.3630000e+001  5.8852919e+002  4.0500000e+000
  4.3730000e+001  5.8974098e+002  4.0200000e+000
  4.3520000e+001  5.8719600e+002  4.0219483e+000
  4.3830000e+001  5.9095278e+002  4.0200000e+000
  4.3930000e+001  5.9216457e+002  3.9250000e+000
  4.3720000e+001  5.8961981e+002  3.6939385e+000
  4.3720000e+001  5.8961981e+002  3.6844108e+000
  4.4030000e+001  5.9337636e+002  3.9100000e+000
  4.4130000e+001  5.9458857e+002  3.7700000e+000
  4.3920000e+001  5.9204339e+002  3.9509473e+000
  4.4230000e+001  5.9580088e+002  3.8800000e+000
  4.4330000e+001  5.9701318e+002  3.6500000e+000
  4.4120000e+001  5.9446734e+002  3.7825029e+000
  4.4430000e+001  5.9822549e+002  3.8900000e+000
  4.4530000e+001  5.9943753e+002  3.7800000e+000
  4.4320000e+001  5.9689195e+002  3.7558084e+000
  4.4320000e+001  5.9689195e+002  3.8000126e+000
  4.4520000e+001  5.9931635e+002  3.8104610e+000
  4.4720000e+001  6.0173994e+002  3.5902388e+000
  4.4920000e+001  6.0418713e+002  3.4708793e+000
  4.5120000e+001  6.0721703e+002  3.3738472e+000
  4.5320000e+001  6.1024665e+002  3.3316636e+000
  4.5520000e+001  6.1327586e+002  3.3989782e+000
  4.5720000e+001  6.1630573e+002  3.6724255e+000
  4.5920000e+001  6.1933564e+002  3.8567512e+000
  4.5920000e+001  6.1933564e+002  3.8435271e+000
  4.6120000e+001  6.2236550e+002  4.1952491e+000
  4.6320000e+001  6.2539471e+002  4.3670402e+000
  4.6320000e+001  6.2539471e+002  4.3150563e+000
  4.6520000e+001  6.2842493e+002  4.5405798e+000
  4.6720000e+001  6.3145561e+002  4.6092229e+000
  4.6720000e+001  6.3145561e+002  4.6527314e+000
  4.6920000e+001  6.3448566e+002  4.6357074e+000
  4.6920000e+001  6.3448566e+002  4.6506934e+000
  4.7160000e+001  6.3812134e+002  4.5680270e+000
  4.7220000e+001  6.3903001e+002  4.5774364e+000
  4.7360000e+001  6.4115124e+002  4.4967351e+000
  4.7420000e+001  6.4205991e+002  4.5480847e+000
  4.7560000e+001  6.4418076e+002  4.4342451e+000
  4.7560000e+001  6.4418076e+002  4.5057740e+000
  4.7620000e+001  6.4508982e+002  4.4120770e+000
  4.7620000e+001  6.4508982e+002  4.4596376e+000
  4.7760000e+001  6.4721005e+002  4.4148374e+000
  4.7960000e+001  6.5023995e+002  4.2734375e+000
  4.8160000e+001  6.5326985e+002  4.3141346e+000
  4.8160000e+001  6.5326985e+002  4.3303199e+000
  4.8360000e+001  6.5629961e+002  4.3479266e+000
  4.8360000e+001  6.5629961e+002  4.4035678e+000
  4.8560000e+001  6.5875996e+002  4.3112626e+000
  4.8790000e+001  6.6154708e+002  4.2548728e+000
  4.8990000e+001  6.6397161e+002  4.2762394e+000
  4.9190000e+001  6.6639622e+002  4.0738502e+000
  4.9190000e+001  6.6639622e+002  4.2599783e+000
  4.9390000e+001  6.6882004e+002  4.0617552e+000
  4.9390000e+001  6.6882004e+002  4.2011294e+000
  4.9590000e+001  6.7124363e+002  4.0269957e+000
  4.9790000e+001  6.7366721e+002  4.2360497e+000
  4.9990000e+001  6.7609079e+002  4.1280007e+000
  4.9990000e+001  6.7609079e+002  3.9063871e+000
  4.9990000e+001  6.7609079e+002  4.0365329e+000
  5.0190000e+001  6.7851458e+002  4.0030727e+000
  5.0190000e+001  6.7851458e+002  3.9687715e+000
  5.0390000e+001  6.8093863e+002  3.8716779e+000
  5.0590000e+001  6.8336254e+002  3.9248500e+000
  5.0790000e+001  6.8578613e+002  4.2190757e+000
  5.0790000e+001  6.8578613e+002  4.2725077e+000
  5.0990000e+001  6.8820971e+002  3.6665964e+000
  5.0990000e+001  6.8820971e+002  3.6793470e+000
  5.0990000e+001  6.8820971e+002  3.7298164e+000
  5.1190000e+001  6.9063330e+002  3.2845023e+000
  5.1390000e+001  6.9305688e+002  3.5899544e+000
  5.1590000e+001  6.9548144e+002  3.3978591e+000
  5.1590000e+001  6.9548144e+002  3.3017075e+000
  5.1840000e+001  6.9851216e+002  3.3212137e+000
  5.1840000e+001  6.9851216e+002  3.3372855e+000
  5.2040000e+001  7.0093574e+002  3.3667569e+000
  5.2240000e+001  7.0335932e+002  3.4849153e+000
  5.2440000e+001  7.0578331e+002  3.5990179e+000
  5.2640000e+001  7.0820736e+002  3.6094532e+000
  5.2640000e+001  7.0820736e+002  3.7855935e+000
  5.2690000e+001  7.0881337e+002  3.8314393e+000
  5.2840000e+001  7.1063107e+002  3.8221920e+000
  5.2890000e+001  7.1123697e+002  3.8435898e+000
  5.3040000e+001  7.1305466e+002  3.9295018e+000
  5.3090000e+001  7.1366055e+002  4.0243850e+000
  5.3290000e+001  7.1608414e+002  4.2307429e+000
  5.3290000e+001  7.1608414e+002  4.1891341e+000
  5.3290000e+001  7.1608414e+002  4.2261510e+000
  5.3490000e+001  7.1850772e+002  4.4081593e+000
  5.3490000e+001  7.1850772e+002  4.3148894e+000
  5.3490000e+001  7.1850772e+002  4.2348604e+000
  5.3690000e+001  7.2093160e+002  4.2722945e+000
  5.3690000e+001  7.2093160e+002  4.2511854e+000
  5.3690000e+001  7.2093160e+002  4.3212261e+000
  5.3890000e+001  7.2335565e+002  4.2208200e+000
  5.3890000e+001  7.2335565e+002  4.3287148e+000
  5.3890000e+001  7.2335565e+002  4.3339381e+000
  5.4090000e+001  7.2577974e+002  4.1103215e+000
  5.4090000e+001  7.2577974e+002  4.2200294e+000
  5.4090000e+001  7.2577974e+002  4.0912600e+000
  5.4290000e+001  7.2820389e+002  4.3270750e+000
  5.4290000e+001  7.2820389e+002  3.9625604e+000
  5.4490000e+001  7.3062785e+002  3.9782820e+000
  5.4490000e+001  7.3062785e+002  3.8800435e+000
  5.4690000e+001  7.3305144e+002  3.9647498e+000
  5.4690000e+001  7.3305144e+002  4.0668192e+000
  5.4890000e+001  7.3547509e+002  4.1152029e+000
  5.4920000e+001  7.3583870e+002  3.9324789e+000
  5.5090000e+001  7.3789914e+002  4.1470013e+000
  5.5090000e+001  7.3789914e+002  4.0389757e+000
  5.5120000e+001  7.3826274e+002  4.5750089e+000
  5.5120000e+001  7.3826274e+002  4.4906473e+000
  5.5290000e+001  7.4032318e+002  4.2426925e+000
  5.6170000e+001  7.5364806e+002  4.3475919e+000
  5.5490000e+001  7.4334764e+002  3.9999897e+000
  5.6370000e+001  7.5655625e+002  4.0106397e+000
  5.5690000e+001  7.4637715e+002  4.2563515e+000
  5.6570000e+001  7.5898040e+002  3.8215835e+000
  5.5890000e+001  7.4940645e+002  4.1048174e+000
  5.6770000e+001  7.6140454e+002  3.8772285e+000
  5.6090000e+001  7.5243635e+002  4.0541668e+000
  5.6970000e+001  7.6382858e+002  3.6344106e+000
  5.6970000e+001  7.6382858e+002  3.6850998e+000
  5.6290000e+001  7.5546625e+002  4.2076459e+000
  5.7170000e+001  7.6625263e+002  3.9108922e+000
  5.6490000e+001  7.5801074e+002  3.7711039e+000
  5.7370000e+001  7.6867627e+002  3.6986754e+000
  5.6690000e+001  7.6043488e+002  3.7289875e+000
  5.6690000e+001  7.6043488e+002  3.8466017e+000
  5.7570000e+001  7.7109986e+002  3.7639518e+000
  5.6890000e+001  7.6285897e+002  3.6357718e+000
  5.7770000e+001  7.7352344e+002  3.8579440e+000
  5.7090000e+001  7.6528301e+002  3.6589127e+000
  5.7970000e+001  7.7594702e+002  3.5554099e+000
  5.7290000e+001  7.6770684e+002  3.6279299e+000
  5.8170000e+001  7.7837086e+002  3.3746035e+000
  5.7490000e+001  7.7013042e+002  3.6186335e+000
  5.8370000e+001  7.8079491e+002  3.2194319e+000
  5.8370000e+001  7.8079491e+002  3.3619695e+000
  5.8570000e+001  7.8321877e+002  3.1610842e+000
  5.8770000e+001  7.8564236e+002  3.2640626e+000
  5.8770000e+001  7.8564236e+002  3.3120780e+000
  5.8970000e+001  7.8806617e+002  3.5342848e+000
  5.9170000e+001  7.9049078e+002  3.6026876e+000
  5.9370000e+001  7.9291532e+002  4.1190271e+000
  5.9570000e+001  7.9533890e+002  4.2219071e+000
  5.9770000e+001  7.9776249e+002  4.3835087e+000
  5.9970000e+001  8.0018607e+002  4.4136624e+000
  6.0170000e+001  8.0260966e+002  4.2925391e+000
  6.0170000e+001  8.0260966e+002  4.2630992e+000
  6.0370000e+001  8.0503358e+002  4.1694837e+000
  6.0570000e+001  8.0745763e+002  4.1978946e+000
  6.0770000e+001  8.0988141e+002  4.2465601e+000
  6.0970000e+001  8.1230499e+002  4.4417849e+000
  6.1170000e+001  8.1472877e+002  4.0122247e+000
  6.1370000e+001  8.1715281e+002  3.8457284e+000
  6.1570000e+001  8.1957688e+002  3.6576450e+000
  6.1770000e+001  8.2200103e+002  3.5290823e+000
  6.1770000e+001  8.2200103e+002  3.5857501e+000
  6.1970000e+001  8.2442512e+002  3.4802949e+000
  6.2170000e+001  8.2684871e+002  3.6836920e+000
  6.2370000e+001  8.2927229e+002  3.7721601e+000
  6.2570000e+001  8.3169630e+002  3.6391332e+000
  6.2770000e+001  8.3412035e+002  3.6271350e+000
  6.2970000e+001  8.3654404e+002  3.7476218e+000
  6.3170000e+001  8.3896763e+002  3.6882441e+000
  6.3370000e+001  8.4139121e+002  3.5168269e+000
  6.3540000e+001  8.4345126e+002  3.5872557e+000
  6.3570000e+001  8.4381479e+002  3.5687041e+000
  6.3740000e+001  8.4587514e+002  3.4941330e+000
  6.3770000e+001  8.4623883e+002  3.4310498e+000
  6.3940000e+001  8.4829974e+002  3.3736360e+000
  6.3970000e+001  8.4866343e+002  3.2748387e+000
  6.4140000e+001  8.5072422e+002  3.4441025e+000
  6.4140000e+001  8.5072422e+002  3.3942380e+000
  6.4170000e+001  8.5108776e+002  3.4301536e+000
  6.4340000e+001  8.5314780e+002  3.5993643e+000
  6.4370000e+001  8.5351134e+002  3.4618847e+000
  6.4540000e+001  8.5557139e+002  3.5620079e+000
  6.4570000e+001  8.5593498e+002  3.3219805e+000
  6.4740000e+001  8.5799542e+002  3.3612709e+000
  6.4770000e+001  8.5835902e+002  3.2049439e+000
  6.4940000e+001  8.6041946e+002  3.2000880e+000
  6.4970000e+001  8.6078307e+002  3.1662142e+000
  6.4970000e+001  8.6078307e+002  3.1273761e+000
  6.5140000e+001  8.6284314e+002  3.1587675e+000
  6.5170000e+001  8.6320668e+002  3.1571865e+000
  6.5340000e+001  8.6526672e+002  3.3253605e+000
  6.5370000e+001  8.6563026e+002  3.6351967e+000
  6.5540000e+001  8.6823575e+002  4.1128969e+000
  6.5540000e+001  8.6823575e+002  4.1839609e+000
  6.5570000e+001  8.6880385e+002  4.1158819e+000
  6.5740000e+001  8.7202304e+002  4.4514728e+000
  6.5940000e+001  8.7581032e+002  4.4603314e+000
  6.6140000e+001  8.7959760e+002  4.4867377e+000
  6.6340000e+001  8.8338446e+002  4.3729692e+000
  6.6020000e+001  8.7732523e+002  4.3081837e+000
  6.6540000e+001  8.8717119e+002  4.4058375e+000
  6.6540000e+001  8.8717119e+002  4.2066512e+000
  6.6220000e+001  8.8111243e+002  4.2561703e+000
  6.6740000e+001  8.9095957e+002  4.2881179e+000
  6.6420000e+001  8.8489914e+002  4.2399302e+000
  6.6940000e+001  8.9452951e+002  4.3650537e+000
  6.6620000e+001  8.8868654e+002  4.2663436e+000
  6.6820000e+001  8.9247492e+002  4.3234506e+000
  6.6820000e+001  8.9247492e+002  4.2700458e+000
  6.7020000e+001  8.9574140e+002  4.2176576e+000
  6.7220000e+001  8.9877120e+002  4.2122922e+000
  6.7420000e+001  9.0180042e+002  3.9297009e+000
  6.7620000e+001  9.0483010e+002  4.1047850e+000
  6.7820000e+001  9.0786001e+002  4.0108232e+000
  6.8020000e+001  9.1088991e+002  3.9883387e+000
  6.8220000e+001  9.1379723e+002  3.9585087e+000
  6.8420000e+001  9.1622128e+002  4.1830988e+000
  6.8620000e+001  9.1864531e+002  4.3628879e+000
  6.8820000e+001  9.2106889e+002  4.3442740e+000
  6.9020000e+001  9.2349248e+002  4.1963139e+000
  6.9220000e+001  9.2591655e+002  4.1266499e+000
  6.9420000e+001  9.2834069e+002  4.0770969e+000
  6.9420000e+001  9.2834069e+002  3.9888501e+000
  6.9620000e+001  9.3076477e+002  3.9861248e+000
  6.9820000e+001  9.3318882e+002  3.7704675e+000
  7.0020000e+001  9.3561261e+002  3.8902524e+000
  7.0220000e+001  9.3803619e+002  3.6351066e+000
  7.0420000e+001  9.4045995e+002  3.4645927e+000
  7.0620000e+001  9.4288400e+002  3.4682543e+000
  7.0820000e+001  9.4530794e+002  3.5240810e+000
  7.1020000e+001  9.4773153e+002  3.4355040e+000
  7.1020000e+001  9.4773153e+002  3.3387485e+000
  7.1220000e+001  9.5015515e+002  3.1777184e+000
  7.1420000e+001  9.5257929e+002  3.1195791e+000
  7.1620000e+001  9.5500343e+002  3.0602047e+000
  7.1820000e+001  9.5742749e+002  3.1337800e+000
  7.2020000e+001  9.5985154e+002  3.5730236e+000
  7.2220000e+001  9.6272287e+002  4.1717248e+000
  7.2420000e+001  9.6575277e+002  4.0583024e+000
  7.2620000e+001  9.6878268e+002  3.9151618e+000
  7.2620000e+001  9.6878268e+002  3.9519365e+000
  7.2820000e+001  9.7181258e+002  3.7051177e+000
  7.3020000e+001  9.7484244e+002  3.6854589e+000
  7.3220000e+001  9.7787165e+002  3.4240618e+000
  7.3420000e+001  9.8090128e+002  3.5289054e+000
  7.3620000e+001  9.8393118e+002  3.9302521e+000
  7.3820000e+001  9.8696109e+002  3.8864393e+000
  7.4020000e+001  9.8999051e+002  3.6991441e+000
  7.4010000e+001  9.8983895e+002  3.6955616e+000
  7.4220000e+001  9.9302015e+002  3.7167699e+000
  7.4220000e+001  9.9302015e+002  3.6079333e+000
  7.4210000e+001  9.9286888e+002  3.6840584e+000
  7.4420000e+001  9.9605131e+002  3.5807965e+000
  7.4410000e+001  9.9589986e+002  3.5645063e+000
  7.4620000e+001  9.9908121e+002  3.5214157e+000
  7.4610000e+001  9.9892976e+002  3.6640248e+000
  7.4820000e+001  1.0021071e+003  3.6510415e+000
  7.4810000e+001  1.0019557e+003  3.7826512e+000
  7.5020000e+001  1.0051360e+003  3.9710016e+000
  7.5010000e+001  1.0049846e+003  3.8716636e+000
  7.5010000e+001  1.0049846e+003  3.9932880e+000
  7.5210000e+001  1.0080235e+003  3.8992450e+000
  7.5410000e+001  1.0110524e+003  3.6983550e+000
  7.5610000e+001  1.0140813e+003  3.3838994e+000
  7.5610000e+001  1.0140813e+003  3.5060101e+000
  7.5810000e+001  1.0171102e+003  3.7108505e+000
  7.5810000e+001  1.0171102e+003  3.6632755e+000
  7.6010000e+001  1.0201391e+003  3.4529681e+000
  7.6300000e+001  1.0245310e+003  3.4756305e+000
  7.6210000e+001  1.0231680e+003  3.5300152e+000
  7.6500000e+001  1.0275599e+003  3.5590010e+000
  7.6410000e+001  1.0261969e+003  3.5807931e+000
  7.6700000e+001  1.0305895e+003  3.8836632e+000
  7.6610000e+001  1.0292265e+003  3.8211429e+000
  7.6610000e+001  1.0292265e+003  3.8381181e+000
  7.6900000e+001  1.0336192e+003  4.0536971e+000
  7.6810000e+001  1.0322559e+003  4.0222940e+000
  7.7100000e+001  1.0366481e+003  4.1512008e+000
  7.7010000e+001  1.0352851e+003  3.9591713e+000
  7.7010000e+001  1.0352851e+003  4.0535727e+000
  7.7300000e+001  1.0396770e+003  4.0970082e+000
  7.7500000e+001  1.0427059e+003  3.9883168e+000
  7.7700000e+001  1.0457448e+003  3.9612200e+000
  7.7900000e+001  1.0487737e+003  3.9152777e+000
  7.7900000e+001  1.0487737e+003  3.9311328e+000
  7.8100000e+001  1.0518026e+003  4.0006518e+000
  7.8300000e+001  1.0548315e+003  3.8277106e+000
  7.8500000e+001  1.0578604e+003  3.7666879e+000
  7.8700000e+001  1.0608893e+003  3.5798161e+000
  7.8900000e+001  1.0639182e+003  3.4064364e+000
  7.9100000e+001  1.0668818e+003  3.1743784e+000
  7.9300000e+001  1.0693054e+003  3.1706486e+000
  7.9500000e+001  1.0717291e+003  2.9759510e+000
  7.9500000e+001  1.0717291e+003  2.9246552e+000
  7.9700000e+001  1.0741523e+003  3.0515084e+000
  7.9900000e+001  1.0765754e+003  3.1552179e+000
  8.0100000e+001  1.0794731e+003  3.6344171e+000
  8.0300000e+001  1.0825033e+003  3.5939484e+000
  8.0500000e+001  1.0855409e+003  3.6887133e+000
  8.0700000e+001  1.0885698e+003  3.7664061e+000
  8.0900000e+001  1.0915988e+003  3.8257098e+000
  8.1100000e+001  1.0946277e+003  3.7924988e+000
  8.1100000e+001  1.0946277e+003  3.9050612e+000
  8.1300000e+001  1.0976566e+003  3.9618301e+000
  8.1500000e+001  1.1006855e+003  3.7690947e+000
  8.1700000e+001  1.1037154e+003  3.6999497e+000
  8.1900000e+001  1.1067448e+003  3.4113863e+000
  8.2100000e+001  1.1097737e+003  3.4408603e+000
  8.2300000e+001  1.1128026e+003  3.5581107e+000
  8.2500000e+001  1.1163418e+003  3.7839711e+000
  8.2700000e+001  1.1201280e+003  3.9135311e+000
  8.2700000e+001  1.1201280e+003  3.8553662e+000
  8.2900000e+001  1.1239196e+003  3.9636688e+000
  8.3100000e+001  1.1277102e+003  4.1657734e+000
  8.2900000e+001  1.1239196e+003  4.0157371e+000
  8.2900000e+001  1.1239196e+003  4.1269932e+000
  8.3300000e+001  1.1314964e+003  3.7961597e+000
  8.3100000e+001  1.1277102e+003  4.0857072e+000
  8.3100000e+001  1.1277102e+003  4.1011777e+000
  8.3500000e+001  1.1352825e+003  3.9949884e+000
  8.3300000e+001  1.1314964e+003  4.1813684e+000
  8.3300000e+001  1.1314964e+003  3.9584131e+000
  8.3700000e+001  1.1390686e+003  3.7204335e+000
  8.3500000e+001  1.1352825e+003  3.9984410e+000
  8.3900000e+001  1.1428547e+003  3.6206872e+000
  8.3700000e+001  1.1390686e+003  3.6950579e+000
  8.4100000e+001  1.1466228e+003  3.7175236e+000
  8.3900000e+001  1.1428547e+003  3.6656628e+000
  8.3900000e+001  1.1428547e+003  3.5736153e+000
  8.4300000e+001  1.1496522e+003  3.4798663e+000
  8.4100000e+001  1.1466228e+003  3.6569555e+000
  8.4500000e+001  1.1526820e+003  3.6361027e+000
  8.4300000e+001  1.1496522e+003  3.5767510e+000
  8.4700000e+001  1.1557109e+003  3.5113659e+000
  8.4500000e+001  1.1526820e+003  3.5994124e+000
  8.4900000e+001  1.1587429e+003  3.4005895e+000
  8.4900000e+001  1.1587429e+003  3.3680985e+000
  8.4700000e+001  1.1557109e+003  3.3063817e+000
  8.4700000e+001  1.1557109e+003  3.6416590e+000
  8.5100000e+001  1.1617787e+003  3.4018102e+000
  8.4900000e+001  1.1587429e+003  3.3299892e+000
  8.4900000e+001  1.1587429e+003  3.4272528e+000
  8.5100000e+001  1.1617787e+003  3.4351244e+000
  8.5100000e+001  1.1617787e+003  3.3393598e+000
  8.5300000e+001  1.1648076e+003  3.3783448e+000
  8.5300000e+001  1.1648076e+003  3.2932036e+000
  8.5500000e+001  1.1678365e+003  3.2273846e+000
  8.5700000e+001  1.1708654e+003  3.4302511e+000
  8.5900000e+001  1.1738943e+003  3.5388019e+000
  8.6100000e+001  1.1769232e+003  3.3766911e+000
  8.6300000e+001  1.1799521e+003  3.5792856e+000
  8.6300000e+001  1.1799521e+003  3.5961225e+000
  8.6420000e+001  1.1817695e+003  3.5082238e+000
  8.6500000e+001  1.1829810e+003  3.5365179e+000
  8.6620000e+001  1.1847987e+003  3.5075848e+000
  8.6700000e+001  1.1860113e+003  3.5460191e+000
  8.6820000e+001  1.1878280e+003  3.5783699e+000
  8.6900000e+001  1.1890403e+003  3.7028129e+000
  8.7020000e+001  1.1908577e+003  3.8623374e+000
  8.7220000e+001  1.1938866e+003  3.9792366e+000
  8.7420000e+001  1.1969199e+003  4.0962300e+000
  8.7620000e+001  1.1999544e+003  4.1836553e+000
  8.7620000e+001  1.1999544e+003  4.1432180e+000
  8.7720000e+001  1.2014688e+003  4.3006730e+000
  8.7920000e+001  1.2044977e+003  4.2225022e+000
  8.8120000e+001  1.2075266e+003  4.0262752e+000
  8.8320000e+001  1.2105555e+003  4.0075388e+000
  8.8520000e+001  1.2135845e+003  3.9524167e+000
  8.8720000e+001  1.2166134e+003  3.7119148e+000
  8.8920000e+001  1.2196423e+003  3.7068090e+000
  8.8920000e+001  1.2196423e+003  3.7386823e+000
  8.9120000e+001  1.2226713e+003  3.2239845e+000
  8.9320000e+001  1.2257007e+003  3.5664186e+000
  8.9520000e+001  1.2282804e+003  3.1257474e+000
  8.9620000e+001  1.2294919e+003  3.2489743e+000
  8.9820000e+001  1.2319154e+003  3.3029101e+000
  9.0020000e+001  1.2343432e+003  3.0864623e+000
  9.0220000e+001  1.2367709e+003  3.1252100e+000
  9.0420000e+001  1.2391944e+003  3.0724483e+000
  9.0420000e+001  1.2391944e+003  3.1494584e+000
  9.0620000e+001  1.2416175e+003  3.1116059e+000
  9.0820000e+001  1.2440407e+003  3.7867963e+000
  9.1020000e+001  1.2464638e+003  4.0196714e+000
  9.1120000e+001  1.2477317e+003  4.0537868e+000
  9.1320000e+001  1.2507606e+003  4.1802592e+000
  9.1520000e+001  1.2537895e+003  4.0324407e+000
  9.1720000e+001  1.2568197e+003  4.0691628e+000
  9.1920000e+001  1.2603273e+003  3.8580525e+000
  9.1920000e+001  1.2603273e+003  3.8114419e+000
  9.2120000e+001  1.2641145e+003  3.8042481e+000
  9.2320000e+001  1.2679008e+003  3.6864533e+000
  9.2520000e+001  1.2716879e+003  3.6032040e+000
  9.2620000e+001  1.2735838e+003  3.5350511e+000
  9.2820000e+001  1.2773758e+003  3.4577041e+000
  9.3020000e+001  1.2811622e+003  3.5213287e+000
  9.3220000e+001  1.2849483e+003  3.7816670e+000
  9.3420000e+001  1.2887345e+003  3.9261670e+000
  9.3420000e+001  1.2887345e+003  3.9310055e+000
  9.3620000e+001  1.2925206e+003  3.6587949e+000
  9.3820000e+001  1.2963067e+003  4.0233431e+000
  9.4020000e+001  1.3000937e+003  3.9257193e+000
  9.4220000e+001  1.3038809e+003  3.9037390e+000
  9.4320000e+001  1.3057739e+003  3.9044304e+000
  9.4520000e+001  1.3095601e+003  3.6471679e+000
  9.4720000e+001  1.3133508e+003  3.6809466e+000
  9.4920000e+001  1.3171423e+003  3.6172774e+000
  9.5120000e+001  1.3209284e+003  3.4199402e+000
  9.5320000e+001  1.3247146e+003  3.8801029e+000
  9.5520000e+001  1.3285007e+003  3.9473581e+000
  9.5720000e+001  1.3322868e+003  3.9174526e+000
  9.5770000e+001  1.3332334e+003  3.8640666e+000
  9.5970000e+001  1.3370195e+003  4.0836935e+000
  9.5970000e+001  1.3370195e+003  4.0112801e+000
  9.6170000e+001  1.3408056e+003  3.9047909e+000
  9.6370000e+001  1.3442934e+003  3.7466111e+000
  9.6570000e+001  1.3473223e+003  3.4027886e+000
  9.6770000e+001  1.3503627e+003  3.2730129e+000
  9.6970000e+001  1.3533916e+003  3.1997702e+000
  9.7170000e+001  1.3564205e+003  3.2043200e+000
  9.7370000e+001  1.3594494e+003  3.4564688e+000
  9.7570000e+001  1.3624783e+003  3.8176465e+000
  9.7570000e+001  1.3624783e+003  3.7094331e+000
  9.7770000e+001  1.3655072e+003  3.8479648e+000
  9.7970000e+001  1.3685361e+003  4.0500193e+000
  9.8170000e+001  1.3715650e+003  4.0132828e+000
  9.8370000e+001  1.3745939e+003  3.9600067e+000
  9.8570000e+001  1.3776228e+003  4.1804762e+000
  9.8770000e+001  1.3802174e+003  4.0139971e+000
  9.8970000e+001  1.3826405e+003  4.1976728e+000
  9.9170000e+001  1.3850665e+003  3.7526517e+000
  9.9170000e+001  1.3850665e+003  3.7646947e+000
  9.9270000e+001  1.3862806e+003  3.5134304e+000
  9.9470000e+001  1.3887090e+003  3.8360960e+000
  9.9670000e+001  1.3911326e+003  3.6342628e+000
  9.9870000e+001  1.3935558e+003  3.4152486e+000
  1.0007000e+002  1.3959768e+003  3.3074198e+000
  1.0027000e+002  1.3983972e+003  3.3084445e+000
  1.0047000e+002  1.4008206e+003  3.3818126e+000
  1.0067000e+002  1.4032466e+003  3.6687067e+000
  1.0067000e+002  1.4032466e+003  3.6491218e+000
  1.0077000e+002  1.4044595e+003  3.6657965e+000
  1.0097000e+002  1.4074319e+003  3.9357891e+000
  1.0117000e+002  1.4104631e+003  4.0314145e+000
  1.0137000e+002  1.4134944e+003  4.0522423e+000
  1.0157000e+002  1.4165252e+003  4.1017866e+000
  1.0177000e+002  1.4195517e+003  3.8488019e+000
  1.0187000e+002  1.4210650e+003  3.8292329e+000
  1.0207000e+002  1.4240963e+003  3.7858095e+000
  1.0227000e+002  1.4271356e+003  3.6020734e+000
  1.0247000e+002  1.4301622e+003  3.5069826e+000
  1.0267000e+002  1.4331887e+003  3.2131391e+000
  1.0287000e+002  1.4362162e+003  3.0527408e+000
  1.0287000e+002  1.4362162e+003  3.1298366e+000
  1.0307000e+002  1.4392474e+003  3.2388721e+000
  1.0327000e+002  1.4422787e+003  3.1060777e+000
  1.0347000e+002  1.4453100e+003  3.0702457e+000
  1.0367000e+002  1.4490961e+003  3.7971559e+000
  1.0377000e+002  1.4509892e+003  3.5709100e+000
  1.0397000e+002  1.4547753e+003  3.9780703e+000
  1.0417000e+002  1.4585617e+003  3.9055302e+000
  1.0437000e+002  1.4623536e+003  3.3566895e+000
  1.0437000e+002  1.4623536e+003  3.1480136e+000
  1.0457000e+002  1.4661437e+003  3.6066451e+000
  1.0477000e+002  1.4699298e+003  3.4605725e+000
  1.0497000e+002  1.4737160e+003  3.2875512e+000
  1.0517000e+002  1.4775021e+003  3.1916268e+000
  1.0527000e+002  1.4793951e+003  3.1612287e+000
  1.0547000e+002  1.4831813e+003  3.1968477e+000
  1.0581000e+002  1.4896177e+003  3.6084080e+000
  1.0601000e+002  1.4934038e+003  3.7583413e+000
  1.0601000e+002  1.4934038e+003  3.8507936e+000
  1.0621000e+002  1.4971899e+003  3.8874264e+000
  1.0631000e+002  1.4990851e+003  3.9831381e+000
  1.0651000e+002  1.5028770e+003  3.9946938e+000
  1.0671000e+002  1.5061841e+003  3.9368167e+000
  1.0691000e+002  1.5092153e+003  3.8499815e+000
  1.0711000e+002  1.5122454e+003  3.7462044e+000
  1.0731000e+002  1.5152720e+003  3.4861059e+000
  1.0751000e+002  1.5182985e+003  3.4315000e+000
  1.0751000e+002  1.5182985e+003  3.3534966e+000
  1.0761000e+002  1.5198172e+003  3.4199593e+000
  1.0781000e+002  1.5228459e+003  3.5061586e+000
  1.0801000e+002  1.5258724e+003  3.6749473e+000
  1.0821000e+002  1.5288990e+003  3.7005458e+000
  1.0841000e+002  1.5319271e+003  4.0075316e+000
  1.0861000e+002  1.5349584e+003  4.0785723e+000
  1.0881000e+002  1.5379897e+003  4.0364175e+000
  1.0901000e+002  1.5410302e+003  4.1385412e+000
  1.0911000e+002  1.5425390e+003  4.2586799e+000
  1.0931000e+002  1.5455702e+003  4.0114226e+000
  1.0951000e+002  1.5486015e+003  3.8879626e+000
  1.0971000e+002  1.5516307e+003  3.5610220e+000
  1.0991000e+002  1.5546572e+003  3.5811508e+000
  1.0991000e+002  1.5546572e+003  3.5095632e+000
  1.1011000e+002  1.5576838e+003  3.5048902e+000
  1.1031000e+002  1.5607114e+003  3.3088548e+000
  1.1051000e+002  1.5637427e+003  3.4085286e+000
  1.1071000e+002  1.5667740e+003  3.5549574e+000
  1.1081000e+002  1.5682843e+003  3.7680047e+000
  1.1101000e+002  1.5717020e+003  3.8164732e+000
  1.1121000e+002  1.5754881e+003  4.0255394e+000
  1.1141000e+002  1.5792787e+003  3.9170585e+000
  1.1141000e+002  1.5792787e+003  3.8642740e+000
  1.1161000e+002  1.5830704e+003  3.8749802e+000
  1.1181000e+002  1.5868565e+003  3.5696051e+000
  1.1201000e+002  1.5906426e+003  3.5691268e+000
  1.1221000e+002  1.5944288e+003  3.4526329e+000
  1.1231000e+002  1.5963218e+003  3.3189926e+000
  1.1251000e+002  1.6001079e+003  3.3459141e+000
  1.1271000e+002  1.6038941e+003  3.3156791e+000
  1.1291000e+002  1.6076802e+003  3.3756344e+000
  1.1291000e+002  1.6076802e+003  3.4073749e+000
  1.1311000e+002  1.6114699e+003  3.6124671e+000
  1.1331000e+002  1.6152618e+003  3.4797034e+000
  1.1351000e+002  1.6183714e+003  3.5506241e+000
  1.1371000e+002  1.6214027e+003  3.5557454e+000
  1.1381000e+002  1.6229177e+003  3.5433588e+000
  1.1401000e+002  1.6259443e+003  3.5786963e+000
  1.1421000e+002  1.6289733e+003  3.4776783e+000
  1.1441000e+002  1.6320045e+003  3.2674479e+000
  1.1441000e+002  1.6320045e+003  3.3502922e+000
  1.1461000e+002  1.6350358e+003  3.3531449e+000
  1.1481000e+002  1.6380655e+003  3.5057387e+000
  1.1501000e+002  1.6410921e+003  3.6865859e+000
  1.1521000e+002  1.6441186e+003  3.9262316e+000
  1.1531000e+002  1.6456377e+003  4.0332270e+000
  1.1551000e+002  1.6486660e+003  4.0687251e+000
  1.1591000e+002  1.6547291e+003  4.0976219e+000
  1.1611000e+002  1.6577576e+003  3.9164400e+000
  1.1631000e+002  1.6607888e+003  3.8603077e+000
  1.1651000e+002  1.6638201e+003  3.8626230e+000
  1.1661000e+002  1.6653295e+003  3.7477744e+000
  1.1681000e+002  1.6683594e+003  3.7097297e+000
  1.1681000e+002  1.6683594e+003  3.6342690e+000
  1.1691000e+002  1.6698769e+003  3.6966720e+000
  1.1711000e+002  1.6729034e+003  3.3878632e+000
  1.1731000e+002  1.6759300e+003  3.4956391e+000
  1.1751000e+002  1.6789613e+003  3.5121293e+000
  1.1771000e+002  1.6819926e+003  3.5949800e+000
  1.1791000e+002  1.6850238e+003  3.5333376e+000
  1.1811000e+002  1.6880513e+003  3.6197355e+000
  1.1831000e+002  1.6910834e+003  3.8681297e+000
  1.1831000e+002  1.6910834e+003  3.6044686e+000
  1.1851000e+002  1.6941144e+003  3.6602390e+000
  1.1871000e+002  1.6971437e+003  3.7692399e+000
  1.1891000e+002  1.7001750e+003  3.9028234e+000
  1.1911000e+002  1.7032063e+003  4.0490060e+000
  1.1931000e+002  1.7062356e+003  4.0247297e+000
  1.1951000e+002  1.7092622e+003  3.8881650e+000
  1.1971000e+002  1.7122887e+003  3.6199450e+000
  1.1971000e+002  1.7122887e+003  3.7073185e+000
  1.1991000e+002  1.7153162e+003  3.7421916e+000
  1.2011000e+002  1.7183474e+003  3.5444221e+000
  1.2031000e+002  1.7213787e+003  3.3360155e+000
  1.2051000e+002  1.7244100e+003  3.3963766e+000
  1.2071000e+002  1.7274366e+003  3.6175935e+000
  1.2091000e+002  1.7304731e+003  3.8749630e+000
  1.2111000e+002  1.7334997e+003  3.6623487e+000
  1.2131000e+002  1.7365299e+003  3.6174803e+000
  1.2151000e+002  1.7395612e+003  3.4078786e+000
  1.2151000e+002  1.7395612e+003  3.3900867e+000
  1.2171000e+002  1.7425924e+003  3.6579192e+000
  1.2191000e+002  1.7456829e+003  3.8743126e+000
  1.2211000e+002  1.7494690e+003  3.6883090e+000
  1.2231000e+002  1.7532551e+003  3.7446995e+000
  1.2251000e+002  1.7570413e+003  3.5029626e+000
  1.2271000e+002  1.7608274e+003  3.2280564e+000
  1.2291000e+002  1.7646135e+003  3.3098412e+000
  1.2311000e+002  1.7684048e+003  3.3953762e+000
  1.2331000e+002  1.7721958e+003  3.3958504e+000
  1.2351000e+002  1.7759819e+003  3.4582026e+000
  1.2371000e+002  1.7797680e+003  3.5302091e+000
  1.2391000e+002  1.7835542e+003  3.5905917e+000
  1.2411000e+002  1.7873403e+003  3.7340653e+000
  1.2431000e+002  1.7911264e+003  3.8369179e+000
  1.2451000e+002  1.7949125e+003  3.9105191e+000
  1.2471000e+002  1.7986987e+003  3.8137264e+000
  1.2491000e+002  1.8024848e+003  3.6006021e+000
  1.2511000e+002  1.8062739e+003  3.5578358e+000
  1.2531000e+002  1.8100658e+003  3.3611705e+000
  1.2551000e+002  1.8138532e+003  3.1932518e+000
