  1.0000000e-001  2.7833300e+000  3.7700000e+000
  7.7000000e-001  7.8735621e+000  3.7700000e+000
  9.7000000e-001  9.3930110e+000  3.6900000e+000
  1.3700000e+000  1.2287681e+001  4.1200000e+000
  1.5700000e+000  1.3573396e+001  4.5500000e+000
  1.9700000e+000  1.5993435e+001  4.7200000e+000
  2.1700000e+000  1.7151128e+001  4.7500000e+000
  2.5700000e+000  1.9466513e+001  5.0800000e+000
  2.7700000e+000  2.0624206e+001  5.1400000e+000
  2.9100000e+000  2.1434591e+001  5.2600000e+000
  3.1100000e+000  2.2592284e+001  5.1800000e+000
  3.1700000e+000  2.2939592e+001  5.1900000e+000
  3.3100000e+000  2.3749992e+001  5.3000000e+000
  3.3700000e+000  2.4097309e+001  5.1500000e+000
  3.5100000e+000  2.4907716e+001  5.2300000e+000
  3.7100000e+000  2.6065440e+001  4.7800000e+000
  3.7700000e+000  2.6412757e+001  5.0500000e+000
  3.9100000e+000  2.7223150e+001  5.1300000e+000
  3.9700000e+000  2.7570453e+001  4.9500000e+000
  4.1100000e+000  2.8380825e+001  5.0700000e+000
  4.5100000e+000  3.0696176e+001  4.5300000e+000
  4.7100000e+000  3.1853868e+001  4.8700000e+000
  5.1100000e+000  3.4169254e+001  4.7900000e+000
  5.3100000e+000  3.5326947e+001  4.8200000e+000
  5.5100000e+000  3.6484640e+001  4.7900000e+000
  5.7100000e+000  3.7642332e+001  4.8700000e+000
  5.9100000e+000  3.8800025e+001  4.9100000e+000
  6.0500000e+000  3.9610410e+001  4.7200000e+000
  6.2500000e+000  4.0768103e+001  4.6400000e+000
  6.3100000e+000  4.1115411e+001  4.8200000e+000
  6.4500000e+000  4.1925793e+001  4.5600000e+000
  6.5100000e+000  4.2273095e+001  4.5600000e+000
  6.6500000e+000  4.3083468e+001  4.7500000e+000
  6.7100000e+000  4.3430770e+001  5.0300000e+000
  6.8500000e+000  4.4241142e+001  4.9300000e+000
  7.0500000e+000  4.5398817e+001  4.8200000e+000
  7.2500000e+000  4.6611276e+001  4.6200000e+000
  9.0500000e+000  6.0097243e+001  4.8800000e+000
  9.2500000e+000  6.1717998e+001  4.8400000e+000
  9.4500000e+000  6.3338743e+001  4.7200000e+000
  9.6500000e+000  6.4959508e+001  4.6000000e+000
  9.8500000e+000  6.6580288e+001  4.4000000e+000
  1.0050000e+001  6.8201109e+001  4.5700000e+000
  1.0250000e+001  6.9822031e+001  4.5000000e+000
  1.0450000e+001  7.1443964e+001  4.4600000e+000
  1.0650000e+001  7.3469629e+001  4.2000000e+000
  1.0850000e+001  7.5495393e+001  4.1600000e+000
  1.1050000e+001  7.7521101e+001  4.0900000e+000
  1.1250000e+001  7.9547571e+001  4.0300000e+000
  1.1450000e+001  8.1573506e+001  4.1300000e+000
  1.1650000e+001  8.3579425e+001  4.2300000e+000
  1.1850000e+001  8.5200347e+001  4.4800000e+000
  1.2050000e+001  8.6821268e+001  4.4400000e+000
  1.2250000e+001  8.8441921e+001  4.3700000e+000
  1.2370000e+001  8.9414262e+001  4.4500000e+000
  1.2450000e+001  9.0062489e+001  4.3100000e+000
  1.2570000e+001  9.1062991e+001  4.3100000e+000
  1.2650000e+001  9.1879128e+001  4.2200000e+000
  1.2770000e+001  9.3398833e+001  4.2900000e+000
  1.2850000e+001  9.4411970e+001  4.1100000e+000
  1.2970000e+001  9.5931675e+001  4.1400000e+000
  1.3050000e+001  9.6944707e+001  4.1400000e+000
  1.3170000e+001  9.8464063e+001  4.3300000e+000
  1.3250000e+001  9.9476967e+001  4.0300000e+000
  1.3370000e+001  1.0099632e+002  4.3000000e+000
  1.3450000e+001  1.0200945e+002  4.0500000e+000
  1.3520000e+001  1.0289596e+002  3.9600000e+000
  1.3570000e+001  1.0352919e+002  4.2700000e+000
  1.3620000e+001  1.0416241e+002  3.9900000e+000
  1.3650000e+001  1.0454234e+002  4.1400000e+000
  1.3720000e+001  1.0542886e+002  4.0100000e+000
  1.3770000e+001  1.0606200e+002  4.1900000e+000
  1.3820000e+001  1.0669505e+002  3.9200000e+000
  1.3850000e+001  1.0707488e+002  4.3800000e+000
  1.3920000e+001  1.0796116e+002  4.1400000e+000
  1.3970000e+001  1.0859421e+002  4.3800000e+000
  1.4020000e+001  1.0922726e+002  4.0900000e+000
  1.4050000e+001  1.0960709e+002  4.3600000e+000
  1.4070000e+001  1.0986031e+002  4.0800000e+000
  1.4120000e+001  1.1049334e+002  3.9800000e+000
  1.4170000e+001  1.1112626e+002  3.9400000e+000
  1.4220000e+001  1.1175917e+002  4.0800000e+000
  1.4230000e+001  1.1188575e+002  4.2000000e+000
  1.4270000e+001  1.1239209e+002  4.0000000e+000
  1.4320000e+001  1.1302500e+002  3.8800000e+000
  1.4410000e+001  1.1416425e+002  3.7900000e+000
  1.4570000e+001  1.1619014e+002  4.1300000e+000
  1.4670000e+001  1.1745658e+002  3.3400000e+000
  1.4770000e+001  1.1872303e+002  3.5500000e+000
  1.4790000e+001  1.1897632e+002  3.2800000e+000
  1.4870000e+001  1.1998940e+002  3.3700000e+000
  1.4970000e+001  1.2125550e+002  3.1800000e+000
  1.5170000e+001  1.2378770e+002  3.1600000e+000
  1.5220000e+001  1.2442078e+002  3.0500000e+000
  1.5270000e+001  1.2505401e+002  3.1600000e+000
  1.5320000e+001  1.2568723e+002  3.1200000e+000
  1.5370000e+001  1.2632046e+002  3.2300000e+000
  1.5420000e+001  1.2695368e+002  3.2700000e+000
  1.5470000e+001  1.2758690e+002  3.5700000e+000
  1.5520000e+001  1.2822013e+002  3.8500000e+000
  1.5570000e+001  1.2885335e+002  4.1700000e+000
  1.5620000e+001  1.2948643e+002  3.7300000e+000
  1.5770000e+001  1.3138559e+002  4.2400000e+000
  1.5970000e+001  1.3385429e+002  4.8100000e+000
  1.6370000e+001  1.3723081e+002  5.1900000e+000
  1.6450000e+001  1.3787917e+002  5.0400000e+000
  1.6650000e+001  1.3942086e+002  5.2300000e+000
  1.6840000e+001  1.4086401e+002  5.0400000e+000
  1.6850000e+001  1.4093997e+002  4.8700000e+000
  1.7050000e+001  1.4245998e+002  5.0800000e+000
  1.7250000e+001  1.4397994e+002  4.8700000e+000
  1.7450000e+001  1.4549904e+002  4.8500000e+000
  1.7650000e+001  1.4701826e+002  4.9600000e+000
  1.7850000e+001  1.4853778e+002  4.9200000e+000
  1.8050000e+001  1.5005736e+002  4.9200000e+000
  1.8250000e+001  1.5157701e+002  4.9200000e+000
  1.8450000e+001  1.5309658e+002  4.9400000e+000
  1.8650000e+001  1.5461610e+002  4.9800000e+000
  1.8850000e+001  1.5613530e+002  4.9700000e+000
  1.9050000e+001  1.5765440e+002  4.9700000e+000
  1.9250000e+001  1.5917403e+002  5.0100000e+000
  1.9450000e+001  1.6069366e+002  4.9500000e+000
  1.9650000e+001  1.6221318e+002  4.9000000e+000
  1.9850000e+001  1.6373258e+002  4.8300000e+000
  2.0250000e+001  1.6681760e+002  4.8400000e+000
  2.0450000e+001  1.6843848e+002  4.7800000e+000
  2.0650000e+001  1.7005930e+002  4.7100000e+000
  2.1050000e+001  1.7330035e+002  4.7700000e+000
  2.1250000e+001  1.7527908e+002  4.3400000e+000
  2.1440000e+001  1.7720397e+002  4.7900000e+000
  2.1650000e+001  1.7933048e+002  4.8400000e+000
  2.1850000e+001  1.8135621e+002  4.6900000e+000
  2.2250000e+001  1.8540910e+002  4.4700000e+000
  2.2650000e+001  1.9020408e+002  4.2900000e+000
  2.3050000e+001  1.9526962e+002  4.2300000e+000
  2.3250000e+001  1.9780196e+002  4.1500000e+000
  2.3450000e+001  2.0033416e+002  3.9400000e+000
  2.3650000e+001  2.0286704e+002  3.9400000e+000
  2.3850000e+001  2.0539984e+002  4.2400000e+000
  2.4050000e+001  2.0793204e+002  4.1200000e+000
  2.4250000e+001  2.1046446e+002  4.0900000e+000
  2.4450000e+001  2.1299736e+002  4.0800000e+000
  2.4650000e+001  2.1552993e+002  3.6500000e+000
  2.4840000e+001  2.1793552e+002  3.9400000e+000
  2.4850000e+001  2.1806213e+002  4.0300000e+000
  2.5050000e+001  2.2026595e+002  4.2900000e+000
  2.5240000e+001  2.2191482e+002  4.3200000e+000
  2.5250000e+001  2.2199586e+002  4.3900000e+000
  2.5360000e+001  2.2288734e+002  4.4900000e+000
  2.5840000e+001  2.2677696e+002  4.2600000e+000
  2.6040000e+001  2.2839752e+002  4.3300000e+000
  2.6230000e+001  2.2993735e+002  4.3200000e+000
  2.6440000e+001  2.3163927e+002  4.4000000e+000
  2.6580000e+001  2.3300878e+002  4.3600000e+000
  2.6640000e+001  2.3376865e+002  4.3700000e+000
  2.6650000e+001  2.3389529e+002  4.2200000e+000
  2.6775000e+001  2.3547835e+002  4.1000000e+000
  2.6840000e+001  2.3630154e+002  4.0600000e+000
  2.6900000e+001  2.3706141e+002  3.7800000e+000
  2.7025000e+001  2.3871964e+002  3.9000000e+000
  2.7040000e+001  2.3892221e+002  3.5700000e+000
  2.7140000e+001  2.4027264e+002  3.6600000e+000
  2.7200000e+001  2.4108291e+002  3.8800000e+000
  2.7240000e+001  2.4159803e+002  4.2500000e+000
  2.7440000e+001  2.4413024e+002  4.6500000e+000
  2.7640000e+001  2.4650229e+002  4.8200000e+000
  2.7840000e+001  2.4852863e+002  4.8300000e+000
  2.8040000e+001  2.5017257e+002  4.9700000e+000
  2.8240000e+001  2.5179353e+002  4.8900000e+000
  2.8440000e+001  2.5341443e+002  4.8200000e+000
  2.8640000e+001  2.5503531e+002  4.7100000e+000
  2.8840000e+001  2.5665606e+002  4.8300000e+000
  2.9040000e+001  2.5827658e+002  4.6600000e+000
  2.9240000e+001  2.5989713e+002  4.5700000e+000
  2.9440000e+001  2.6151801e+002  4.7600000e+000
  2.9640000e+001  2.6313889e+002  4.6900000e+000
  3.0040000e+001  2.6638001e+002  4.6800000e+000
  3.1840000e+001  2.8096693e+002  4.5500000e+000
  3.2040000e+001  2.8272379e+002  4.4900000e+000
  3.2240000e+001  2.8474999e+002  4.2300000e+000
  3.2440000e+001  2.8677519e+002  4.2300000e+000
  3.2640000e+001  2.8880168e+002  4.2200000e+000
  3.2840000e+001  2.9082761e+002  4.4100000e+000
  3.3040000e+001  2.9254712e+002  4.6400000e+000
  3.3240000e+001  2.9416764e+002  4.7300000e+000
  3.3440000e+001  2.9578833e+002  4.3400000e+000
  3.3630000e+001  2.9732816e+002  4.5800000e+000
  3.3640000e+001  2.9740921e+002  4.2900000e+000
  3.3830000e+001  2.9900031e+002  4.4400000e+000
  3.4030000e+001  3.0102652e+002  4.2300000e+000
  3.4040000e+001  3.0112783e+002  4.5100000e+000
  3.4230000e+001  3.0305207e+002  4.0300000e+000
  3.4240000e+001  3.0315327e+002  4.7200000e+000
  3.4430000e+001  3.0507893e+002  4.4100000e+000
  3.4630000e+001  3.0710666e+002  4.0500000e+000
  3.4640000e+001  3.0723327e+002  4.0100000e+000
  3.4830000e+001  3.0963887e+002  3.9000000e+000
  3.4840000e+001  3.0976548e+002  3.9400000e+000
  3.5030000e+001  3.1220042e+002  3.8000000e+000
  3.5040000e+001  3.1233551e+002  3.7400000e+000
  3.5240000e+001  3.1503737e+002  3.7300000e+000
  3.5430000e+001  3.1760393e+002  3.9500000e+000
  3.5440000e+001  3.1773901e+002  3.7700000e+000
  3.5630000e+001  3.2030522e+002  3.7800000e+000
  3.5640000e+001  3.2044027e+002  3.7600000e+000
  3.5830000e+001  3.2300615e+002  3.6100000e+000
  3.6030000e+001  3.2570800e+002  3.4100000e+000
  3.6230000e+001  3.2840919e+002  3.3800000e+000
  3.6430000e+001  3.3111007e+002  3.2400000e+000
  3.6630000e+001  3.3381094e+002  3.5400000e+000
  3.6830000e+001  3.3635559e+002  4.4500000e+000
  3.6920000e+001  3.3749540e+002  4.6600000e+000
  3.7030000e+001  3.3883858e+002  4.6800000e+000
  3.7230000e+001  3.4086378e+002  4.5900000e+000
  3.7320000e+001  3.4177557e+002  4.8500000e+000
  3.7520000e+001  3.4380177e+002  4.8000000e+000
  3.7920000e+001  3.4785419e+002  4.7100000e+000
  3.8120000e+001  3.4987939e+002  4.5200000e+000
  3.8520000e+001  3.5393180e+002  4.4600000e+000
  3.8720000e+001  3.5595800e+002  4.5100000e+000
  3.9120000e+001  3.6000941e+002  4.5300000e+000
  3.9320000e+001  3.6203562e+002  4.4500000e+000
  3.9720000e+001  3.6608702e+002  4.3200000e+000
  3.9920000e+001  3.6811322e+002  4.3500000e+000
  4.0320000e+001  3.7216564e+002  4.3000000e+000
  4.0520000e+001  3.7419084e+002  4.3400000e+000
  4.0920000e+001  3.7824325e+002  4.1800000e+000
  4.1120000e+001  3.8026945e+002  4.1000000e+000
  4.1520000e+001  3.8390585e+002  4.1600000e+000
  4.1720000e+001  3.8552716e+002  4.0200000e+000
  4.2120000e+001  3.8876842e+002  4.2100000e+000
  4.2720000e+001  3.9369409e+002  4.5700000e+000
  4.2920000e+001  3.9619121e+002  3.8500000e+000
  4.3320000e+001  4.0217802e+002  3.2500000e+000
  4.3520000e+001  4.0555548e+002  3.2200000e+000
  4.3920000e+001  4.1230803e+002  3.2800000e+000
  4.4120000e+001  4.1568465e+002  3.3600000e+000
  4.4520000e+001  4.2243787e+002  4.1500000e+000
  4.4720000e+001  4.2563218e+002  4.6400000e+000
  4.5120000e+001  4.3112079e+002  5.0500000e+000
  4.5350000e+001  4.3403282e+002  5.1100000e+000
  4.5550000e+001  4.3627763e+002  5.1200000e+000
  4.5750000e+001  4.3830307e+002  5.1200000e+000
  4.5920000e+001  4.4002607e+002  4.9400000e+000
  4.5950000e+001  4.4032968e+002  4.9500000e+000
  4.6150000e+001  4.4235548e+002  4.9800000e+000
  4.6350000e+001  4.4438169e+002  4.8800000e+000
  4.6550000e+001  4.4640689e+002  4.8400000e+000
  4.6750000e+001  4.4843376e+002  4.7200000e+000
  4.6950000e+001  4.5045930e+002  4.6300000e+000
  4.7150000e+001  4.5248550e+002  4.5100000e+000
  4.7350000e+001  4.5451070e+002  4.5400000e+000
  4.7430000e+001  4.5532118e+002  4.5300000e+000
  4.7550000e+001  4.5653784e+002  4.5500000e+000
  4.7630000e+001  4.5734745e+002  4.5100000e+000
  4.7750000e+001  4.5832929e+002  4.5100000e+000
  4.7950000e+001  4.5995026e+002  4.5600000e+000
  4.8030000e+001  4.6059864e+002  4.6600000e+000
  4.8230000e+001  4.6221954e+002  4.3700000e+000
  4.8630000e+001  4.6546116e+002  4.5700000e+000
  4.8830000e+001  4.6708168e+002  4.5100000e+000
  4.9230000e+001  4.7032312e+002  4.3400000e+000
  4.9430000e+001  4.7194400e+002  4.4400000e+000
  4.9830000e+001  4.7518511e+002  4.3500000e+000
  5.0030000e+001  4.7680582e+002  4.2400000e+000
  5.0430000e+001  4.8004758e+002  4.0100000e+000
  5.0630000e+001  4.8166846e+002  4.1600000e+000
  5.1030000e+001  4.8529486e+002  3.8700000e+000
  5.1230000e+001  4.8732007e+002  3.8000000e+000
  5.1630000e+001  4.9137210e+002  3.6800000e+000
  5.1830000e+001  4.9339868e+002  3.9800000e+000
  5.2230000e+001  4.9745008e+002  3.7000000e+000
  5.2430000e+001  4.9947565e+002  3.8700000e+000
  5.2830000e+001  5.0352797e+002  3.9000000e+000
  5.3030000e+001  5.0555390e+002  3.8600000e+000
  5.3430000e+001  5.0960631e+002  4.0600000e+000
  5.3630000e+001  5.1163206e+002  4.0700000e+000
  5.4030000e+001  5.1568309e+002  4.2800000e+000
  5.4230000e+001  5.1771013e+002  4.1600000e+000
  5.4630000e+001  5.2231298e+002  3.9700000e+000
  5.4830000e+001  5.2484495e+002  3.9500000e+000
  5.5230000e+001  5.2991045e+002  4.0600000e+000
  5.5430000e+001  5.3244266e+002  4.1300000e+000
  5.5830000e+001  5.3750817e+002  4.4400000e+000
  5.6030000e+001  5.4004054e+002  4.5600000e+000
  5.6090000e+001  5.4080020e+002  4.4800000e+000
  5.6290000e+001  5.4333257e+002  4.4700000e+000
  5.6430000e+001  5.4510559e+002  4.4500000e+000
  5.6490000e+001  5.4586546e+002  4.4400000e+000
  5.6590000e+001  5.4713191e+002  4.4314919e+000
  5.6630000e+001  5.4763842e+002  4.4300000e+000
  5.6690000e+001  5.4839808e+002  4.4300000e+000
  5.6890000e+001  5.5093029e+002  4.3100000e+000
  5.7090000e+001  5.5317561e+002  4.3100000e+000
  5.7290000e+001  5.5520104e+002  4.2900000e+000
  5.7490000e+001  5.5722765e+002  4.2600000e+000
  5.7690000e+001  5.5925346e+002  4.1500000e+000
  5.7890000e+001  5.6127966e+002  3.9800000e+000
  5.7990000e+001  5.6228001e+002  4.1642675e+000
  5.8090000e+001  5.6309044e+002  4.0900000e+000
  5.8240000e+001  5.6430610e+002  4.0913196e+000
  5.8490000e+001  5.6633222e+002  4.0336785e+000
  5.8740000e+001  5.6835842e+002  4.0626340e+000
  5.8990000e+001  5.7038458e+002  3.8873000e+000
  5.9240000e+001  5.7241068e+002  3.6635239e+000
  5.9490000e+001  5.7443655e+002  3.6980891e+000
  5.9740000e+001  5.7646220e+002  3.6265507e+000
  5.9990000e+001  5.7848816e+002  3.6694756e+000
  6.0240000e+001  5.8051426e+002  4.0895562e+000
  6.0490000e+001  5.8254036e+002  4.4832473e+000
  6.0740000e+001  5.8456644e+002  4.3952904e+000
  6.0990000e+001  5.8659210e+002  4.2891479e+000
  6.1240000e+001  5.8861784e+002  4.3124580e+000
  6.1490000e+001  5.9064394e+002  3.9840837e+000
  6.1740000e+001  5.9266987e+002  4.3049445e+000
  6.1990000e+001  5.9469553e+002  4.0735283e+000
  6.2240000e+001  5.9672142e+002  4.0061769e+000
  6.2490000e+001  5.9874752e+002  3.9575496e+000
  6.2740000e+001  6.0077369e+002  4.2119188e+000
  6.2990000e+001  6.0279989e+002  4.2159643e+000
  6.3240000e+001  6.0558886e+002  4.1280560e+000
  6.3490000e+001  6.0875494e+002  4.2099090e+000
  6.3740000e+001  6.1192020e+002  3.6365421e+000
  6.3990000e+001  6.1508595e+002  3.6624815e+000
  6.4240000e+001  6.1825198e+002  3.6973805e+000
  6.4490000e+001  6.2141723e+002  4.5667286e+000
  6.4740000e+001  6.2458305e+002  5.0228834e+000
  6.4990000e+001  6.2774901e+002  5.0729823e+000
  6.5240000e+001  6.3091427e+002  5.1100478e+000
  6.5440000e+001  6.3311986e+002  5.0658245e+000
  6.5480000e+001  6.3352510e+002  5.0871134e+000
  6.5590000e+001  6.3463955e+002  4.9778132e+000
  6.5840000e+001  6.3717250e+002  4.9627042e+000
  6.6090000e+001  6.3970503e+002  4.9326448e+000
  6.6340000e+001  6.4223678e+002  4.6021523e+000
  6.6590000e+001  6.4477054e+002  4.7615099e+000
  6.6840000e+001  6.4730229e+002  4.6680589e+000
  6.6850000e+001  6.4740360e+002  4.7342997e+000
  6.7100000e+001  6.4993535e+002  4.7717309e+000
  6.7350000e+001  6.5246912e+002  4.6917086e+000
  6.7600000e+001  6.5500087e+002  4.6395779e+000
  6.7850000e+001  6.5721463e+002  4.6871352e+000
  6.8100000e+001  6.5924073e+002  4.4706416e+000
  6.8350000e+001  6.6126647e+002  4.7306380e+000
  6.8600000e+001  6.6329213e+002  4.5795965e+000
  6.8850000e+001  6.6531821e+002  4.4101205e+000
  6.9100000e+001  6.6734425e+002  4.5527916e+000
  6.9350000e+001  6.6936990e+002  4.5642490e+000
  6.9600000e+001  6.7139569e+002  4.4222498e+000
  6.9850000e+001  6.7342179e+002  4.2943144e+000
  7.0100000e+001  6.7544794e+002  4.3479605e+000
  7.0350000e+001  6.7747414e+002  4.3372855e+000
  7.0600000e+001  6.7982368e+002  4.2541494e+000
  7.0850000e+001  6.8235621e+002  4.1897621e+000
  7.1100000e+001  6.8488844e+002  4.1856856e+000
  7.1350000e+001  6.8742026e+002  4.1045437e+000
  7.1600000e+001  6.8995395e+002  3.8067877e+000
  7.1850000e+001  6.9304103e+002  3.8110716e+000
  7.2600000e+001  7.0253707e+002  3.8040345e+000
  7.3100000e+001  7.0885948e+002  4.1750331e+000
  7.3350000e+001  7.1124923e+002  4.2266359e+000
  7.3600000e+001  7.1327489e+002  4.2565231e+000
  7.3850000e+001  7.1530074e+002  4.6404204e+000
  7.4100000e+001  7.1732684e+002  4.7869635e+000
  7.4350000e+001  7.1935267e+002  4.6258349e+000
  7.4600000e+001  7.2137832e+002  4.7844796e+000
  7.4850000e+001  7.2340432e+002  4.6700892e+000
  7.5210000e+001  7.2632190e+002  4.6351466e+000
  7.5460000e+001  7.2834800e+002  4.5525198e+000
  7.5710000e+001  7.3037385e+002  4.3849893e+000
  7.5960000e+001  7.3239950e+002  4.1974053e+000
  7.6210000e+001  7.3442588e+002  4.1982322e+000
  7.6460000e+001  7.3645253e+002  4.3559117e+000
  7.6650000e+001  7.3799212e+002  4.3179770e+000
  7.6670000e+001  7.3815417e+002  4.2767506e+000
  7.6920000e+001  7.4017983e+002  4.2191591e+000
  7.7170000e+001  7.4220589e+002  4.4383473e+000
  7.7420000e+001  7.4423195e+002  4.5621500e+000
  7.7670000e+001  7.4625760e+002  4.6791677e+000
  7.8170000e+001  7.5030947e+002  4.6410162e+000
  7.8420000e+001  7.5233538e+002  4.4303718e+000
  7.8670000e+001  7.5436104e+002  4.6041250e+000
  7.9170000e+001  7.5841304e+002  4.3840990e+000
  7.9420000e+001  7.6081852e+002  4.2960057e+000
  8.0170000e+001  7.6841579e+002  4.1424861e+000
  8.0920000e+001  7.7703872e+002  4.1415348e+000
  8.1170000e+001  7.8020397e+002  3.6501601e+000
  8.1670000e+001  7.8653575e+002  3.5860689e+000
  8.1920000e+001  7.8970101e+002  4.3446651e+000
  8.2170000e+001  7.9286692e+002  4.4689398e+000
  8.2420000e+001  7.9584679e+002  4.7144494e+000
  8.2670000e+001  7.9837934e+002  4.7287188e+000
  8.2920000e+001  8.0091135e+002  4.5646963e+000
  8.3170000e+001  8.0344486e+002  4.5142202e+000
  8.3420000e+001  8.0597661e+002  4.4107451e+000
  8.3670000e+001  8.0850836e+002  4.3712649e+000
  8.3720000e+001  8.0901491e+002  4.3736386e+000
  8.3920000e+001  8.1104212e+002  4.1699953e+000
  8.3970000e+001  8.1154867e+002  4.2679219e+000
  8.4220000e+001  8.1408042e+002  4.2180657e+000
  8.4470000e+001  8.1661217e+002  4.0547504e+000
  8.4720000e+001  8.1914594e+002  4.2726617e+000
  8.4910000e+001  8.2106984e+002  4.0013828e+000
  8.5000000e+001  8.2198162e+002  3.9274485e+000
  8.5220000e+001  8.2421007e+002  3.9212854e+000
  8.5470000e+001  8.2674321e+002  4.2245417e+000
  8.5720000e+001  8.2927513e+002  4.1082845e+000
  8.5970000e+001  8.3180771e+002  4.2011027e+000
  8.6220000e+001  8.3433975e+002  4.0285826e+000
  8.6360000e+001  8.3575881e+002  4.0760298e+000
  8.6410000e+001  8.3626536e+002  4.0884967e+000
  8.6560000e+001  8.3778427e+002  3.8670943e+000
  8.6670000e+001  8.3917698e+002  4.0350637e+000
  8.6860000e+001  8.4158257e+002  3.8526943e+000
  8.6870000e+001  8.4170918e+002  3.9159589e+000
  8.7060000e+001  8.4411524e+002  3.9582334e+000
  8.7070000e+001  8.4424189e+002  3.9527643e+000
  8.7260000e+001  8.4664814e+002  3.8485551e+000
  8.7270000e+001  8.4677478e+002  3.9144161e+000
  8.7460000e+001  8.4918046e+002  3.8490467e+000
  8.7470000e+001  8.4930707e+002  3.7286820e+000
  8.7660000e+001  8.5171266e+002  3.8734798e+000
  8.7670000e+001  8.5183931e+002  3.7982452e+000
  8.7860000e+001  8.5424556e+002  3.8122232e+000
  8.7870000e+001  8.5437221e+002  3.8995183e+000
  8.8060000e+001  8.5677834e+002  3.7153025e+000
  8.8130000e+001  8.5766461e+002  3.6136265e+000
  8.8360000e+001  8.6057665e+002  3.4471858e+000
  8.8560000e+001  8.6310943e+002  3.5970876e+000
  8.8760000e+001  8.6564232e+002  3.8650281e+000
  8.8830000e+001  8.6652859e+002  4.1375184e+000
  8.8960000e+001  8.6817453e+002  4.4752383e+000
  8.9130000e+001  8.7032689e+002  4.6213498e+000
  8.9160000e+001  8.7070664e+002  4.7281432e+000
  8.9330000e+001  8.7285855e+002  4.7654467e+000
  8.9360000e+001  8.7323829e+002  4.7212448e+000
  8.9560000e+001  8.7577038e+002  4.6987557e+000
  8.9860000e+001  8.7956972e+002  4.5436835e+000
  9.0060000e+001  8.8210192e+002  4.5957747e+000
  9.0260000e+001  8.8463425e+002  4.5898023e+000
  9.0460000e+001  8.8716715e+002  4.5879164e+000
  9.0660000e+001  8.8969980e+002  4.6380167e+000
  9.0860000e+001  8.9223201e+002  4.5261588e+000
  9.1060000e+001  8.9476457e+002  4.5796208e+000
  9.1360000e+001  8.9856379e+002  4.6511788e+000
  9.1560000e+001  9.0109599e+002  4.3357778e+000
  9.1760000e+001  9.0362844e+002  4.2161021e+000
  9.1840000e+001  9.0464160e+002  4.3328967e+000
  9.1960000e+001  9.0616134e+002  4.2858720e+000
  9.2160000e+001  9.0869388e+002  4.1643801e+000
  9.2360000e+001  9.1122608e+002  4.1637316e+000
  9.2440000e+001  9.1223891e+002  4.3361001e+000
  9.2640000e+001  9.1477057e+002  4.3583827e+000
  9.2840000e+001  9.1717139e+002  4.5989761e+000
  9.2860000e+001  9.1737423e+002  4.6507392e+000
  9.3040000e+001  9.1887247e+002  4.6410117e+000
  9.3060000e+001  9.1903452e+002  4.7121940e+000
  9.3240000e+001  9.2049299e+002  4.6259336e+000
  9.3260000e+001  9.2065505e+002  4.6371303e+000
  9.3460000e+001  9.2221404e+002  4.5048385e+000
  9.3540000e+001  9.2282207e+002  4.5153599e+000
  9.3660000e+001  9.2373411e+002  4.4668441e+000
  9.3740000e+001  9.2434196e+002  4.4987135e+000
  9.3860000e+001  9.2525342e+002  4.3860126e+000
  9.3940000e+001  9.2586106e+002  4.4482942e+000
  9.4060000e+001  9.2677253e+002  4.2037878e+000
  9.4320000e+001  9.2874736e+002  4.1739812e+000
  9.4360000e+001  9.2905118e+002  4.0799475e+000
  9.4540000e+001  9.3041887e+002  4.1346478e+000
  9.4560000e+001  9.3057088e+002  4.2322655e+000
  9.4740000e+001  9.3193894e+002  4.2574205e+000
  9.4960000e+001  9.3361026e+002  4.0429549e+000
  9.5040000e+001  9.3421790e+002  4.1124802e+000
  9.5280000e+001  9.3604105e+002  4.1498775e+000
  9.5640000e+001  9.3877626e+002  3.9888883e+000
  9.5880000e+001  9.4059984e+002  4.0214624e+000
  9.6040000e+001  9.4181547e+002  4.0192876e+000
  9.6240000e+001  9.4333499e+002  3.7575552e+000
  9.6780000e+001  9.4743733e+002  3.6826072e+000
  9.6940000e+001  9.4865338e+002  3.6660609e+000
  9.7120000e+001  9.5008121e+002  3.5371931e+000
  9.7140000e+001  9.5024326e+002  3.5796299e+000
  9.7320000e+001  9.5170174e+002  3.3348656e+000
  9.7380000e+001  9.5218789e+002  3.3728743e+000
  9.7520000e+001  9.5344599e+002  3.4257541e+000
  9.7740000e+001  9.5567388e+002  3.4744470e+000
  9.7820000e+001  9.5648525e+002  3.4099505e+000
  9.8020000e+001  9.5851051e+002  3.8350997e+000
  9.8220000e+001  9.6053671e+002  4.3623815e+000
  9.8420000e+001  9.6256242e+002  4.4310350e+000
  9.8620000e+001  9.6458879e+002  4.4197574e+000
  9.8820000e+001  9.6661446e+002  4.2747502e+000
  9.9320000e+001  9.7291287e+002  4.0838642e+000
  9.9520000e+001  9.7544577e+002  3.8716414e+000
  9.9720000e+001  9.7797813e+002  3.8275168e+000
  9.9920000e+001  9.8051033e+002  3.9914289e+000
  1.0012000e+002  9.8304449e+002  4.3680229e+000
  1.0032000e+002  9.8557809e+002  4.5985432e+000
  1.0052000e+002  9.8810615e+002  4.2136292e+000
  1.0082000e+002  9.9190360e+002  4.0992460e+000
  1.0102000e+002  9.9443858e+002  4.0889106e+000
  1.0122000e+002  9.9697355e+002  3.9179032e+000
  1.0142000e+002  9.9950798e+002  3.9976373e+000
  1.0162000e+002  1.0020382e+003  4.2650342e+000
  1.0182000e+002  1.0045684e+003  4.4595594e+000
  1.0202000e+002  1.0070985e+003  4.1591587e+000
  1.0232000e+002  1.0108987e+003  4.2310705e+000
  1.0252000e+002  1.0134334e+003  4.2029934e+000
  1.0270000e+002  1.0157092e+003  3.8151844e+000
  1.0272000e+002  1.0159620e+003  3.8254395e+000
  1.0292000e+002  1.0184926e+003  4.0077677e+000
  1.0310000e+002  1.0207746e+003  3.9707408e+000
  1.0312000e+002  1.0210281e+003  4.0012545e+000
  1.0330000e+002  1.0233101e+003  3.8061576e+000
  1.0332000e+002  1.0235637e+003  3.8193738e+000
  1.0350000e+002  1.0258456e+003  4.0464902e+000
  1.0352000e+002  1.0260992e+003  3.8986118e+000
  1.0370000e+002  1.0283775e+003  3.9291186e+000
  1.0390000e+002  1.0309061e+003  3.9678254e+000
  1.0402000e+002  1.0322827e+003  4.4276171e+000
  1.0420000e+002  1.0340960e+003  4.4244328e+000
  1.0422000e+002  1.0342982e+003  4.4555836e+000
  1.0440000e+002  1.0361278e+003  4.4007125e+000
  1.0442000e+002  1.0363300e+003  4.4323039e+000
  1.0460000e+002  1.0381500e+003  4.4768009e+000
  1.0462000e+002  1.0383518e+003  4.3270531e+000
  1.0480000e+002  1.0401815e+003  4.3286424e+000
  1.0482000e+002  1.0403837e+003  4.2464995e+000
  1.0500000e+002  1.0422034e+003  4.3521161e+000
  1.0502000e+002  1.0424055e+003  4.3510585e+000
  1.0520000e+002  1.0442352e+003  4.5583658e+000
  1.0532000e+002  1.0454483e+003  4.2234464e+000
  1.0540000e+002  1.0462570e+003  4.2226892e+000
  1.0552000e+002  1.0474702e+003  4.4124336e+000
  1.0570000e+002  1.0492998e+003  4.1885867e+000
  1.0572000e+002  1.0495000e+003  4.3159118e+000
  1.0593000e+002  1.0516249e+003  4.2819514e+000
  1.0610000e+002  1.0533535e+003  4.2164569e+000
  1.0630000e+002  1.0553705e+003  4.2696209e+000
  1.0650000e+002  1.0574043e+003  4.1320853e+000
  1.0670000e+002  1.0594280e+003  4.1192980e+000
  1.0676000e+002  1.0600355e+003  4.2334113e+000
  1.0690000e+002  1.0614515e+003  4.0149283e+000
  1.0696000e+002  1.0620647e+003  4.1408300e+000
  1.0716000e+002  1.0640885e+003  3.7732151e+000
  1.0720000e+002  1.0644936e+003  3.5973961e+000
  1.0736000e+002  1.0661110e+003  3.4725773e+000
  1.0740000e+002  1.0665154e+003  3.4018090e+000
  1.0756000e+002  1.0681357e+003  3.4975562e+000
  1.0760000e+002  1.0685445e+003  3.3964653e+000
  1.0776000e+002  1.0701647e+003  3.3926530e+000
  1.0780000e+002  1.0705690e+003  3.3409984e+000
  1.0796000e+002  1.0721865e+003  3.3423929e+000
  1.0800000e+002  1.0725918e+003  3.3627701e+000
  1.0820000e+002  1.0746227e+003  3.3053339e+000
  1.0826000e+002  1.0752293e+003  3.3411112e+000
  1.0840000e+002  1.0766446e+003  3.3572202e+000
  1.0846000e+002  1.0772522e+003  3.3457830e+000
  1.0866000e+002  1.0792830e+003  3.4931188e+000
  1.0886000e+002  1.0813048e+003  3.7825632e+000
  1.0906000e+002  1.0833300e+003  3.9614260e+000
  1.0926000e+002  1.0853585e+003  4.0681176e+000
  1.0946000e+002  1.0873900e+003  4.1775260e+000
  1.0976000e+002  1.0899892e+003  4.2217526e+000
  1.0996000e+002  1.0916093e+003  4.1983237e+000
  1.1016000e+002  1.0932327e+003  4.2269545e+000
  1.1036000e+002  1.0948572e+003  4.3130231e+000
  1.1056000e+002  1.0964795e+003  4.3437471e+000
  1.1076000e+002  1.0980996e+003  4.3930326e+000
  1.1096000e+002  1.0997197e+003  4.1578021e+000
  1.1126000e+002  1.1021498e+003  4.1630044e+000
  1.1146000e+002  1.1037713e+003  4.1379743e+000
  1.1166000e+002  1.1053950e+003  4.1052036e+000
  1.1186000e+002  1.1070624e+003  3.8851650e+000
  1.1206000e+002  1.1090784e+003  3.5839286e+000
  1.1226000e+002  1.1111121e+003  3.8664856e+000
  1.1246000e+002  1.1131300e+003  3.9412777e+000
  1.1276000e+002  1.1161800e+003  4.4233689e+000
  1.1296000e+002  1.1181948e+003  4.3003683e+000
  1.1316000e+002  1.1202286e+003  4.2744398e+000
  1.1336000e+002  1.1222523e+003  4.5973372e+000
  1.1356000e+002  1.1242779e+003  4.5762372e+000
  1.1376000e+002  1.1262998e+003  4.5115995e+000
  1.1396000e+002  1.1283316e+003  4.4957056e+000
  1.1416000e+002  1.1303535e+003  4.4143767e+000
  1.1426000e+002  1.1313688e+003  4.3553176e+000
  1.1436000e+002  1.1323853e+003  4.3218050e+000
  1.1446000e+002  1.1333900e+003  4.3200912e+000
  1.1456000e+002  1.1344043e+003  4.4402423e+000
  1.1466000e+002  1.1354180e+003  4.0791011e+000
  1.1476000e+002  1.1364380e+003  4.1620917e+000
  1.1486000e+002  1.1374499e+003  3.9820099e+000
  1.1506000e+002  1.1394717e+003  3.9652915e+000
  1.1526000e+002  1.1415000e+003  4.1787128e+000
  1.1530000e+002  1.1419000e+003  4.0390754e+000
  1.1546000e+002  1.1435254e+003  4.0470242e+000
  1.1566000e+002  1.1455545e+003  3.8293564e+000
  1.1576000e+002  1.1465600e+003  4.0898332e+000
  1.1590000e+002  1.1479835e+003  4.1340380e+000
  1.1596000e+002  1.1485900e+003  3.9606090e+000
  1.1606000e+002  1.1496009e+003  4.0404797e+000
  1.1616000e+002  1.1506118e+003  3.9319932e+000
  1.1626000e+002  1.1516255e+003  3.9166267e+000
  1.1656000e+002  1.1546700e+003  4.0503194e+000
  1.1680000e+002  1.1571423e+003  3.8889327e+000
  1.1726000e+002  1.1629619e+003  3.7585700e+000
  1.1746000e+002  1.1654974e+003  3.6886110e+000
  1.1766000e+002  1.1680329e+003  3.7079866e+000
  1.1779000e+002  1.1696810e+003  3.6603343e+000
  1.1786000e+002  1.1705684e+003  3.5674777e+000
  1.1799000e+002  1.1722099e+003  3.6567857e+000
  1.1816000e+002  1.1743546e+003  3.9412220e+000
  1.1819000e+002  1.1747331e+003  3.9500873e+000
  1.1839000e+002  1.1772649e+003  3.9188244e+000
  1.1840000e+002  1.1773916e+003  3.8728120e+000
  1.1856000e+002  1.1794201e+003  3.8880551e+000
  1.1859000e+002  1.1798004e+003  3.9398479e+000
  1.1876000e+002  1.1819556e+003  3.9177041e+000
  1.1879000e+002  1.1823359e+003  3.9653263e+000
  1.1896000e+002  1.1844911e+003  3.9349942e+000
  1.1899000e+002  1.1848711e+003  3.9552932e+000
  1.1916000e+002  1.1870205e+003  3.9502416e+000
  1.1929000e+002  1.1886641e+003  4.0173683e+000
  1.1949000e+002  1.1908454e+003  4.0678616e+000
  1.1969000e+002  1.1928645e+003  4.3746662e+000
  1.1989000e+002  1.1948982e+003  4.4844785e+000
  1.2009000e+002  1.1969210e+003  4.6293716e+000
  1.2029000e+002  1.1989455e+003  4.4333792e+000
  1.2049000e+002  1.2009692e+003  4.4404984e+000
  1.2079000e+002  1.2040147e+003  4.4691677e+000
  1.2099000e+002  1.2060385e+003  4.3391161e+000
  1.2119000e+002  1.2080610e+003  4.3919620e+000
  1.2139000e+002  1.2100857e+003  4.2881327e+000
  1.2159000e+002  1.2121195e+003  4.2112179e+000
  1.2179000e+002  1.2141365e+003  4.0935011e+000
  1.2199000e+002  1.2161684e+003  4.1996746e+000
  1.2229000e+002  1.2192022e+003  4.1909740e+000
  1.2249000e+002  1.2212330e+003  3.8617930e+000
  1.2269000e+002  1.2232548e+003  3.9180503e+000
  1.2289000e+002  1.2252800e+003  3.7476130e+000
  1.2309000e+002  1.2273085e+003  3.5886569e+000
  1.2329000e+002  1.2298080e+003  3.4993737e+000
  1.2349000e+002  1.2323429e+003  3.5047622e+000
  1.2379000e+002  1.2361358e+003  3.4470532e+000
  1.2399000e+002  1.2386697e+003  3.5386083e+000
  1.2403000e+002  1.2391768e+003  3.4480207e+000
  1.2419000e+002  1.2412052e+003  3.4259040e+000
  1.2423000e+002  1.2416400e+003  3.4965904e+000
  1.2439000e+002  1.2432604e+003  3.8959777e+000
  1.2443000e+002  1.2436648e+003  3.8291032e+000
  1.2459000e+002  1.2452501e+003  4.2643409e+000
  1.2463000e+002  1.2455741e+003  4.2664585e+000
  1.2479000e+002  1.2468702e+003  4.4551444e+000
  1.2483000e+002  1.2471942e+003  4.4688931e+000
  1.2503000e+002  1.2488143e+003  4.4886107e+000
  1.2549000e+002  1.2525405e+003  4.4640584e+000
  1.2553000e+002  1.2528645e+003  4.4977837e+000
  1.2554000e+002  1.2529455e+003  4.6080604e+000
  1.2569000e+002  1.2541606e+003  4.5698614e+000
  1.2573000e+002  1.2544846e+003  4.4566422e+000
  1.2579000e+002  1.2549706e+003  4.4801216e+000
  1.2589000e+002  1.2557807e+003  4.2840157e+000
  1.2593000e+002  1.2561047e+003  4.3086290e+000
  1.2609000e+002  1.2578373e+003  4.1610270e+000
  1.2613000e+002  1.2583444e+003  4.1329217e+000
  1.2629000e+002  1.2603728e+003  4.3748751e+000
  1.2656000e+002  1.2637957e+003  4.2950509e+000
  1.2699000e+002  1.2692394e+003  4.0282245e+000
  1.2703000e+002  1.2697451e+003  4.0520239e+000
  1.2704000e+002  1.2698716e+003  4.0293307e+000
  1.2719000e+002  1.2717684e+003  4.0272846e+000
  1.2729000e+002  1.2730334e+003  4.1253648e+000
  1.2739000e+002  1.2742985e+003  4.0104179e+000
  1.2743000e+002  1.2748045e+003  4.1055384e+000
  1.2754000e+002  1.2761957e+003  3.7940073e+000
  1.2763000e+002  1.2773336e+003  3.8167925e+000
  1.2779000e+002  1.2793565e+003  3.7729812e+000
  1.2783000e+002  1.2798622e+003  3.7923608e+000
  1.2804000e+002  1.2825232e+003  3.9626558e+000
  1.2829000e+002  1.2855525e+003  4.3538098e+000
  1.2854000e+002  1.2880835e+003  4.5650454e+000
  1.2879000e+002  1.2906209e+003  4.4461734e+000
  1.2904000e+002  1.2931463e+003  4.0213404e+000
  1.2929000e+002  1.2956854e+003  4.2974548e+000
  1.2954000e+002  1.2982127e+003  4.3284624e+000
  1.2979000e+002  1.3007400e+003  4.1612594e+000
  1.3006000e+002  1.3034795e+003  4.1411884e+000
  1.3026000e+002  1.3055026e+003  4.1267414e+000
  1.3054000e+002  1.3083419e+003  4.2802644e+000
  1.3079000e+002  1.3108785e+003  3.8996608e+000
  1.3104000e+002  1.3134065e+003  3.7323301e+000
  1.3129000e+002  1.3159438e+003  3.7153280e+000
  1.3154000e+002  1.3184711e+003  3.9327309e+000
  1.3179000e+002  1.3210084e+003  4.2436738e+000
  1.3204000e+002  1.3235357e+003  4.1764164e+000
  1.3229000e+002  1.3260659e+003  4.2559075e+000
  1.3254000e+002  1.3286004e+003  4.2968569e+000
  1.3279000e+002  1.3311352e+003  4.2777831e+000
  1.3304000e+002  1.3336700e+003  4.2534163e+000
  1.3329000e+002  1.3362022e+003  4.2791521e+000
  1.3354000e+002  1.3387300e+003  4.3186483e+000
  1.3379000e+002  1.3412667e+003  4.2536273e+000
  1.3404000e+002  1.3437940e+003  4.0883141e+000
  1.3429000e+002  1.3463313e+003  3.8385487e+000
  1.3454000e+002  1.3488674e+003  3.7304137e+000
  1.3479000e+002  1.3513919e+003  3.5185220e+000
  1.3504000e+002  1.3539333e+003  3.5180657e+000
  1.3529000e+002  1.3564605e+003  3.4775903e+000
  1.3554000e+002  1.3589900e+003  3.4724627e+000
  1.3579000e+002  1.3615251e+003  3.6967511e+000
  1.3594000e+002  1.3630500e+003  4.0332723e+000
  1.3604000e+002  1.3640524e+003  4.1174970e+000
  1.3619000e+002  1.3655776e+003  4.2748613e+000
  1.3629000e+002  1.3665897e+003  4.2657380e+000
  1.3647000e+002  1.3684093e+003  4.3912845e+000
  1.3656000e+002  1.3693285e+003  4.3203020e+000
  1.3671000e+002  1.3708455e+003  4.3842735e+000
  1.3679000e+002  1.3716543e+003  4.3219562e+000
  1.3695000e+002  1.3732735e+003  4.1483111e+000
  1.3719000e+002  1.3757000e+003  4.3725152e+000
  1.3744000e+002  1.3782405e+003  4.1667337e+000
  1.3766000e+002  1.3804600e+003  4.3162689e+000
  1.3797000e+002  1.3836100e+003  4.0671358e+000
  1.3821000e+002  1.3860393e+003  4.0093660e+000
  1.3845000e+002  1.3884700e+003  3.7913675e+000
  1.3869000e+002  1.3909017e+003  3.7016737e+000
  1.3894000e+002  1.3934290e+003  3.7264605e+000
  1.3919000e+002  1.3959663e+003  3.6030438e+000
  1.3947000e+002  1.3988038e+003  3.6687689e+000
  1.3971000e+002  1.4012332e+003  3.7194824e+000
  1.3995000e+002  1.4034885e+003  3.9242470e+000
  1.4019000e+002  1.4054326e+003  4.1117034e+000
  1.4044000e+002  1.4074578e+003  4.2690544e+000
  1.4069000e+002  1.4094829e+003  4.3484282e+000
  1.4097000e+002  1.4117543e+003  4.3777990e+000
  1.4121000e+002  1.4137027e+003  4.3818479e+000
  1.4145000e+002  1.4156473e+003  4.1024635e+000
  1.4169000e+002  1.4175914e+003  4.0833383e+000
  1.4194000e+002  1.4196218e+003  4.0482812e+000
  1.4216000e+002  1.4214086e+003  3.9607406e+000
  1.4247000e+002  1.4239197e+003  3.8391232e+000
  1.4271000e+002  1.4258638e+003  3.6960669e+000
  1.4295000e+002  1.4278079e+003  3.6779203e+000
  1.4319000e+002  1.4297521e+003  3.5242419e+000
  1.4344000e+002  1.4317772e+003  3.4707024e+000
  1.4369000e+002  1.4338023e+003  3.4806736e+000
  1.4378000e+002  1.4345313e+003  3.4916036e+000
  1.4397000e+002  1.4360704e+003  3.4049199e+000
  1.4401000e+002  1.4364426e+003  3.2986205e+000
  1.4421000e+002  1.4384700e+003  3.4447348e+000
  1.4428000e+002  1.4391721e+003  3.3259337e+000
  1.4445000e+002  1.4409007e+003  3.4688590e+000
  1.4452000e+002  1.4416083e+003  3.4461110e+000
  1.4478000e+002  1.4442434e+003  3.5044889e+000
  1.4503000e+002  1.4467740e+003  3.4686697e+000
  1.4528000e+002  1.4493113e+003  3.4087112e+000
  1.4540000e+002  1.4505200e+003  3.6205325e+000
  1.4552000e+002  1.4517349e+003  3.5419605e+000
  1.4564000e+002  1.4529511e+003  4.4009743e+000
  1.4578000e+002  1.4543759e+003  4.1307926e+000
  1.4588000e+002  1.4553800e+003  4.3895955e+000
  1.4602000e+002  1.4568021e+003  4.5221558e+000
  1.4612000e+002  1.4578159e+003  4.2780900e+000
  1.4628000e+002  1.4594309e+003  4.3730569e+000
  1.4637000e+002  1.4603579e+003  4.1213932e+000
  1.4659000e+002  1.4631394e+003  3.9175665e+000
  1.4690000e+002  1.4670645e+003  4.3320293e+000
  1.4714000e+002  1.4701057e+003  3.5604200e+000
  1.4738000e+002  1.4731401e+003  3.5238457e+000
  1.4762000e+002  1.4761797e+003  3.4189024e+000
  1.4787000e+002  1.4793491e+003  3.5204723e+000
  1.4801000e+002  1.4811239e+003  3.5410550e+000
  1.4812000e+002  1.4825185e+003  3.5113640e+000
  1.4826000e+002  1.4842912e+003  3.4860888e+000
  1.4840000e+002  1.4860613e+003  3.5096128e+000
  1.4851000e+002  1.4874520e+003  3.5018370e+000
  1.4876000e+002  1.4906142e+003  3.4678957e+000
  1.4888000e+002  1.4921322e+003  4.0655355e+000
  1.4901000e+002  1.4935785e+003  4.3977385e+000
  1.4926000e+002  1.4961216e+003  4.5302987e+000
  1.4951000e+002  1.4986532e+003  4.5641379e+000
  1.4976000e+002  1.5011804e+003  4.3617640e+000
  1.5001000e+002  1.5037177e+003  4.3459406e+000
  1.5026000e+002  1.5062450e+003  4.1834064e+000
  1.5038000e+002  1.5076481e+003  4.1904168e+000
  1.5051000e+002  1.5092962e+003  4.1895747e+000
  1.5079000e+002  1.5128460e+003  4.0486474e+000
  1.5104000e+002  1.5160153e+003  3.8823178e+000
  1.5129000e+002  1.5191760e+003  3.7331848e+000
  1.5154000e+002  1.5223415e+003  3.7452302e+000
  1.5179000e+002  1.5255102e+003  3.8507457e+000
  1.5204000e+002  1.5286710e+003  4.0845618e+000
  1.5229000e+002  1.5314466e+003  4.5268044e+000
  1.5254000e+002  1.5339800e+003  4.4834876e+000
  1.5279000e+002  1.5365124e+003  4.4445505e+000
  1.5304000e+002  1.5390486e+003  4.3828697e+000
  1.5329000e+002  1.5415816e+003  4.4010258e+000
  1.5354000e+002  1.5441132e+003  4.3173132e+000
  1.5379000e+002  1.5466500e+003  4.1777740e+000
  1.5404000e+002  1.5491777e+003  4.0603261e+000
  1.5429000e+002  1.5517050e+003  4.0320978e+000
  1.5454000e+002  1.5542446e+003  3.7769172e+000
  1.5479000e+002  1.5567696e+003  3.8978994e+000
  1.5504000e+002  1.5593069e+003  3.9339275e+000
  1.5529000e+002  1.5618384e+003  3.8304775e+000
  1.5556000e+002  1.5645737e+003  3.6756780e+000
  1.5579000e+002  1.5669076e+003  3.6935387e+000
  1.5582000e+002  1.5672100e+003  3.7443669e+000
  1.5604000e+002  1.5694361e+003  3.9384172e+000
  1.5635000e+002  1.5720195e+003  4.3228297e+000
  1.5659000e+002  1.5739636e+003  4.3317227e+000
  1.5683000e+002  1.5759077e+003  4.3180614e+000
  1.5707000e+002  1.5778518e+003  4.2504683e+000
  1.5732000e+002  1.5798769e+003  4.2367749e+000
  1.5757000e+002  1.5819021e+003  4.1145697e+000
  1.5785000e+002  1.5841702e+003  4.1846271e+000
  1.5809000e+002  1.5864899e+003  3.9620612e+000
  1.5833000e+002  1.5889200e+003  3.9200625e+000
  1.5857000e+002  1.5913546e+003  4.0847030e+000
  1.5882000e+002  1.5938796e+003  3.8167977e+000
  1.5907000e+002  1.5964238e+003  3.8410997e+000
  1.5935000e+002  1.5992575e+003  3.7127016e+000
  1.5959000e+002  1.6016837e+003  3.6144247e+000
  1.5983000e+002  1.6041199e+003  3.6521139e+000
  1.6007000e+002  1.6065461e+003  3.6931739e+000
  1.6032000e+002  1.6090800e+003  3.8649719e+000
  1.6054000e+002  1.6113074e+003  3.9307673e+000
  1.6085000e+002  1.6144424e+003  4.0749063e+000
  1.6104000e+002  1.6163740e+003  4.0908861e+000
  1.6133000e+002  1.6193137e+003  3.9956689e+000
  1.6182000e+002  1.6242772e+003  3.8597932e+000
  1.6207000e+002  1.6268045e+003  4.0749154e+000
  1.6224000e+002  1.6286040e+003  4.0551143e+000
  1.6249000e+002  1.6317648e+003  3.7314079e+000
  1.6276000e+002  1.6353408e+003  3.7233043e+000
  1.6300000e+002  1.6385832e+003  3.7832603e+000
  1.6326000e+002  1.6420908e+003  3.8510766e+000
  1.6354000e+002  1.6461087e+003  3.9816310e+000
  1.6375000e+002  1.6495712e+003  4.1980152e+000
  1.6401000e+002  1.6539540e+003  4.3330836e+000
  1.6426000e+002  1.6581799e+003  4.3353519e+000
  1.6451000e+002  1.6624073e+003  4.4304962e+000
  1.6474000e+002  1.6662880e+003  4.2996278e+000
  1.6496000e+002  1.6700000e+003  4.2066641e+000
