  9.5590000e+001  2.1000000e+003  3.6000000e+000
  9.5710000e+001  2.1040360e+003  3.6300000e+000
  9.5860000e+001  2.1090816e+003  3.9400000e+000
  9.6010000e+001  2.1141288e+003  3.9600000e+000
  9.6160000e+001  2.1191745e+003  3.7500000e+000
  9.6310000e+001  2.1241196e+003  3.4700000e+000
  9.6460000e+001  2.1281092e+003  3.4300000e+000
  9.6610000e+001  2.1318942e+003  3.4600000e+000
  9.6760000e+001  2.1355796e+003  3.6500000e+000
  9.6910000e+001  2.1391832e+003  3.4100000e+000
  9.7080000e+001  2.1428273e+003  3.4500000e+000
  9.7230000e+001  2.1457114e+003  3.9200000e+000
  9.7360000e+001  2.1481373e+003  4.1400000e+000
  9.7510000e+001  2.1508400e+003  4.5000000e+000
  9.7660000e+001  2.1533622e+003  4.4000000e+000
  9.7810000e+001  2.1555252e+003  4.5400000e+000
  9.7960000e+001  2.1576879e+003  4.2400000e+000
  9.8110000e+001  2.1598501e+003  4.0200000e+000
  9.8260000e+001  2.1620123e+003  3.7600000e+000
  9.8410000e+001  2.1641744e+003  4.3100000e+000
  9.8560000e+001  2.1663380e+003  3.7900000e+000
  9.8710000e+001  2.1685002e+003  3.7700000e+000
  9.8860000e+001  2.1706623e+003  3.8250000e+000
  9.9010000e+001  2.1728245e+003  3.7500000e+000
  9.9160000e+001  2.1752538e+003  3.5900000e+000
  9.9310000e+001  2.1779573e+003  3.5400000e+000
  9.9460000e+001  2.1806605e+003  3.4600000e+000
  9.9610000e+001  2.1833632e+003  3.5600000e+000
  9.9760000e+001  2.1860669e+003  3.6000000e+000
  9.9910000e+001  2.1887722e+003  3.6200000e+000
  1.0006000e+002  2.1914763e+003  3.7700000e+000
  1.0021000e+002  2.1941772e+003  3.7900000e+000
  1.0038000e+002  2.1972383e+003  3.9500000e+000
  1.0051000e+002  2.1995792e+003  4.0100000e+000
  1.0066000e+002  2.2022813e+003  3.9200000e+000
  1.0083000e+002  2.2053523e+003  3.7600000e+000
  1.0096000e+002  2.2077001e+003  3.6700000e+000
  1.0111000e+002  2.2104010e+003  3.5700000e+000
  1.0126000e+002  2.2131020e+003  3.7000000e+000
  1.0141000e+002  2.2158030e+003  3.8400000e+000
  1.0156000e+002  2.2185039e+003  3.7700000e+000
  1.0171000e+002  2.2212049e+003  3.8000000e+000
  1.0186000e+002  2.2239059e+003  3.5300000e+000
  1.0187000e+002  2.2240859e+003  3.7400000e+000
  1.0189000e+002  2.2244465e+003  3.3700000e+000
  1.0201000e+002  2.2266142e+003  3.6500000e+000
  1.0202000e+002  2.2267948e+003  3.4300000e+000
  1.0216000e+002  2.2293239e+003  3.8100000e+000
  1.0217000e+002  2.2295045e+003  3.3400000e+000
  1.0231000e+002  2.2320268e+003  3.5200000e+000
  1.0232000e+002  2.2322068e+003  3.4800000e+000
  1.0246000e+002  2.2347277e+003  4.0000000e+000
  1.0247000e+002  2.2349078e+003  3.4500000e+000
  1.0262000e+002  2.2376087e+003  3.4200000e+000
  1.0277000e+002  2.2403097e+003  4.0150000e+000
  1.0292000e+002  2.2430107e+003  4.0700000e+000
  1.0307000e+002  2.2457116e+003  3.4900000e+000
  1.0322000e+002  2.2484181e+003  3.8400000e+000
  1.0352000e+002  2.2539282e+003  3.7000000e+000
  1.0367000e+002  2.2568000e+003  3.6100000e+000
  1.0382000e+002  2.2600516e+003  3.1200000e+000
  1.0397000e+002  2.2636450e+003  3.1900000e+000
  1.0412000e+002  2.2672501e+003  3.5300000e+000
  1.0427000e+002  2.2708553e+003  3.7300000e+000
  1.0442000e+002  2.2744604e+003  3.9200000e+000
  1.0457000e+002  2.2780656e+003  3.9900000e+000
  1.0472000e+002  2.2816707e+003  3.9900000e+000
  1.0487000e+002  2.2852759e+003  4.0550000e+000
  1.0502000e+002  2.2888810e+003  3.8200000e+000
  1.0517000e+002  2.2924862e+003  3.4300000e+000
  1.0532000e+002  2.2958492e+003  3.3400000e+000
  1.0547000e+002  2.2990926e+003  3.3000000e+000
  1.0562000e+002  2.3021336e+003  3.5200000e+000
  1.0577000e+002  2.3050177e+003  3.6300000e+000
  1.0592000e+002  2.3079018e+003  3.6000000e+000
  1.0607000e+002  2.3107859e+003  3.6600000e+000
  1.0622000e+002  2.3136700e+003  3.1400000e+000
  1.0637000e+002  2.3165542e+003  3.7600000e+000
  1.0652000e+002  2.3194383e+003  3.9200000e+000
  1.0667000e+002  2.3223224e+003  3.9100000e+000
  1.0682000e+002  2.3252065e+003  3.8400000e+000
  1.0697000e+002  2.3280875e+003  3.5000000e+000
  1.0712000e+002  2.3309593e+003  3.6300000e+000
  1.0727000e+002  2.3338397e+003  4.0000000e+000
  1.0757000e+002  2.3396079e+003  3.3800000e+000
  1.0772000e+002  2.3424920e+003  3.3800000e+000
  1.0787000e+002  2.3453761e+003  3.8100000e+000
  1.0802000e+002  2.3482603e+003  3.7700000e+000
  1.0817000e+002  2.3510565e+003  4.1300000e+000
  1.0832000e+002  2.3537574e+003  3.9300000e+000
  1.0847000e+002  2.3562473e+003  4.1400000e+000
  1.0862000e+002  2.3582466e+003  3.9000000e+000
  1.0877000e+002  2.3599786e+003  3.8200000e+000
  1.0892000e+002  2.3617105e+003  3.5200000e+000
  1.0924000e+002  2.3653968e+003  4.0500000e+000
  1.0939000e+002  2.3672727e+003  4.1000000e+000
  1.0954000e+002  2.3698768e+003  4.0700000e+000
  1.0969000e+002  2.3725777e+003  3.8200000e+000
  1.0984000e+002  2.3754142e+003  3.6300000e+000
  1.0999000e+002  2.3783631e+003  3.8800000e+000
  1.1007000e+002  2.3800862e+003  3.5200000e+000
  1.1014000e+002  2.3816488e+003  3.7200000e+000
  1.1022000e+002  2.3835715e+003  3.3700000e+000
  1.1029000e+002  2.3852539e+003  3.5000000e+000
  1.1044000e+002  2.3889708e+003  3.3500000e+000
  1.1059000e+002  2.3927644e+003  3.7400000e+000
  1.1074000e+002  2.3965515e+003  3.5200000e+000
  1.1089000e+002  2.4003329e+003  4.0050000e+000
  1.1104000e+002  2.4041142e+003  4.1000000e+000
  1.1119000e+002  2.4078956e+003  3.7100000e+000
  1.1134000e+002  2.4116769e+003  3.3800000e+000
  1.1149000e+002  2.4154583e+003  3.3400000e+000
  1.1164000e+002  2.4192434e+003  4.1900000e+000
  1.1179000e+002  2.4230369e+003  3.6600000e+000
  1.1194000e+002  2.4268275e+003  3.6100000e+000
  1.1209000e+002  2.4306089e+003  4.0200000e+000
  1.1224000e+002  2.4343902e+003  4.5000000e+000
  1.1254000e+002  2.4419529e+003  4.1300000e+000
  1.1269000e+002  2.4457343e+003  4.3900000e+000
  1.1284000e+002  2.4495273e+003  4.0100000e+000
  1.1298000e+002  2.4539008e+003  3.3700000e+000
  1.1299000e+002  2.4542373e+003  3.8750000e+000
  1.1313000e+002  2.4589480e+003  3.3700000e+000
  1.1314000e+002  2.4592845e+003  3.5100000e+000
  1.1328000e+002  2.4639761e+003  3.4400000e+000
  1.1329000e+002  2.4643111e+003  3.4900000e+000
  1.1343000e+002  2.4690088e+003  3.6800000e+000
  1.1344000e+002  2.4693452e+003  3.4800000e+000
  1.1358000e+002  2.4740560e+003  3.8300000e+000
  1.1359000e+002  2.4743924e+003  3.6500000e+000
  1.1373000e+002  2.4784232e+003  4.1300000e+000
  1.1374000e+002  2.4786752e+003  4.0700000e+000
  1.1388000e+002  2.4822045e+003  4.5600000e+000
  1.1389000e+002  2.4824566e+003  3.9400000e+000
  1.1403000e+002  2.4859530e+003  4.4300000e+000
  1.1418000e+002  2.4895581e+003  4.0800000e+000
  1.1433000e+002  2.4931633e+003  3.9200000e+000
  1.1448000e+002  2.4967684e+003  3.7900000e+000
  1.1463000e+002  2.5003736e+003  3.4800000e+000
  1.1478000e+002  2.5037815e+003  3.4500000e+000
  1.1493000e+002  2.5068436e+003  3.5900000e+000
  1.1508000e+002  2.5097277e+003  3.7100000e+000
  1.1523000e+002  2.5124490e+003  3.8300000e+000
  1.1538000e+002  2.5151587e+003  4.0500000e+000
  1.1553000e+002  2.5173867e+003  4.6000000e+000
  1.1568000e+002  2.5195491e+003  4.4300000e+000
  1.1583000e+002  2.5217087e+003  4.4800000e+000
  1.1598000e+002  2.5238769e+003  4.1200000e+000
  1.1613000e+002  2.5260364e+003  4.2200000e+000
  1.1628000e+002  2.5282902e+003  4.2600000e+000
  1.1643000e+002  2.5309911e+003  4.2000000e+000
  1.1658000e+002  2.5336921e+003  3.9900000e+000
  1.1673000e+002  2.5363931e+003  3.8800000e+000
  1.1688000e+002  2.5390942e+003  3.5300000e+000
  1.1703000e+002  2.5418039e+003  3.3800000e+000
  1.1718000e+002  2.5445135e+003  3.2500000e+000
  1.1733000e+002  2.5472149e+003  3.3800000e+000
  1.1748000e+002  2.5499159e+003  3.2200000e+000
  1.1763000e+002  2.5526168e+003  3.5700000e+000
  1.1778000e+002  2.5553178e+003  3.3800000e+000
  1.1793000e+002  2.5580188e+003  3.4800000e+000
  1.1808000e+002  2.5607197e+003  3.7500000e+000
  1.1823000e+002  2.5634271e+003  3.7300000e+000
  1.1838000e+002  2.5661368e+003  3.6600000e+000
  1.1853000e+002  2.5688406e+003  3.7500000e+000
  1.1866000e+002  2.5711815e+003  3.6200000e+000
  1.1868000e+002  2.5715416e+003  3.5600000e+000
  1.1881000e+002  2.5738824e+003  3.6800000e+000
  1.1883000e+002  2.5742426e+003  3.5900000e+000
  1.1896000e+002  2.5765834e+003  3.6400000e+000
  1.1898000e+002  2.5769435e+003  3.4800000e+000
  1.1911000e+002  2.5792844e+003  3.5450000e+000
  1.1913000e+002  2.5796445e+003  3.6600000e+000
  1.1926000e+002  2.5819853e+003  3.5700000e+000
  1.1928000e+002  2.5823455e+003  3.3350000e+000
  1.1941000e+002  2.5846890e+003  3.4300000e+000
  1.1956000e+002  2.5873987e+003  3.3900000e+000
  1.1971000e+002  2.5901062e+003  3.5000000e+000
  1.1986000e+002  2.5928072e+003  3.5700000e+000
  1.2001000e+002  2.5954133e+003  3.6800000e+000
  1.2016000e+002  2.5975815e+003  3.7700000e+000
  1.2031000e+002  2.5997382e+003  3.9900000e+000
  1.2046000e+002  2.6019036e+003  3.6900000e+000
  1.2061000e+002  2.6040582e+003  4.2500000e+000
  1.2076000e+002  2.6062256e+003  3.6100000e+000
  1.2091000e+002  2.6083927e+003  4.1100000e+000
  1.2106000e+002  2.6105477e+003  3.7100000e+000
  1.2121000e+002  2.6127159e+003  3.8100000e+000
  1.2136000e+002  2.6148800e+003  3.8700000e+000
  1.2138000e+002  2.6151709e+003  3.5800000e+000
  1.2151000e+002  2.6175048e+003  3.5300000e+000
  1.2166000e+002  2.6202058e+003  3.5200000e+000
  1.2181000e+002  2.6229068e+003  3.3800000e+000
  1.2196000e+002  2.6256077e+003  3.4100000e+000
  1.2211000e+002  2.6283087e+003  3.4300000e+000
  1.2226000e+002  2.6310096e+003  3.6100000e+000
  1.2241000e+002  2.6337161e+003  3.5600000e+000
  1.2256000e+002  2.6364258e+003  3.6700000e+000
  1.2271000e+002  2.6388205e+003  3.8250000e+000
  1.2286000e+002  2.6409887e+003  3.8500000e+000
  1.2301000e+002  2.6431426e+003  3.8700000e+000
  1.2316000e+002  2.6453091e+003  4.0200000e+000
  1.2331000e+002  2.6474646e+003  3.8700000e+000
  1.2346000e+002  2.6496328e+003  3.6600000e+000
  1.2361000e+002  2.6517964e+003  3.4000000e+000
  1.2368000e+002  2.6528062e+003  3.7000000e+000
  1.2376000e+002  2.6539549e+003  3.3600000e+000
  1.2376000e+002  2.6539549e+003  3.3900000e+000
  1.2391000e+002  2.6565497e+003  3.3600000e+000
  1.2406000e+002  2.6592594e+003  3.4050000e+000
  1.2413000e+002  2.6605222e+003  3.3800000e+000
  1.2421000e+002  2.6619627e+003  3.4350000e+000
  1.2428000e+002  2.6632232e+003  3.3500000e+000
  1.2436000e+002  2.6646637e+003  3.2250000e+000
  1.2443000e+002  2.6659241e+003  3.4200000e+000
  1.2451000e+002  2.6673646e+003  3.3850000e+000
  1.2458000e+002  2.6686251e+003  3.5300000e+000
  1.2466000e+002  2.6700656e+003  3.3600000e+000
  1.2473000e+002  2.6713260e+003  3.6500000e+000
  1.2481000e+002  2.6727666e+003  3.3400000e+000
  1.2488000e+002  2.6740270e+003  3.5000000e+000
  1.2496000e+002  2.6754675e+003  3.3200000e+000
  1.2503000e+002  2.6767280e+003  3.5100000e+000
  1.2518000e+002  2.6794289e+003  3.5300000e+000
  1.2533000e+002  2.6821299e+003  3.3800000e+000
  1.2548000e+002  2.6848387e+003  3.8800000e+000
  1.2563000e+002  2.6875484e+003  3.9100000e+000
  1.2578000e+002  2.6902508e+003  3.8800000e+000
  1.2593000e+002  2.6929518e+003  4.1400000e+000
  1.2608000e+002  2.6956527e+003  3.8400000e+000
  1.2623000e+002  2.6983537e+003  3.8600000e+000
  1.2638000e+002  2.7010547e+003  3.7600000e+000
  1.2653000e+002  2.7037556e+003  3.8600000e+000
  1.2668000e+002  2.7064619e+003  3.8500000e+000
  1.2683000e+002  2.7091716e+003  3.8100000e+000
  1.2698000e+002  2.7115774e+003  4.2100000e+000
  1.2713000e+002  2.7137455e+003  4.1300000e+000
  1.2728000e+002  2.7158995e+003  4.1900000e+000
  1.2743000e+002  2.7180677e+003  4.0800000e+000
  1.2758000e+002  2.7202327e+003  4.0000000e+000
  1.2773000e+002  2.7223897e+003  3.9000000e+000
  1.2788000e+002  2.7245527e+003  3.8300000e+000
  1.2803000e+002  2.7267118e+003  3.5800000e+000
  1.2818000e+002  2.7288800e+003  3.7500000e+000
  1.2822000e+002  2.7294544e+003  3.5000000e+000
  1.2833000e+002  2.7310400e+003  3.2600000e+000
  1.2837000e+002  2.7316218e+003  3.5300000e+000
  1.2848000e+002  2.7332021e+003  3.1200000e+000
  1.2852000e+002  2.7337764e+003  2.9800000e+000
  1.2863000e+002  2.7357265e+003  3.5400000e+000
  1.2867000e+002  2.7364490e+003  3.1450000e+000
  1.2878000e+002  2.7384361e+003  3.2300000e+000
  1.2882000e+002  2.7391587e+003  3.3000000e+000
  1.2912000e+002  2.7445618e+003  3.1700000e+000
  1.2927000e+002  2.7472628e+003  3.1700000e+000
  1.2938000e+002  2.7492435e+003  3.3400000e+000
  1.2942000e+002  2.7499637e+003  3.3100000e+000
  1.2957000e+002  2.7526647e+003  3.4200000e+000
  1.2972000e+002  2.7553657e+003  3.3700000e+000
  1.2987000e+002  2.7580723e+003  3.4250000e+000
  1.3002000e+002  2.7607819e+003  3.6300000e+000
  1.3017000e+002  2.7634866e+003  3.6600000e+000
  1.3032000e+002  2.7661875e+003  3.1400000e+000
  1.3047000e+002  2.7688885e+003  2.7000000e+000
  1.3062000e+002  2.7715895e+003  3.4800000e+000
  1.3077000e+002  2.7742904e+003  3.0600000e+000
  1.3092000e+002  2.7769914e+003  3.3200000e+000
  1.3107000e+002  2.7795055e+003  3.1700000e+000
  1.3122000e+002  2.7816636e+003  3.2400000e+000
  1.3137000e+002  2.7838318e+003  3.1600000e+000
  1.3152000e+002  2.7859856e+003  3.4100000e+000
  1.3167000e+002  2.7881538e+003  3.3100000e+000
  1.3182000e+002  2.7903127e+003  3.4300000e+000
  1.3197000e+002  2.7924759e+003  3.4600000e+000
  1.3212000e+002  2.7946441e+003  3.4400000e+000
  1.3227000e+002  2.7968000e+003  3.3900000e+000
  1.3242000e+002  2.7989662e+003  3.4900000e+000
  1.3257000e+002  2.8011344e+003  3.7950000e+000
  1.3272000e+002  2.8032882e+003  3.9700000e+000
  1.3287000e+002  2.8054545e+003  3.9500000e+000
  1.3302000e+002  2.8076103e+003  3.9000000e+000
  1.3317000e+002  2.8097785e+003  3.7300000e+000
  1.3332000e+002  2.8119418e+003  3.6600000e+000
  1.3347000e+002  2.8141005e+003  3.6500000e+000
  1.3362000e+002  2.8162687e+003  3.7100000e+000
  1.3377000e+002  2.8184291e+003  3.3900000e+000
  1.3392000e+002  2.8205908e+003  3.7400000e+000
  1.3407000e+002  2.8227491e+003  3.3000000e+000
  1.3422000e+002  2.8249128e+003  3.2600000e+000
  1.3435000e+002  2.8267927e+003  3.3500000e+000
  1.3437000e+002  2.8270810e+003  3.3600000e+000
  1.3450000e+002  2.8289477e+003  3.2400000e+000
  1.3452000e+002  2.8292364e+003  3.3300000e+000
  1.3455000e+002  2.8296727e+003  3.3300000e+000
  1.3467000e+002  2.8314031e+003  3.2400000e+000
  1.3469000e+002  2.8316903e+003  3.3900000e+000
  1.3482000e+002  2.8335709e+003  3.3100000e+000
  1.3495000e+002  2.8354379e+003  3.4900000e+000
  1.3497000e+002  2.8357251e+003  3.3300000e+000
  1.3510000e+002  2.8372487e+003  3.5000000e+000
  1.3512000e+002  2.8374796e+003  3.3600000e+000
  1.3525000e+002  2.8389806e+003  3.6100000e+000
  1.3527000e+002  2.8392115e+003  3.5200000e+000
  1.3540000e+002  2.8407116e+003  3.5700000e+000
  1.3542000e+002  2.8409419e+003  3.5900000e+000
  1.3555000e+002  2.8424391e+003  3.5900000e+000
  1.3570000e+002  2.8441666e+003  3.6000000e+000
  1.3585000e+002  2.8458969e+003  3.4700000e+000
  1.3600000e+002  2.8476289e+003  3.5650000e+000
  1.3615000e+002  2.8493606e+003  3.5600000e+000
  1.3630000e+002  2.8510881e+003  3.4300000e+000
  1.3645000e+002  2.8528156e+003  3.4400000e+000
  1.3660000e+002  2.8545452e+003  3.3600000e+000
  1.3675000e+002  2.8562771e+003  3.4200000e+000
  1.3690000e+002  2.8580091e+003  3.4250000e+000
  1.3705000e+002  2.8597410e+003  3.3700000e+000
  1.3720000e+002  2.8614730e+003  3.2500000e+000
  1.3735000e+002  2.8632037e+003  3.2450000e+000
  1.3750000e+002  2.8649312e+003  3.2800000e+000
  1.3765000e+002  2.8666587e+003  3.3400000e+000
  1.3780000e+002  2.8683893e+003  3.2700000e+000
  1.3810000e+002  2.8718528e+003  3.2500000e+000
  1.3825000e+002  2.8735803e+003  3.2900000e+000
  1.3840000e+002  2.8753078e+003  3.4400000e+000
  1.3855000e+002  2.8770375e+003  3.3900000e+000
  1.3870000e+002  2.8787695e+003  3.5500000e+000
  1.3883000e+002  2.8802705e+003  3.6200000e+000
  1.3900000e+002  2.8822293e+003  3.5500000e+000
  1.3905000e+002  2.8828051e+003  3.5000000e+000
  1.3915000e+002  2.8839568e+003  3.5900000e+000
  1.3920000e+002  2.8845326e+003  3.4500000e+000
  1.3930000e+002  2.8856858e+003  3.4500000e+000
  1.3935000e+002  2.8862631e+003  3.5600000e+000
  1.3945000e+002  2.8874177e+003  3.5200000e+000
  1.3950000e+002  2.8879951e+003  3.5500000e+000
  1.3960000e+002  2.8891497e+003  3.5400000e+000
  1.3965000e+002  2.8897267e+003  3.4400000e+000
  1.3975000e+002  2.8908784e+003  3.5000000e+000
  1.3980000e+002  2.8914542e+003  3.4200000e+000
  1.3990000e+002  2.8926059e+003  3.4100000e+000
  1.3995000e+002  2.8931817e+003  3.3550000e+000
  1.4010000e+002  2.8949113e+003  3.3700000e+000
  1.4025000e+002  2.8966433e+003  3.3100000e+000
  1.4040000e+002  2.8983753e+003  3.1700000e+000
  1.4055000e+002  2.9001072e+003  3.2650000e+000
  1.4070000e+002  2.9018392e+003  3.2800000e+000
  1.4085000e+002  2.9035698e+003  3.1900000e+000
  1.4100000e+002  2.9052973e+003  3.2800000e+000
  1.4115000e+002  2.9070248e+003  3.1900000e+000
  1.4130000e+002  2.9087555e+003  3.3300000e+000
  1.4145000e+002  2.9104874e+003  3.3150000e+000
  1.4160000e+002  2.9122188e+003  3.2800000e+000
  1.4175000e+002  2.9139463e+003  3.3800000e+000
  1.4190000e+002  2.9156738e+003  3.2500000e+000
  1.4205000e+002  2.9176431e+003  3.4200000e+000
  1.4220000e+002  2.9197969e+003  3.6200000e+000
  1.4235000e+002  2.9219651e+003  3.3500000e+000
  1.4250000e+002  2.9241190e+003  3.6000000e+000
  1.4265000e+002  2.9262872e+003  3.5800000e+000
  1.4280000e+002  2.9284509e+003  3.5500000e+000
  1.4295000e+002  2.9306092e+003  3.7800000e+000
  1.4310000e+002  2.9327774e+003  3.4600000e+000
  1.4325000e+002  2.9349382e+003  3.3300000e+000
  1.4340000e+002  2.9370995e+003  3.2400000e+000
  1.4355000e+002  2.9392677e+003  2.9600000e+000
  1.4370000e+002  2.9414215e+003  2.9500000e+000
  1.4385000e+002  2.9435897e+003  2.9200000e+000
  1.4400000e+002  2.9457455e+003  3.0800000e+000
  1.4415000e+002  2.9479118e+003  2.8600000e+000
  1.4430000e+002  2.9500800e+003  2.8100000e+000
  1.4445000e+002  2.9522338e+003  2.7350000e+000
  1.4460000e+002  2.9544021e+003  3.1200000e+000
  1.4475000e+002  2.9565559e+003  3.1200000e+000
  1.4490000e+002  2.9587241e+003  3.0100000e+000
  1.4505000e+002  2.9608873e+003  3.2500000e+000
  1.4520000e+002  2.9630462e+003  3.3500000e+000
  1.4535000e+002  2.9652144e+003  3.2600000e+000
  1.4550000e+002  2.9673745e+003  3.2800000e+000
  1.4553000e+002  2.9678109e+003  3.5500000e+000
  1.4565000e+002  2.9695364e+003  3.3100000e+000
  1.4568000e+002  2.9699672e+003  3.4100000e+000
  1.4580000e+002  2.9717046e+003  3.3000000e+000
  1.4583000e+002  2.9721354e+003  3.4000000e+000
  1.4595000e+002  2.9738585e+003  3.3300000e+000
  1.4598000e+002  2.9742892e+003  3.4200000e+000
  1.4610000e+002  2.9760267e+003  3.4400000e+000
  1.4613000e+002  2.9764574e+003  3.3400000e+000
  1.4625000e+002  2.9781818e+003  3.4300000e+000
  1.4628000e+002  2.9786182e+003  3.5200000e+000
  1.4640000e+002  2.9803487e+003  3.4500000e+000
  1.4643000e+002  2.9807795e+003  3.5400000e+000
  1.4658000e+002  2.9829477e+003  3.4900000e+000
  1.4673000e+002  2.9851055e+003  3.3700000e+000
  1.4688000e+002  2.9872697e+003  3.3200000e+000
  1.4703000e+002  2.9894379e+003  3.3300000e+000
  1.4718000e+002  2.9915918e+003  3.2500000e+000
  1.4733000e+002  2.9937600e+003  3.3300000e+000
  1.4748000e+002  2.9954875e+003  3.1600000e+000
  1.4763000e+002  2.9972150e+003  3.3400000e+000
  1.4778000e+002  2.9989443e+003  3.4400000e+000
  1.4793000e+002  3.0006763e+003  3.5400000e+000
  1.4808000e+002  3.0024082e+003  3.5600000e+000
  1.4823000e+002  3.0041366e+003  3.3700000e+000
  1.4838000e+002  3.0058641e+003  3.5700000e+000
  1.4853000e+002  3.0075926e+003  3.3500000e+000
  1.4868000e+002  3.0093245e+003  3.2600000e+000
  1.4883000e+002  3.0110565e+003  3.7100000e+000
  1.4898000e+002  3.0127885e+003  3.8000000e+000
  1.4913000e+002  3.0145204e+003  3.4400000e+000
  1.4928000e+002  3.0162521e+003  3.3800000e+000
  1.4943000e+002  3.0179796e+003  3.4900000e+000
  1.4958000e+002  3.0197071e+003  3.4200000e+000
  1.4973000e+002  3.0214367e+003  3.5800000e+000
  1.4988000e+002  3.0231687e+003  3.7400000e+000
  1.5003000e+002  3.0249006e+003  3.6100000e+000
  1.5018000e+002  3.0266287e+003  3.6700000e+000
  1.5033000e+002  3.0283562e+003  3.0900000e+000
  1.5063000e+002  3.0323713e+003  3.4100000e+000
  1.5078000e+002  3.0345395e+003  3.2500000e+000
  1.5093000e+002  3.0366933e+003  3.3800000e+000
  1.5108000e+002  3.0388615e+003  3.3200000e+000
  1.5138000e+002  3.0431836e+003  3.6000000e+000
  1.5153000e+002  3.0453518e+003  3.5800000e+000
  1.5168000e+002  3.0475056e+003  3.5800000e+000
  1.5183000e+002  3.0496738e+003  3.5000000e+000
  1.5198000e+002  3.0518400e+003  3.3700000e+000
  1.5213000e+002  3.0539959e+003  3.3250000e+000
  1.5228000e+002  3.0561600e+003  3.1100000e+000
  1.5243000e+002  3.0583179e+003  3.2800000e+000
  1.5258000e+002  3.0604862e+003  3.2400000e+000
  1.5273000e+002  3.0626473e+003  3.2800000e+000
  1.5288000e+002  3.0648082e+003  3.0400000e+000
  1.5292000e+002  3.0653826e+003  2.9330000e+000
  1.5303000e+002  3.0673548e+003  3.3000000e+000
  1.5307000e+002  3.0680774e+003  3.3300000e+000
  1.5318000e+002  3.0700645e+003  3.2300000e+000
  1.5322000e+002  3.0707871e+003  3.3300000e+000
  1.5333000e+002  3.0727686e+003  3.2100000e+000
  1.5337000e+002  3.0734889e+003  3.2400000e+000
  1.5348000e+002  3.0754696e+003  3.0400000e+000
  1.5352000e+002  3.0761898e+003  2.7300000e+000
  1.5363000e+002  3.0781705e+003  3.2800000e+000
  1.5367000e+002  3.0788908e+003  3.1900000e+000
  1.5382000e+002  3.0815918e+003  2.9100000e+000
  1.5397000e+002  3.0842927e+003  2.7030000e+000
  1.5412000e+002  3.0869937e+003  3.3000000e+000
  1.5427000e+002  3.0896947e+003  3.3000000e+000
  1.5442000e+002  3.0923956e+003  3.0500000e+000
  1.5457000e+002  3.0951019e+003  3.2800000e+000
  1.5457000e+002  3.0951019e+003  3.3270000e+000
  1.5472000e+002  3.0978116e+003  3.5970000e+000
  1.5487000e+002  3.1005165e+003  3.3800000e+000
  1.5502000e+002  3.1032175e+003  3.2600000e+000
  1.5553000e+002  3.1119774e+003  3.2900000e+000
  1.5568000e+002  3.1141313e+003  3.3900000e+000
  1.5583000e+002  3.1162995e+003  3.4000000e+000
  1.5598000e+002  3.1184582e+003  3.4000000e+000
  1.5613000e+002  3.1206215e+003  3.4400000e+000
  1.5628000e+002  3.1227897e+003  3.4500000e+000
  1.5643000e+002  3.1249455e+003  3.3400000e+000
  1.5658000e+002  3.1271118e+003  3.4500000e+000
  1.5673000e+002  3.1292800e+003  3.5500000e+000
  1.5703000e+002  3.1336000e+003  3.6900000e+000
  1.5718000e+002  3.1357559e+003  3.6300000e+000
  1.5733000e+002  3.1379241e+003  3.7100000e+000
  1.5748000e+002  3.1400873e+003  3.3250000e+000
  1.5763000e+002  3.1422462e+003  2.9300000e+000
  1.5778000e+002  3.1444144e+003  3.3200000e+000
  1.5793000e+002  3.1465745e+003  3.4100000e+000
  1.5808000e+002  3.1487364e+003  3.1800000e+000
  1.5823000e+002  3.1508945e+003  3.2300000e+000
  1.5838000e+002  3.1530585e+003  3.0300000e+000
  1.5853000e+002  3.1552267e+003  3.0400000e+000
  1.5868000e+002  3.1573818e+003  3.1600000e+000
  1.5876000e+002  3.1585436e+003  3.2200000e+000
  1.5883000e+002  3.1595487e+003  3.2300000e+000
  1.5891000e+002  3.1606982e+003  3.1500000e+000
  1.5898000e+002  3.1617164e+003  2.8500000e+000
  1.5906000e+002  3.1628656e+003  3.2100000e+000
  1.5913000e+002  3.1638708e+003  3.4050000e+000
  1.5921000e+002  3.1650327e+003  3.2800000e+000
  1.5936000e+002  3.1671877e+003  3.0500000e+000
  1.5951000e+002  3.1693527e+003  3.2900000e+000
  1.5966000e+002  3.1715097e+003  3.3300000e+000
  1.5981000e+002  3.1736779e+003  3.2800000e+000
  1.6011000e+002  3.1780000e+003  3.2700000e+000
  1.6026000e+002  3.1801682e+003  3.3300000e+000
  1.6041000e+002  3.1823273e+003  3.3000000e+000
  1.6056000e+002  3.1844903e+003  3.2600000e+000
  1.6071000e+002  3.1866473e+003  3.3400000e+000
  1.6086000e+002  3.1888123e+003  3.2700000e+000
  1.6101000e+002  3.1909805e+003  3.3400000e+000
  1.6116000e+002  3.1931345e+003  3.3400000e+000
  1.6131000e+002  3.1953026e+003  3.3100000e+000
  1.6146000e+002  3.1974691e+003  3.2300000e+000
  1.6161000e+002  3.1998544e+003  3.1700000e+000
  1.6176000e+002  3.2025554e+003  3.2100000e+000
  1.6191000e+002  3.2052563e+003  3.1800000e+000
  1.6206000e+002  3.2079573e+003  3.1500000e+000
  1.6221000e+002  3.2106606e+003  3.1700000e+000
  1.6236000e+002  3.2133703e+003  3.2500000e+000
  1.6241000e+002  3.2142735e+003  3.1800000e+000
  1.6256000e+002  3.2169785e+003  3.1900000e+000
  1.6271000e+002  3.2196795e+003  3.0900000e+000
  1.6286000e+002  3.2223805e+003  3.2000000e+000
  1.6301000e+002  3.2250814e+003  3.3300000e+000
  1.6316000e+002  3.2277824e+003  3.3500000e+000
  1.6331000e+002  3.2304833e+003  3.3300000e+000
  1.6346000e+002  3.2331871e+003  3.3600000e+000
  1.6361000e+002  3.2358968e+003  3.3100000e+000
  1.6376000e+002  3.2386042e+003  3.3500000e+000
  1.6381000e+002  3.2395046e+003  3.2100000e+000
  1.6396000e+002  3.2422055e+003  3.1500000e+000
  1.6426000e+002  3.2476075e+003  3.3000000e+000
  1.6441000e+002  3.2503084e+003  3.1600000e+000
  1.6456000e+002  3.2530094e+003  3.1300000e+000
  1.6471000e+002  3.2557135e+003  3.1600000e+000
  1.6486000e+002  3.2584232e+003  3.3200000e+000
  1.6501000e+002  3.2611303e+003  3.2500000e+000
  1.6516000e+002  3.2638313e+003  3.3800000e+000
  1.6521000e+002  3.2647316e+003  3.4000000e+000
  1.6536000e+002  3.2671262e+003  3.4500000e+000
  1.6551000e+002  3.2692944e+003  3.2100000e+000
  1.6561000e+002  3.2707303e+003  3.2100000e+000
  1.6576000e+002  3.2728985e+003  3.2500000e+000
  1.6591000e+002  3.2750545e+003  3.1900000e+000
  1.6606000e+002  3.2772205e+003  3.1600000e+000
  1.6619000e+002  3.2790982e+003  3.4300000e+000
  1.6621000e+002  3.2793887e+003  3.2100000e+000
  1.6632000e+002  3.2808716e+003  3.4900000e+000
  1.6636000e+002  3.2813322e+003  3.2600000e+000
  1.6638000e+002  3.2815626e+003  3.4400000e+000
  1.6651000e+002  3.2830597e+003  3.2700000e+000
  1.6654000e+002  3.2834052e+003  3.6800000e+000
  1.6666000e+002  3.2847872e+003  3.3600000e+000
  1.6668000e+002  3.2850177e+003  3.4800000e+000
  1.6684000e+002  3.2868652e+003  3.7900000e+000
  1.6699000e+002  3.2885971e+003  3.8500000e+000
  1.6713000e+002  3.2902136e+003  3.7800000e+000
  1.6728000e+002  3.2919456e+003  4.3200000e+000
  1.6743000e+002  3.2936775e+003  3.7700000e+000
  1.6758000e+002  3.2954057e+003  3.7500000e+000
  1.6773000e+002  3.2971332e+003  3.7300000e+000
  1.6788000e+002  3.2988619e+003  3.6050000e+000
  1.6801000e+002  3.3003629e+003  3.8200000e+000
  1.6818000e+002  3.3023258e+003  3.8400000e+000
  1.6833000e+002  3.3040547e+003  3.7500000e+000
  1.6848000e+002  3.3057822e+003  3.4900000e+000
  1.6863000e+002  3.3075101e+003  3.4600000e+000
  1.6878000e+002  3.3092421e+003  3.3600000e+000
  1.6893000e+002  3.3109740e+003  3.1700000e+000
  1.6908000e+002  3.3127038e+003  3.1200000e+000
  1.6923000e+002  3.3144313e+003  3.2800000e+000
  1.6938000e+002  3.3161588e+003  3.2550000e+000
  1.6953000e+002  3.3178903e+003  3.2500000e+000
  1.6968000e+002  3.3196223e+003  3.2600000e+000
  1.6985000e+002  3.3215852e+003  3.3500000e+000
  1.6998000e+002  3.3230862e+003  3.4200000e+000
  1.7013000e+002  3.3248181e+003  3.5300000e+000
  1.7028000e+002  3.3265468e+003  3.3200000e+000
  1.7043000e+002  3.3282743e+003  3.3900000e+000
  1.7058000e+002  3.3300025e+003  3.4200000e+000
  1.7074000e+002  3.3318499e+003  3.5300000e+000
  1.7088000e+002  3.3334664e+003  3.4800000e+000
  1.7103000e+002  3.3351959e+003  3.3900000e+000
  1.7118000e+002  3.3369234e+003  3.5100000e+000
  1.7133000e+002  3.3386509e+003  3.2300000e+000
  1.7148000e+002  3.3403827e+003  3.5000000e+000
  1.7163000e+002  3.3421146e+003  3.5400000e+000
  1.7178000e+002  3.3438449e+003  3.3700000e+000
  1.7193000e+002  3.3455724e+003  3.3200000e+000
  1.7208000e+002  3.3472999e+003  3.3000000e+000
  1.7223000e+002  3.3490309e+003  3.3500000e+000
  1.7238000e+002  3.3507629e+003  3.2500000e+000
  1.7253000e+002  3.3524940e+003  3.3000000e+000
  1.7268000e+002  3.3542215e+003  3.2500000e+000
  1.7284000e+002  3.3560642e+003  3.2900000e+000
  1.7298000e+002  3.3576792e+003  3.2900000e+000
  1.7313000e+002  3.3594111e+003  3.2200000e+000
  1.7328000e+002  3.3611431e+003  3.2800000e+000
  1.7343000e+002  3.3628751e+003  3.1350000e+000
  1.7358000e+002  3.3646070e+003  3.1200000e+000
  1.7373000e+002  3.3663371e+003  3.0400000e+000
  1.7388000e+002  3.3680646e+003  3.1000000e+000
  1.7403000e+002  3.3697921e+003  3.0500000e+000
  1.7418000e+002  3.3715233e+003  3.0900000e+000
  1.7433000e+002  3.3732553e+003  3.4000000e+000
  1.7448000e+002  3.3749861e+003  3.5200000e+000
  1.7463000e+002  3.3767136e+003  3.6700000e+000
  1.7478000e+002  3.3784411e+003  3.5700000e+000
  1.7493000e+002  3.3801715e+003  3.4100000e+000
  1.7499000e+002  3.3808643e+003  3.3400000e+000
  1.7508000e+002  3.3819035e+003  3.4700000e+000
  1.7514000e+002  3.3825963e+003  3.1500000e+000
  1.7529000e+002  3.3843262e+003  3.2400000e+000
  1.7544000e+002  3.3860537e+003  3.3300000e+000
  1.7559000e+002  3.3877812e+003  3.1100000e+000
  1.7574000e+002  3.3895126e+003  3.0700000e+000
  1.7589000e+002  3.3912445e+003  3.2500000e+000
  1.7604000e+002  3.3929752e+003  3.1400000e+000
  1.7619000e+002  3.3947027e+003  3.2500000e+000
  1.7664000e+002  3.3998928e+003  3.2400000e+000
  1.7679000e+002  3.4016247e+003  3.2200000e+000
  1.7694000e+002  3.4033567e+003  3.3100000e+000
  1.7702000e+002  3.4042804e+003  3.2400000e+000
  1.7724000e+002  3.4068183e+003  3.2700000e+000
  1.7739000e+002  3.4085458e+003  3.2100000e+000
  1.7769000e+002  3.4120049e+003  3.0400000e+000
  1.7784000e+002  3.4137369e+003  3.1000000e+000
  1.7799000e+002  3.4154674e+003  3.1300000e+000
  1.7814000e+002  3.4171949e+003  3.1300000e+000
  1.7829000e+002  3.4189224e+003  3.3000000e+000
  1.7844000e+002  3.4206532e+003  3.1700000e+000
  1.7859000e+002  3.4223852e+003  3.0900000e+000
  1.7874000e+002  3.4241164e+003  3.1200000e+000
  1.7889000e+002  3.4258439e+003  3.3600000e+000
  1.7904000e+002  3.4275714e+003  3.0500000e+000
  1.7919000e+002  3.4293014e+003  3.0900000e+000
  1.7934000e+002  3.4310334e+003  3.2100000e+000
  1.7941000e+002  3.4318416e+003  3.2800000e+000
  1.7949000e+002  3.4327654e+003  3.2500000e+000
  1.7956000e+002  3.4335736e+003  3.1100000e+000
  1.7971000e+002  3.4353056e+003  3.0300000e+000
  1.7986000e+002  3.4370375e+003  3.0500000e+000
  1.8001000e+002  3.4387657e+003  2.9900000e+000
  1.8016000e+002  3.4404932e+003  3.1000000e+000
  1.8031000e+002  3.4422219e+003  3.1600000e+000
  1.8046000e+002  3.4439538e+003  3.0700000e+000
  1.8057000e+002  3.4452239e+003  3.1800000e+000
  1.8076000e+002  3.4474147e+003  3.2200000e+000
  1.8091000e+002  3.4491422e+003  3.0950000e+000
  1.8104000e+002  3.4506394e+003  3.2400000e+000
  1.8121000e+002  3.4526021e+003  3.2800000e+000
  1.8136000e+002  3.4543340e+003  3.2700000e+000
  1.8151000e+002  3.4560638e+003  3.2400000e+000
  1.8166000e+002  3.4577913e+003  3.4100000e+000
  1.8181000e+002  3.4595188e+003  3.4600000e+000
  1.8196000e+002  3.4612503e+003  3.4800000e+000
  1.8211000e+002  3.4629823e+003  3.5000000e+000
  1.8226000e+002  3.4647128e+003  3.3100000e+000
  1.8241000e+002  3.4664403e+003  3.2700000e+000
  1.8254000e+002  3.4679375e+003  3.2500000e+000
  1.8271000e+002  3.4698986e+003  3.3100000e+000
  1.8286000e+002  3.4716305e+003  3.1800000e+000
  1.8301000e+002  3.4733625e+003  3.1800000e+000
  1.8316000e+002  3.4750944e+003  2.9900000e+000
  1.8331000e+002  3.4768264e+003  3.0200000e+000
  1.8346000e+002  3.4785559e+003  2.9500000e+000
  1.8361000e+002  3.4802834e+003  3.0200000e+000
  1.8376000e+002  3.4820109e+003  2.8000000e+000
  1.8391000e+002  3.4837427e+003  2.8000000e+000
  1.8406000e+002  3.4854746e+003  2.9100000e+000
  1.8421000e+002  3.4872049e+003  2.9600000e+000
  1.8436000e+002  3.4889324e+003  2.9800000e+000
  1.8451000e+002  3.4906599e+003  3.0700000e+000
  1.8466000e+002  3.4923909e+003  2.9900000e+000
  1.8481000e+002  3.4941229e+003  3.0600000e+000
  1.8496000e+002  3.4958540e+003  3.0150000e+000
  1.8511000e+002  3.4975815e+003  3.1500000e+000
  1.8541000e+002  3.5010392e+003  3.0850000e+000
  1.8556000e+002  3.5027711e+003  3.2400000e+000
  1.8571000e+002  3.5045030e+003  3.2200000e+000
  1.8586000e+002  3.5062305e+003  3.1700000e+000
  1.8592000e+002  3.5069215e+003  3.2600000e+000
  1.8607000e+002  3.5086490e+003  3.1700000e+000
  1.8616000e+002  3.5096874e+003  3.1000000e+000
  1.8622000e+002  3.5103802e+003  3.2300000e+000
  1.8631000e+002  3.5114194e+003  3.0600000e+000
  1.8637000e+002  3.5121122e+003  3.1700000e+000
  1.8646000e+002  3.5131513e+003  3.1900000e+000
  1.8667000e+002  3.5155761e+003  3.1400000e+000
  1.8682000e+002  3.5173080e+003  3.1200000e+000
  1.8697000e+002  3.5190371e+003  3.1500000e+000
  1.8712000e+002  3.5207646e+003  3.1900000e+000
  1.8727000e+002  3.5224924e+003  3.0500000e+000
  1.8742000e+002  3.5242243e+003  3.0700000e+000
  1.8757000e+002  3.5259563e+003  3.0500000e+000
  1.8772000e+002  3.5276862e+003  3.0100000e+000
  1.8787000e+002  3.5294137e+003  3.0700000e+000
  1.8802000e+002  3.5311412e+003  3.0600000e+000
  1.8817000e+002  3.5328726e+003  3.0700000e+000
  1.8832000e+002  3.5346045e+003  2.9800000e+000
  1.8847000e+002  3.5363352e+003  3.0100000e+000
  1.8862000e+002  3.5380627e+003  3.0200000e+000
  1.8877000e+002  3.5397902e+003  3.0800000e+000
  1.8892000e+002  3.5415208e+003  3.2100000e+000
  1.8907000e+002  3.5432528e+003  3.2400000e+000
  1.8922000e+002  3.5449847e+003  3.1250000e+000
  1.8937000e+002  3.5467167e+003  3.3800000e+000
  1.8952000e+002  3.5484487e+003  3.3300000e+000
  1.8982000e+002  3.5519058e+003  3.3300000e+000
  1.8997000e+002  3.5536333e+003  3.3800000e+000
  1.9012000e+002  3.5553649e+003  3.3000000e+000
  1.9027000e+002  3.5570969e+003  3.2900000e+000
  1.9041000e+002  3.5587122e+003  3.3100000e+000
  1.9042000e+002  3.5588274e+003  3.2300000e+000
  1.9056000e+002  3.5604397e+003  3.2700000e+000
  1.9057000e+002  3.5605549e+003  3.1700000e+000
  1.9071000e+002  3.5621672e+003  3.2150000e+000
  1.9072000e+002  3.5622824e+003  3.2900000e+000
  1.9086000e+002  3.5638977e+003  3.2300000e+000
  1.9087000e+002  3.5640132e+003  3.2500000e+000
  1.9101000e+002  3.5656297e+003  3.1200000e+000
  1.9117000e+002  3.5674764e+003  3.1800000e+000
  1.9132000e+002  3.5692039e+003  3.1200000e+000
  1.9146000e+002  3.5708162e+003  3.0900000e+000
  1.9162000e+002  3.5726614e+003  3.0100000e+000
  1.9176000e+002  3.5742779e+003  2.9900000e+000
  1.9195000e+002  3.5764710e+003  3.1000000e+000
  1.9206000e+002  3.5777378e+003  3.0900000e+000
  1.9221000e+002  3.5794653e+003  3.1000000e+000
  1.9236000e+002  3.5811942e+003  3.2200000e+000
  1.9251000e+002  3.5829262e+003  3.2500000e+000
  1.9266000e+002  3.5846581e+003  3.1800000e+000
  1.9281000e+002  3.5863901e+003  3.2300000e+000
  1.9295000e+002  3.5880066e+003  3.1600000e+000
  1.9311000e+002  3.5898534e+003  3.1700000e+000
  1.9326000e+002  3.5915809e+003  3.1500000e+000
  1.9341000e+002  3.5933084e+003  3.2100000e+000
  1.9356000e+002  3.5950384e+003  3.1200000e+000
  1.9386000e+002  3.5985023e+003  3.1200000e+000
  1.9401000e+002  3.6002299e+003  3.0300000e+000
  1.9416000e+002  3.6019574e+003  3.1050000e+000
  1.9431000e+002  3.6036866e+003  3.0300000e+000
  1.9446000e+002  3.6054186e+003  3.0000000e+000
  1.9461000e+002  3.6071505e+003  2.9700000e+000
  1.9476000e+002  3.6092144e+003  3.0200000e+000
  1.9491000e+002  3.6113826e+003  3.0000000e+000
  1.9506000e+002  3.6135418e+003  3.1900000e+000
  1.9521000e+002  3.6157046e+003  3.0900000e+000
  1.9536000e+002  3.6178728e+003  3.2600000e+000
  1.9551000e+002  3.6200291e+003  3.3300000e+000
  1.9566000e+002  3.6221949e+003  3.3800000e+000
  1.9581000e+002  3.6243491e+003  3.2400000e+000
  1.9587000e+002  3.6252218e+003  3.3400000e+000
  1.9596000e+002  3.6265169e+003  3.1200000e+000
  1.9602000e+002  3.6273785e+003  3.4700000e+000
  1.9611000e+002  3.6286836e+003  3.4700000e+000
  1.9617000e+002  3.6295467e+003  3.5500000e+000
  1.9626000e+002  3.6308390e+003  3.5000000e+000
  1.9632000e+002  3.6317091e+003  3.4500000e+000
  1.9641000e+002  3.6330072e+003  3.4500000e+000
  1.9647000e+002  3.6338687e+003  3.4100000e+000
  1.9656000e+002  3.6351709e+003  3.2100000e+000
  1.9662000e+002  3.6360369e+003  3.1900000e+000
  1.9671000e+002  3.6373292e+003  3.3000000e+000
  1.9677000e+002  3.6381964e+003  3.1600000e+000
  1.9692000e+002  3.6403590e+003  3.0450000e+000
  1.9707000e+002  3.6425164e+003  3.1000000e+000
  1.9722000e+002  3.6446810e+003  2.9700000e+000
  1.9737000e+002  3.6468492e+003  3.0600000e+000
  1.9752000e+002  3.6490036e+003  2.9800000e+000
  1.9767000e+002  3.6511713e+003  3.0900000e+000
  1.9782000e+002  3.6533382e+003  3.1200000e+000
  1.9797000e+002  3.6554933e+003  3.0800000e+000
  1.9812000e+002  3.6576615e+003  3.1700000e+000
  1.9827000e+002  3.6598154e+003  3.2100000e+000
  1.9842000e+002  3.6619836e+003  3.3500000e+000
  1.9872000e+002  3.6663056e+003  3.4900000e+000
  1.9887000e+002  3.6684738e+003  3.4300000e+000
  1.9902000e+002  3.6706327e+003  3.4800000e+000
  1.9917000e+002  3.6727959e+003  3.3600000e+000
  1.9932000e+002  3.6749641e+003  3.3000000e+000
  1.9962000e+002  3.6788190e+003  3.2300000e+000
  1.9977000e+002  3.6805509e+003  3.1500000e+000
  1.9992000e+002  3.6822807e+003  3.1600000e+000
  2.0010000e+002  3.6843537e+003  3.1400000e+000
  2.0022000e+002  3.6857357e+003  3.0500000e+000
  2.0037000e+002  3.6874672e+003  3.0000000e+000
  2.0052000e+002  3.6891992e+003  2.9500000e+000
  2.0067000e+002  3.6909298e+003  3.0700000e+000
  2.0080000e+002  3.6924269e+003  2.9200000e+000
  2.0082000e+002  3.6926573e+003  3.0800000e+000
  2.0095000e+002  3.6941544e+003  2.9500000e+000
  2.0097000e+002  3.6943848e+003  2.9800000e+000
  2.0110000e+002  3.6958845e+003  3.0400000e+000
  2.0112000e+002  3.6961155e+003  3.1300000e+000
  2.0129000e+002  3.6980784e+003  3.0600000e+000
  2.0140000e+002  3.6993485e+003  3.1200000e+000
  2.0155000e+002  3.7010804e+003  3.2100000e+000
  2.0170000e+002  3.7028124e+003  3.2100000e+000
  2.0201000e+002  3.7063852e+003  3.2900000e+000
  2.0215000e+002  3.7079975e+003  3.2400000e+000
  2.0230000e+002  3.7097287e+003  3.3300000e+000
  2.0246000e+002  3.7115761e+003  3.1900000e+000
  2.0260000e+002  3.7131916e+003  2.9500000e+000
  2.0279000e+002  3.7153797e+003  2.9800000e+000
  2.0290000e+002  3.7166466e+003  3.0700000e+000
  2.0305000e+002  3.7183769e+003  2.9600000e+000
  2.0320000e+002  3.7201089e+003  2.9300000e+000
  2.0335000e+002  3.7218406e+003  3.1400000e+000
  2.0350000e+002  3.7235681e+003  3.0400000e+000
  2.0365000e+002  3.7252956e+003  2.9400000e+000
  2.0380000e+002  3.7270252e+003  3.0500000e+000
  2.0395000e+002  3.7287571e+003  3.0100000e+000
  2.0410000e+002  3.7304891e+003  3.0300000e+000
  2.0431000e+002  3.7327727e+003  3.0400000e+000
  2.0440000e+002  3.7337451e+003  3.0000000e+000
  2.0455000e+002  3.7353657e+003  3.0700000e+000
  2.0470000e+002  3.7369862e+003  3.2600000e+000
  2.0485000e+002  3.7386106e+003  3.2750000e+000
  2.0501000e+002  3.7403448e+003  3.2900000e+000
  2.0515000e+002  3.7418588e+003  3.2100000e+000
  2.0530000e+002  3.7434794e+003  3.3600000e+000
  2.0545000e+002  3.7450999e+003  3.3200000e+000
  2.0560000e+002  3.7467205e+003  3.2500000e+000
  2.0578000e+002  3.7486652e+003  3.2900000e+000
  2.0590000e+002  3.7499617e+003  2.9700000e+000
  2.0605000e+002  3.7515845e+003  3.0300000e+000
  2.0620000e+002  3.7532103e+003  3.0700000e+000
  2.0635000e+002  3.7548342e+003  3.0600000e+000
  2.0650000e+002  3.7564548e+003  3.0750000e+000
  2.0653000e+002  3.7567789e+003  3.1100000e+000
  2.0665000e+002  3.7580754e+003  2.9700000e+000
  2.0668000e+002  3.7583995e+003  2.8600000e+000
  2.0680000e+002  3.7596959e+003  3.0400000e+000
  2.0683000e+002  3.7600201e+003  2.9400000e+000
  2.0695000e+002  3.7613165e+003  2.9700000e+000
  2.0698000e+002  3.7616406e+003  2.9200000e+000
  2.0710000e+002  3.7629371e+003  2.9600000e+000
  2.0713000e+002  3.7632612e+003  2.9100000e+000
  2.0725000e+002  3.7645585e+003  2.9300000e+000
  2.0728000e+002  3.7648836e+003  2.9100000e+000
  2.0740000e+002  3.7661843e+003  3.0700000e+000
  2.0743000e+002  3.7665094e+003  2.9600000e+000
  2.0758000e+002  3.7681338e+003  3.0200000e+000
  2.0785000e+002  3.7710508e+003  3.0800000e+000
  2.0788000e+002  3.7713749e+003  3.1000000e+000
  2.0803000e+002  3.7729955e+003  3.0800000e+000
  2.0818000e+002  3.7746161e+003  3.0800000e+000
  2.0833000e+002  3.7762367e+003  3.1200000e+000
  2.0848000e+002  3.7778575e+003  3.0500000e+000
  2.0863000e+002  3.7794834e+003  3.1100000e+000
  2.0878000e+002  3.7811092e+003  2.9600000e+000
  2.0893000e+002  3.7827298e+003  2.9100000e+000
  2.0908000e+002  3.7843504e+003  2.9600000e+000
  2.0923000e+002  3.7859709e+003  2.9300000e+000
  2.0938000e+002  3.7875915e+003  2.8700000e+000
  2.0968000e+002  3.7908327e+003  3.2400000e+000
  2.0983000e+002  3.7924573e+003  3.1300000e+000
  2.1013000e+002  3.7957052e+003  2.9400000e+000
  2.1028000e+002  3.7973258e+003  3.0000000e+000
  2.1043000e+002  3.7989464e+003  3.0400000e+000
  2.1058000e+002  3.8005669e+003  3.1700000e+000
  2.1070000e+002  3.8018634e+003  3.1800000e+000
  2.1073000e+002  3.8021875e+003  3.1000000e+000
  2.1083000e+002  3.8032679e+003  3.1700000e+000
  2.1085000e+002  3.8034840e+003  2.9700000e+000
  2.1100000e+002  3.8051061e+003  3.0700000e+000
  2.1103000e+002  3.8054312e+003  3.0200000e+000
  2.1115000e+002  3.8067319e+003  2.9850000e+000
  2.1130000e+002  3.8083565e+003  3.1300000e+000
  2.1145000e+002  3.8099771e+003  2.9800000e+000
  2.1160000e+002  3.8115977e+003  3.1000000e+000
  2.1175000e+002  3.8132183e+003  3.1200000e+000
  2.1205000e+002  3.8164594e+003  3.0350000e+000
  2.1220000e+002  3.8180800e+003  2.8400000e+000
  2.1235000e+002  3.8197058e+003  2.9100000e+000
  2.1250000e+002  3.8213316e+003  3.0450000e+000
  2.1265000e+002  3.8229525e+003  3.1200000e+000
  2.1280000e+002  3.8245731e+003  3.2500000e+000
  2.1295000e+002  3.8261937e+003  3.1400000e+000
  2.1296000e+002  3.8263017e+003  3.3800000e+000
  2.1310000e+002  3.8278143e+003  3.3700000e+000
  2.1325000e+002  3.8294349e+003  3.4900000e+000
  2.1340000e+002  3.8310554e+003  3.4050000e+000
  2.1355000e+002  3.8326797e+003  3.2100000e+000
  2.1370000e+002  3.8343055e+003  3.0100000e+000
  2.1385000e+002  3.8359280e+003  3.1100000e+000
  2.1400000e+002  3.8375486e+003  3.0900000e+000
  2.1415000e+002  3.8391691e+003  3.0300000e+000
  2.1430000e+002  3.8407897e+003  2.9700000e+000
  2.1445000e+002  3.8424103e+003  2.6100000e+000
  2.1460000e+002  3.8440309e+003  2.7700000e+000
  2.1475000e+002  3.8456537e+003  2.7700000e+000
  2.1505000e+002  3.8489034e+003  2.9400000e+000
  2.1520000e+002  3.8505240e+003  3.1000000e+000
  2.1535000e+002  3.8521446e+003  3.1500000e+000
  2.1550000e+002  3.8537651e+003  3.0900000e+000
  2.1565000e+002  3.8553857e+003  2.9600000e+000
  2.1580000e+002  3.8570063e+003  2.9900000e+000
  2.1595000e+002  3.8586276e+003  2.9600000e+000
  2.1625000e+002  3.8618788e+003  2.9800000e+000
  2.1640000e+002  3.8634994e+003  3.0100000e+000
  2.1655000e+002  3.8651200e+003  3.2000000e+000
  2.1670000e+002  3.8667406e+003  3.3200000e+000
  2.1685000e+002  3.8683612e+003  3.3500000e+000
  2.1700000e+002  3.8700849e+003  3.4100000e+000
  2.1715000e+002  3.8718169e+003  3.4700000e+000
  2.1730000e+002  3.8736923e+003  3.2900000e+000
  2.1745000e+002  3.8758545e+003  3.4000000e+000
  2.1760000e+002  3.8780144e+003  3.2500000e+000
  2.1790000e+002  3.8827267e+003  3.0100000e+000
  2.1805000e+002  3.8854277e+003  3.1100000e+000
  2.1820000e+002  3.8881286e+003  3.1200000e+000
  2.1835000e+002  3.8908296e+003  2.9700000e+000
  2.1837000e+002  3.8911897e+003  3.1500000e+000
  2.1850000e+002  3.8936343e+003  2.9300000e+000
  2.1852000e+002  3.8940189e+003  3.0700000e+000
  2.1865000e+002  3.8965234e+003  3.0700000e+000
  2.1867000e+002  3.8969569e+003  3.1100000e+000
  2.1880000e+002  3.8997750e+003  3.0600000e+000
  2.1882000e+002  3.9002486e+003  3.0800000e+000
  2.1895000e+002  3.9033730e+003  3.0100000e+000
  2.1897000e+002  3.9038537e+003  2.9800000e+000
  2.1910000e+002  3.9070534e+003  2.9100000e+000
  2.1912000e+002  3.9075576e+003  2.8700000e+000
  2.1925000e+002  3.9108347e+003  2.8500000e+000
  2.1927000e+002  3.9113389e+003  2.9900000e+000
  2.1942000e+002  3.9151203e+003  3.0300000e+000
  2.1957000e+002  3.9189016e+003  3.1500000e+000
  2.1972000e+002  3.9226880e+003  3.0200000e+000
  2.2002000e+002  3.9302709e+003  3.1100000e+000
  2.2017000e+002  3.9340522e+003  2.9700000e+000
  2.2032000e+002  3.9378336e+003  2.8500000e+000
  2.2047000e+002  3.9416149e+003  3.0800000e+000
  2.2062000e+002  3.9453963e+003  3.0600000e+000
  2.2077000e+002  3.9491776e+003  3.0100000e+000
  2.2107000e+002  3.9567541e+003  3.1200000e+000
  2.2122000e+002  3.9605469e+003  3.0200000e+000
  2.2137000e+002  3.9643282e+003  3.1100000e+000
  2.2152000e+002  3.9681096e+003  3.0700000e+000
  2.2167000e+002  3.9718909e+003  3.0200000e+000
  2.2182000e+002  3.9756723e+003  3.1700000e+000
  2.2197000e+002  3.9794536e+003  3.2700000e+000
  2.2212000e+002  3.9832350e+003  3.3200000e+000
  2.2227000e+002  3.9868683e+003  3.1700000e+000
  2.2242000e+002  3.9903721e+003  3.2000000e+000
  2.2257000e+002  3.9935306e+003  3.2700000e+000
  2.2270000e+002  3.9960302e+003  3.2100000e+000
  2.2272000e+002  3.9964148e+003  3.2500000e+000
  2.2285000e+002  3.9989143e+003  3.3500000e+000
  2.2287000e+002  3.9992989e+003  3.0900000e+000
  2.2300000e+002  4.0017985e+003  3.3600000e+000
  2.2302000e+002  4.0021830e+003  3.0900000e+000
  2.2315000e+002  4.0046826e+003  3.1550000e+000
  2.2330000e+002  4.0075667e+003  3.2300000e+000
  2.2345000e+002  4.0104508e+003  2.9300000e+000
  2.2360000e+002  4.0133238e+003  3.1200000e+000
  2.2375000e+002  4.0161998e+003  3.0600000e+000
  2.2390000e+002  4.0190839e+003  2.9800000e+000
  2.2405000e+002  4.0219681e+003  2.8400000e+000
  2.2420000e+002  4.0248522e+003  2.9700000e+000
  2.2450000e+002  4.0306204e+003  2.9100000e+000
  2.2465000e+002  4.0335045e+003  3.1000000e+000
  2.2480000e+002  4.0363887e+003  2.9900000e+000
  2.2495000e+002  4.0392728e+003  3.1800000e+000
  2.2510000e+002  4.0421569e+003  3.2300000e+000
  2.2525000e+002  4.0450410e+003  3.2200000e+000
  2.2540000e+002  4.0479252e+003  3.0350000e+000
  2.2555000e+002  4.0508093e+003  2.9900000e+000
  2.2585000e+002  4.0565775e+003  2.9600000e+000
  2.2600000e+002  4.0594616e+003  3.0000000e+000
  2.2615000e+002  4.0623458e+003  3.1200000e+000
  2.2630000e+002  4.0652299e+003  3.0700000e+000
  2.2660000e+002  4.0709981e+003  3.1900000e+000
  2.2675000e+002  4.0738822e+003  3.1300000e+000
  2.2690000e+002  4.0767664e+003  3.0500000e+000
  2.2705000e+002  4.0796505e+003  3.1700000e+000
  2.2720000e+002  4.0825340e+003  3.0800000e+000
  2.2737000e+002  4.0857887e+003  3.1300000e+000
  2.2750000e+002  4.0882836e+003  3.1600000e+000
  2.2765000e+002  4.0911677e+003  3.2300000e+000
  2.2780000e+002  4.0940518e+003  3.1400000e+000
  2.2795000e+002  4.0969360e+003  3.2900000e+000
  2.2810000e+002  4.0998201e+003  3.2700000e+000
  2.2825000e+002  4.1027042e+003  3.2700000e+000
  2.2840000e+002  4.1055883e+003  3.0500000e+000
  2.2855000e+002  4.1084724e+003  3.1300000e+000
  2.2870000e+002  4.1113566e+003  3.3200000e+000
  2.2885000e+002  4.1142407e+003  3.0600000e+000
  2.2900000e+002  4.1171248e+003  2.9800000e+000
  2.2915000e+002  4.1200089e+003  2.8800000e+000
  2.2930000e+002  4.1228930e+003  2.9100000e+000
  2.2935000e+002  4.1238544e+003  3.0600000e+000
  2.2945000e+002  4.1257772e+003  3.1000000e+000
  2.2950000e+002  4.1267385e+003  2.8000000e+000
  2.2960000e+002  4.1286613e+003  2.9500000e+000
  2.2965000e+002  4.1296227e+003  2.9500000e+000
  2.2975000e+002  4.1315454e+003  2.9800000e+000
  2.2980000e+002  4.1325068e+003  3.2400000e+000
  2.2990000e+002  4.1344295e+003  2.8800000e+000
  2.2995000e+002  4.1353909e+003  2.9900000e+000
  2.3005000e+002  4.1373136e+003  2.9800000e+000
  2.3010000e+002  4.1382750e+003  3.0400000e+000
  2.3020000e+002  4.1401978e+003  2.9450000e+000
  2.3025000e+002  4.1411591e+003  3.0000000e+000
  2.3040000e+002  4.1440433e+003  3.1500000e+000
  2.3055000e+002  4.1469274e+003  3.1000000e+000
  2.3070000e+002  4.1497981e+003  3.2050000e+000
  2.3085000e+002  4.1524990e+003  3.3200000e+000
  2.3095000e+002  4.1542997e+003  3.2800000e+000
  2.3100000e+002  4.1552000e+003  3.3400000e+000
  2.3115000e+002  4.1579010e+003  3.3900000e+000
  2.3130000e+002  4.1606019e+003  3.2700000e+000
  2.3145000e+002  4.1633029e+003  3.1500000e+000
  2.3160000e+002  4.1660039e+003  3.2300000e+000
  2.3175000e+002  4.1687123e+003  3.2000000e+000
  2.3190000e+002  4.1714219e+003  3.0900000e+000
  2.3205000e+002  4.1741248e+003  3.1100000e+000
  2.3220000e+002  4.1768257e+003  3.1000000e+000
  2.3235000e+002  4.1791364e+003  3.1000000e+000
  2.3265000e+002  4.1834618e+003  3.0400000e+000
  2.3280000e+002  4.1856267e+003  3.1400000e+000
  2.3295000e+002  4.1877949e+003  3.0600000e+000
  2.3310000e+002  4.1899491e+003  3.1300000e+000
  2.3325000e+002  4.1921169e+003  3.2900000e+000
  2.3340000e+002  4.1942708e+003  3.1700000e+000
  2.3355000e+002  4.1964390e+003  3.2700000e+000
  2.3361000e+002  4.1973005e+003  3.0400000e+000
  2.3370000e+002  4.1986036e+003  3.3100000e+000
  2.3376000e+002  4.1994687e+003  3.1100000e+000
  2.3385000e+002  4.2007610e+003  3.2200000e+000
  2.3391000e+002  4.2016291e+003  2.9500000e+000
  2.3415000e+002  4.2050909e+003  3.2000000e+000
  2.3421000e+002  4.2059590e+003  3.1800000e+000
  2.3430000e+002  4.2072513e+003  3.1100000e+000
  2.3436000e+002  4.2081164e+003  3.1800000e+000
  2.3451000e+002  4.2102810e+003  3.1500000e+000
  2.3466000e+002  4.2124364e+003  3.0900000e+000
  2.3496000e+002  4.2167709e+003  2.9300000e+000
  2.3511000e+002  4.2189251e+003  3.1600000e+000
  2.3526000e+002  4.2210933e+003  3.1000000e+000
  2.3541000e+002  4.2232582e+003  3.1200000e+000
  2.3571000e+002  4.2275836e+003  3.1200000e+000
  2.3601000e+002  4.2319056e+003  3.0200000e+000
  2.3616000e+002  4.2340655e+003  3.1000000e+000
  2.3646000e+002  4.2383959e+003  3.1100000e+000
  2.3661000e+002  4.2405527e+003  3.0500000e+000
  2.3676000e+002  4.2427179e+003  2.9750000e+000
  2.3691000e+002  4.2448862e+003  2.9900000e+000
  2.3721000e+002  4.2492073e+003  3.1000000e+000
  2.3736000e+002  4.2513621e+003  3.1300000e+000
  2.3751000e+002  4.2535303e+003  3.0900000e+000
  2.3766000e+002  4.2556945e+003  3.1400000e+000
  2.3811000e+002  4.2621818e+003  3.0300000e+000
  2.3826000e+002  4.2643426e+003  2.9100000e+000
  2.3841000e+002  4.2665018e+003  3.0500000e+000
  2.3886000e+002  4.2729891e+003  3.0100000e+000
  2.3901000e+002  4.2749104e+003  3.0800000e+000
  2.3916000e+002  4.2766379e+003  2.9900000e+000
  2.3946000e+002  4.2800973e+003  2.9200000e+000
  2.3961000e+002  4.2818293e+003  3.1000000e+000
  2.3991000e+002  4.2852870e+003  3.1100000e+000
  2.4021000e+002  4.2887456e+003  3.1000000e+000
  2.4036000e+002  4.2904775e+003  3.0100000e+000
  2.4051000e+002  4.2922085e+003  3.1600000e+000
  2.4066000e+002  4.2939360e+003  3.2000000e+000
  2.4096000e+002  4.2973938e+003  2.9800000e+000
  2.4111000e+002  4.2991258e+003  3.1700000e+000
  2.4115000e+002  4.2995876e+003  3.0000000e+000
  2.4126000e+002  4.3008577e+003  3.4200000e+000
  2.4130000e+002  4.3013196e+003  3.0100000e+000
  2.4141000e+002  4.3025897e+003  3.0000000e+000
  2.4145000e+002  4.3030515e+003  2.9400000e+000
  2.4160000e+002  4.3047835e+003  2.8700000e+000
  2.4171000e+002  4.3060516e+003  2.9200000e+000
  2.4175000e+002  4.3065123e+003  2.9250000e+000
  2.4190000e+002  4.3082398e+003  3.0200000e+000
  2.4205000e+002  4.3099678e+003  2.8500000e+000
  2.4220000e+002  4.3116998e+003  2.9800000e+000
  2.4235000e+002  4.3134318e+003  2.8400000e+000
  2.4250000e+002  4.3151613e+003  2.9000000e+000
  2.4265000e+002  4.3168888e+003  3.0250000e+000
  2.4280000e+002  4.3186163e+003  2.9600000e+000
  2.4295000e+002  4.3203480e+003  3.0200000e+000
  2.4310000e+002  4.3220800e+003  2.9800000e+000
  2.4325000e+002  4.3238104e+003  2.9300000e+000
  2.4340000e+002  4.3255379e+003  2.9150000e+000
  2.4355000e+002  4.3272654e+003  2.9400000e+000
  2.4370000e+002  4.3289963e+003  3.0500000e+000
  2.4385000e+002  4.3307282e+003  2.9100000e+000
  2.4400000e+002  4.3324594e+003  3.2900000e+000
  2.4415000e+002  4.3341869e+003  2.8200000e+000
  2.4445000e+002  4.3376445e+003  2.8800000e+000
  2.4460000e+002  4.3393765e+003  2.8500000e+000
  2.4501000e+002  4.3441105e+003  2.9400000e+000
  2.4516000e+002  4.3458419e+003  3.0000000e+000
  2.4531000e+002  4.3475694e+003  2.9100000e+000
  2.4546000e+002  4.3492969e+003  2.8300000e+000
  2.4561000e+002  4.3510268e+003  2.8700000e+000
  2.4576000e+002  4.3527588e+003  2.8700000e+000
  2.4591000e+002  4.3544907e+003  3.0200000e+000
  2.4606000e+002  4.3562184e+003  3.0000000e+000
  2.4621000e+002  4.3579459e+003  3.0600000e+000
  2.4636000e+002  4.3596751e+003  3.1000000e+000
  2.4651000e+002  4.3614070e+003  2.9700000e+000
  2.4666000e+002  4.3631390e+003  3.0600000e+000
  2.4681000e+002  4.3648675e+003  2.9900000e+000
  2.4711000e+002  4.3683233e+003  3.1000000e+000
  2.4726000e+002  4.3700553e+003  3.0800000e+000
  2.4741000e+002  4.3717872e+003  3.1700000e+000
  2.4771000e+002  4.3752511e+003  3.2800000e+000
  2.4786000e+002  4.3769830e+003  3.2200000e+000
  2.4801000e+002  4.3787105e+003  3.1300000e+000
  2.4816000e+002  4.3804380e+003  3.0050000e+000
  2.4831000e+002  4.3821674e+003  3.1300000e+000
  2.4846000e+002  4.3838994e+003  3.0900000e+000
  2.4861000e+002  4.3856313e+003  3.0200000e+000
  2.4876000e+002  4.3873596e+003  3.0900000e+000
  2.4891000e+002  4.3890871e+003  3.0800000e+000
  2.4906000e+002  4.3908157e+003  2.9900000e+000
  2.4921000e+002  4.3925476e+003  3.0800000e+000
  2.4936000e+002  4.3942796e+003  3.0800000e+000
  2.4951000e+002  4.3960086e+003  2.9900000e+000
  2.4966000e+002  4.3977361e+003  3.0900000e+000
  2.4981000e+002  4.3994639e+003  3.1000000e+000
  2.4996000e+002  4.4011959e+003  3.0900000e+000
  2.5011000e+002  4.4029278e+003  3.1400000e+000
  2.5026000e+002  4.4046577e+003  3.0500000e+000
  2.5038000e+002  4.4060397e+003  3.1500000e+000
  2.5041000e+002  4.4063852e+003  3.0100000e+000
  2.5053000e+002  4.4077672e+003  3.0000000e+000
  2.5056000e+002  4.4081127e+003  3.0400000e+000
  2.5068000e+002  4.4094977e+003  2.9300000e+000
  2.5071000e+002  4.4098441e+003  3.0000000e+000
  2.5083000e+002  4.4112297e+003  3.0400000e+000
  2.5098000e+002  4.4129616e+003  3.0400000e+000
  2.5113000e+002  4.4146936e+003  3.0200000e+000
  2.5128000e+002  4.4164256e+003  3.0200000e+000
  2.5143000e+002  4.4181553e+003  3.0800000e+000
  2.5158000e+002  4.4198828e+003  3.0900000e+000
  2.5173000e+002  4.4216103e+003  3.1400000e+000
  2.5188000e+002  4.4237382e+003  3.2000000e+000
  2.5203000e+002  4.4258954e+003  3.0800000e+000
  2.5218000e+002  4.4280636e+003  3.1700000e+000
  2.5233000e+002  4.4302255e+003  2.8950000e+000
  2.5248000e+002  4.4323856e+003  3.1900000e+000
  2.5263000e+002  4.4345538e+003  2.9300000e+000
  2.5278000e+002  4.4367077e+003  2.8700000e+000
  2.5293000e+002  4.4388759e+003  2.9600000e+000
  2.5308000e+002  4.4410327e+003  3.0600000e+000
  2.5323000e+002  4.4431979e+003  2.9700000e+000
  2.5338000e+002  4.4451184e+003  3.0000000e+000
  2.5353000e+002  4.4468503e+003  3.1600000e+000
  2.5368000e+002  4.4485823e+003  3.0800000e+000
  2.5383000e+002  4.4503099e+003  3.1500000e+000
  2.5398000e+002  4.4520374e+003  3.0700000e+000
  2.5413000e+002  4.4537666e+003  3.0300000e+000
  2.5428000e+002  4.4554986e+003  2.9700000e+000
  2.5443000e+002  4.4572305e+003  2.9500000e+000
  2.5458000e+002  4.4589625e+003  2.9600000e+000
  2.5473000e+002  4.4606944e+003  3.0600000e+000
  2.5488000e+002  4.4624255e+003  3.0100000e+000
  2.5503000e+002  4.4641530e+003  2.9600000e+000
  2.5518000e+002  4.4658805e+003  3.0800000e+000
  2.5533000e+002  4.4676107e+003  2.9300000e+000
  2.5548000e+002  4.4693427e+003  2.9100000e+000
  2.5563000e+002  4.4710746e+003  3.0200000e+000
  2.5578000e+002  4.4728021e+003  3.0700000e+000
  2.5593000e+002  4.4745296e+003  2.9400000e+000
  2.5608000e+002  4.4762590e+003  2.8800000e+000
  2.5622000e+002  4.4778755e+003  2.9400000e+000
  2.5623000e+002  4.4779909e+003  2.9800000e+000
  2.5637000e+002  4.4796074e+003  3.1400000e+000
  2.5638000e+002  4.4797229e+003  3.0800000e+000
  2.5652000e+002  4.4813359e+003  2.9800000e+000
  2.5667000e+002  4.4830634e+003  3.0500000e+000
  2.5668000e+002  4.4831786e+003  3.0600000e+000
  2.5682000e+002  4.4847918e+003  3.0700000e+000
  2.5683000e+002  4.4849072e+003  2.9400000e+000
  2.5712000e+002  4.4882557e+003  3.3000000e+000
  2.5742000e+002  4.4917196e+003  3.4000000e+000
  2.5757000e+002  4.4934515e+003  3.3700000e+000
  2.5772000e+002  4.4951790e+003  3.3400000e+000
  2.5787000e+002  4.4969065e+003  3.2800000e+000
  2.5802000e+002  4.4986359e+003  3.2000000e+000
  2.5817000e+002  4.5003678e+003  3.2400000e+000
  2.5832000e+002  4.5020998e+003  3.2700000e+000
  2.5847000e+002  4.5038281e+003  3.2200000e+000
  2.5862000e+002  4.5055556e+003  3.3200000e+000
  2.5877000e+002  4.5072841e+003  3.1300000e+000
  2.5892000e+002  4.5090161e+003  3.1150000e+000
  2.5907000e+002  4.5107480e+003  2.9200000e+000
  2.5922000e+002  4.5124771e+003  3.0300000e+000
  2.5937000e+002  4.5142046e+003  3.2100000e+000
  2.5952000e+002  4.5159324e+003  3.1100000e+000
  2.5967000e+002  4.5176643e+003  3.2300000e+000
  2.5982000e+002  4.5193963e+003  2.8900000e+000
  2.5997000e+002  4.5211262e+003  2.9750000e+000
  2.6012000e+002  4.5228537e+003  3.0000000e+000
  2.6042000e+002  4.5263126e+003  3.1200000e+000
  2.6057000e+002  4.5280445e+003  3.2300000e+000
  2.6072000e+002  4.5297765e+003  3.2300000e+000
  2.6087000e+002  4.5315085e+003  3.2450000e+000
  2.6102000e+002  4.5332404e+003  3.1300000e+000
  2.6117000e+002  4.5349693e+003  3.2300000e+000
  2.6132000e+002  4.5366968e+003  3.1200000e+000
  2.6147000e+002  4.5384247e+003  2.9800000e+000
  2.6162000e+002  4.5401567e+003  2.8800000e+000
  2.6177000e+002  4.5418887e+003  3.1300000e+000
  2.6192000e+002  4.5438400e+003  3.0100000e+000
  2.6207000e+002  4.5460073e+003  3.0000000e+000
  2.6222000e+002  4.5481621e+003  3.0600000e+000
  2.6237000e+002  4.5503303e+003  2.8300000e+000
  2.6250000e+002  4.5521969e+003  2.8700000e+000
  2.6252000e+002  4.5524841e+003  3.0000000e+000
  2.6265000e+002  4.5543651e+003  2.9400000e+000
  2.6267000e+002  4.5546523e+003  2.9400000e+000
  2.6280000e+002  4.5565236e+003  2.9200000e+000
  2.6282000e+002  4.5568145e+003  2.9600000e+000
  2.6295000e+002  4.5586872e+003  2.9700000e+000
  2.6297000e+002  4.5589744e+003  3.0500000e+000
  2.6310000e+002  4.5608554e+003  2.9600000e+000
  2.6325000e+002  4.5630109e+003  2.9600000e+000
  2.6355000e+002  4.5673455e+003  3.0200000e+000
  2.6357000e+002  4.5676328e+003  2.8500000e+000
  2.6400000e+002  4.5738215e+003  3.2400000e+000
  2.6415000e+002  4.5759897e+003  3.2200000e+000
  2.6430000e+002  4.5781527e+003  3.2400000e+000
  2.6445000e+002  4.5803118e+003  3.2500000e+000
  2.6460000e+002  4.5824800e+003  3.2100000e+000
  2.6475000e+002  4.5846400e+003  3.2000000e+000
  2.6490000e+002  4.5868021e+003  3.1650000e+000
  2.6520000e+002  4.5911241e+003  3.1000000e+000
  2.6535000e+002  4.5932923e+003  3.1600000e+000
  2.6550000e+002  4.5954473e+003  3.0800000e+000
  2.6565000e+002  4.5976144e+003  3.0250000e+000
  2.6580000e+002  4.5997818e+003  3.0800000e+000
  2.6595000e+002  4.6019364e+003  3.2200000e+000
  2.6610000e+002  4.6041046e+003  3.1000000e+000
  2.6625000e+002  4.6062585e+003  3.0400000e+000
  2.6640000e+002  4.6084267e+003  3.1300000e+000
  2.6655000e+002  4.6105891e+003  3.2100000e+000
  2.6670000e+002  4.6127487e+003  3.2100000e+000
  2.6685000e+002  4.6149169e+003  3.1900000e+000
  2.6700000e+002  4.6170764e+003  3.1500000e+000
  2.6715000e+002  4.6192390e+003  3.2300000e+000
  2.6730000e+002  4.6214072e+003  3.2500000e+000
  2.6745000e+002  4.6235610e+003  3.2700000e+000
  2.6760000e+002  4.6257292e+003  3.2300000e+000
  2.6768000e+002  4.6268779e+003  3.2000000e+000
  2.6775000e+002  4.6278836e+003  3.0800000e+000
  2.6790000e+002  4.6300513e+003  3.0500000e+000
  2.6805000e+002  4.6322182e+003  3.4500000e+000
  2.6820000e+002  4.6343733e+003  3.3900000e+000
  2.6828000e+002  4.6355345e+003  3.0300000e+000
  2.6843000e+002  4.6376903e+003  3.0400000e+000
  2.6858000e+002  4.6398585e+003  3.1200000e+000
  2.6873000e+002  4.6420123e+003  3.0750000e+000
  2.6888000e+002  4.6441805e+003  2.9700000e+000
  2.6903000e+002  4.6463418e+003  3.0100000e+000
  2.6918000e+002  4.6485026e+003  2.9700000e+000
  2.6933000e+002  4.6506708e+003  2.9500000e+000
  2.6948000e+002  4.6528291e+003  3.0100000e+000
  2.6963000e+002  4.6549928e+003  3.0950000e+000
  2.6978000e+002  4.6571610e+003  3.2900000e+000
  2.6993000e+002  4.6593149e+003  3.0100000e+000
  2.7008000e+002  4.6614831e+003  3.0600000e+000
  2.7038000e+002  4.6658051e+003  3.1500000e+000
  2.7053000e+002  4.6679709e+003  2.9730000e+000
  2.7068000e+002  4.6701272e+003  3.2000000e+000
  2.7098000e+002  4.6744492e+003  3.1400000e+000
  2.7113000e+002  4.6766174e+003  3.0600000e+000
  2.7128000e+002  4.6787782e+003  3.2000000e+000
  2.7143000e+002  4.6809395e+003  3.2900000e+000
  2.7158000e+002  4.6831077e+003  3.2900000e+000
  2.7184000e+002  4.6868554e+003  3.2600000e+000
  2.7199000e+002  4.6890182e+003  3.4000000e+000
  2.7227000e+002  4.6930473e+003  3.3700000e+000
  2.7272000e+002  4.6995345e+003  3.1300000e+000
  2.7287000e+002  4.7017026e+003  3.0700000e+000
  2.7302000e+002  4.7038691e+003  3.1400000e+000
  2.7317000e+002  4.7060246e+003  3.0700000e+000
  2.7332000e+002  4.7081928e+003  2.9300000e+000
  2.7338000e+002  4.7090544e+003  3.1350000e+000
  2.7347000e+002  4.7103467e+003  3.0400000e+000
  2.7377000e+002  4.7146764e+003  3.0550000e+000
  2.7392000e+002  4.7168369e+003  2.9700000e+000
  2.7398000e+002  4.7177018e+003  2.9800000e+000
  2.7413000e+002  4.7198667e+003  3.1400000e+000
  2.7428000e+002  4.7220349e+003  3.2800000e+000
  2.7458000e+002  4.7259151e+003  3.3200000e+000
  2.7473000e+002  4.7276470e+003  3.2800000e+000
  2.7488000e+002  4.7293771e+003  3.3000000e+000
  2.7503000e+002  4.7311046e+003  3.2900000e+000
  2.7518000e+002  4.7328321e+003  3.1900000e+000
  2.7533000e+002  4.7345633e+003  3.1500000e+000
  2.7548000e+002  4.7362953e+003  3.2000000e+000
  2.7563000e+002  4.7380261e+003  3.2400000e+000
  2.7578000e+002  4.7397536e+003  3.1400000e+000
  2.7593000e+002  4.7414811e+003  3.0650000e+000
  2.7608000e+002  4.7432115e+003  3.1600000e+000
  2.7623000e+002  4.7449435e+003  3.1000000e+000
  2.7638000e+002  4.7466755e+003  3.1500000e+000
  2.7653000e+002  4.7484074e+003  3.0800000e+000
  2.7668000e+002  4.7501394e+003  3.2200000e+000
  2.7683000e+002  4.7518692e+003  2.9950000e+000
  2.7698000e+002  4.7535967e+003  3.0250000e+000
  2.7713000e+002  4.7553242e+003  3.1300000e+000
  2.7728000e+002  4.7570557e+003  3.1200000e+000
  2.7758000e+002  4.7605183e+003  3.0400000e+000
  2.7773000e+002  4.7622458e+003  3.1300000e+000
  2.7788000e+002  4.7639733e+003  3.1050000e+000
  2.7803000e+002  4.7657039e+003  3.1750000e+000
  2.7818000e+002  4.7674359e+003  3.2400000e+000
  2.7833000e+002  4.7691673e+003  3.2300000e+000
  2.7848000e+002  4.7708948e+003  3.1930000e+000
  2.7848000e+002  4.7708948e+003  3.3200000e+000
  2.7863000e+002  4.7726223e+003  3.3450000e+000
  2.7878000e+002  4.7743522e+003  3.3650000e+000
  2.7893000e+002  4.7760841e+003  3.2450000e+000
  2.7908000e+002  4.7778161e+003  3.3500000e+000
  2.7923000e+002  4.7795480e+003  3.3000000e+000
  2.7938000e+002  4.7812800e+003  3.1200000e+000
  2.7938000e+002  4.7812800e+003  3.2600000e+000
  2.7953000e+002  4.7830104e+003  3.1100000e+000
  2.7953000e+002  4.7830104e+003  3.1200000e+000
  2.7968000e+002  4.7847379e+003  2.9100000e+000
  2.7983000e+002  4.7864654e+003  2.9400000e+000
  2.7983000e+002  4.7864654e+003  3.0900000e+000
  2.7998000e+002  4.7881963e+003  3.0800000e+000
  2.8013000e+002  4.7899282e+003  2.9900000e+000
  2.8028000e+002  4.7916594e+003  3.2200000e+000
  2.8043000e+002  4.7933869e+003  3.2400000e+000
  2.8058000e+002  4.7951144e+003  3.1300000e+000
  2.8073000e+002  4.7968445e+003  3.1950000e+000
  2.8088000e+002  4.7985765e+003  3.0700000e+000
  2.8103000e+002  4.8003085e+003  3.0900000e+000
  2.8118000e+002  4.8020360e+003  3.1300000e+000
  2.8133000e+002  4.8037635e+003  3.0200000e+000
  2.8148000e+002  4.8054928e+003  3.1100000e+000
  2.8163000e+002  4.8072247e+003  3.0900000e+000
  2.8178000e+002  4.8089567e+003  3.3500000e+000
  2.8193000e+002  4.8106850e+003  3.3700000e+000
  2.8208000e+002  4.8124125e+003  3.2300000e+000
  2.8223000e+002  4.8141410e+003  3.1800000e+000
  2.8238000e+002  4.8158730e+003  3.2900000e+000
  2.8253000e+002  4.8176049e+003  3.0600000e+000
  2.8268000e+002  4.8193369e+003  3.1600000e+000
  2.8283000e+002  4.8210689e+003  3.1800000e+000
  2.8298000e+002  4.8228006e+003  3.0300000e+000
  2.8328000e+002  4.8262556e+003  2.9000000e+000
  2.8373000e+002  4.8314491e+003  3.1000000e+000
  2.8388000e+002  4.8331772e+003  3.0100000e+000
  2.8403000e+002  4.8349047e+003  3.0300000e+000
  2.8433000e+002  4.8383654e+003  3.2400000e+000
  2.8448000e+002  4.8400973e+003  3.2200000e+000
  2.8478000e+002  4.8435537e+003  3.1600000e+000
  2.8486000e+002  4.8444751e+003  3.2400000e+000
  2.8493000e+002  4.8452816e+003  3.1500000e+000
  2.8501000e+002  4.8462054e+003  3.1800000e+000
  2.8516000e+002  4.8479373e+003  3.3100000e+000
  2.8523000e+002  4.8487456e+003  3.2200000e+000
  2.8531000e+002  4.8496691e+003  3.2300000e+000
  2.8538000e+002  4.8504753e+003  3.2000000e+000
  2.8546000e+002  4.8513966e+003  3.3100000e+000
  2.8561000e+002  4.8531241e+003  3.4100000e+000
  2.8576000e+002  4.8548536e+003  3.2600000e+000
  2.8591000e+002  4.8565856e+003  3.2500000e+000
  2.8606000e+002  4.8583175e+003  3.1600000e+000
  2.8621000e+002  4.8600495e+003  2.9600000e+000
  2.8636000e+002  4.8617814e+003  2.7700000e+000
  2.8651000e+002  4.8636287e+003  3.0300000e+000
  2.8666000e+002  4.8657891e+003  2.9400000e+000
  2.8681000e+002  4.8679508e+003  3.0900000e+000
  2.8696000e+002  4.8701091e+003  3.0200000e+000
  2.8711000e+002  4.8722728e+003  3.0000000e+000
  2.8726000e+002  4.8744410e+003  2.9300000e+000
  2.8756000e+002  4.8787631e+003  2.9600000e+000
  2.8771000e+002  4.8809309e+003  3.1100000e+000
  2.8786000e+002  4.8830851e+003  3.1400000e+000
  2.8801000e+002  4.8852533e+003  3.2700000e+000
  2.8816000e+002  4.8874072e+003  3.3300000e+000
  2.8831000e+002  4.8895754e+003  3.3000000e+000
  2.8846000e+002  4.8917382e+003  3.3400000e+000
  2.8861000e+002  4.8938974e+003  3.4400000e+000
  2.8876000e+002  4.8960656e+003  3.3600000e+000
  2.8891000e+002  4.8982255e+003  3.3100000e+000
