  1.7000000e-001  1.2209942e+001  4.0500000e+000
  2.2000000e-001  1.4836932e+001  3.6500000e+000
  2.7000000e-001  1.8678928e+001  4.5800000e+000
  3.2000000e-001  2.4136726e+001  4.4600000e+000
  3.7000000e-001  2.9840316e+001  4.1500000e+000
  4.2000000e-001  3.5228579e+001  3.9000000e+000
  4.7000000e-001  4.0376054e+001  4.0600000e+000
  5.2000000e-001  4.5327119e+001  3.9600000e+000
  5.7000000e-001  5.0166004e+001  3.9800000e+000
  6.2000000e-001  5.4443713e+001  3.9100000e+000
  6.7000000e-001  5.9122090e+001  4.0700000e+000
  7.2000000e-001  6.4010890e+001  3.9400000e+000
  7.7000000e-001  6.9142145e+001  3.7100000e+000
  8.2000000e-001  7.4275426e+001  3.6900000e+000
  8.7000000e-001  7.9408670e+001  3.5900000e+000
  9.2000000e-001  8.4437517e+001  3.7100000e+000
  9.7000000e-001  8.9326317e+001  3.6900000e+000
  1.0700000e+000  9.7210773e+001  3.3900000e+000
  1.1200000e+000  1.0095362e+002  3.5300000e+000
  1.1700000e+000  1.0469628e+002  3.1500000e+000
  1.2200000e+000  1.0934496e+002  3.2900000e+000
  1.2700000e+000  1.1530655e+002  3.5800000e+000
  1.3200000e+000  1.2243650e+002  2.9300000e+000
  1.3700000e+000  1.2866296e+002  3.6900000e+000
  1.5000000e+000  1.3888105e+002  4.3900000e+000
  1.5700000e+000  1.4566855e+002  4.4500000e+000
  1.6700000e+000  1.5544539e+002  4.3600000e+000
  1.7200000e+000  1.5973673e+002  4.1600000e+000
  1.7700000e+000  1.6397271e+002  4.1000000e+000
  1.8200000e+000  1.6771574e+002  4.0000000e+000
  1.8700000e+000  1.7145877e+002  4.2200000e+000
  1.9200000e+000  1.7520180e+002  4.1800000e+000
  1.9700000e+000  1.7909137e+002  4.1400000e+000
  2.0700000e+000  1.8885647e+002  4.1900000e+000
  2.1200000e+000  1.9516273e+002  3.2900000e+000
  2.1700000e+000  2.0229276e+002  3.1000000e+000
  2.2200000e+000  2.0834037e+002  4.1400000e+000
  2.2700000e+000  2.1485743e+002  3.5300000e+000
  2.3200000e+000  2.2110265e+002  4.1800000e+000
  2.3700000e+000  2.2628859e+002  3.8600000e+000
  2.4200000e+000  2.3157622e+002  4.0400000e+000
  2.4700000e+000  2.3848806e+002  3.5100000e+000
  2.5700000e+000  2.5424502e+002  4.2800000e+000
  2.6200000e+000  2.6137467e+002  4.0500000e+000
  2.6700000e+000  2.6850408e+002  4.1100000e+000
  2.7200000e+000  2.7563354e+002  3.9600000e+000
  2.7700000e+000  2.8276315e+002  3.4900000e+000
  2.8200000e+000  2.8989241e+002  3.7900000e+000
  2.8700000e+000  2.9702221e+002  3.7900000e+000
  2.9200000e+000  3.0309319e+002  3.5300000e+000
  3.0200000e+000  3.1329568e+002  3.2500000e+000
  3.0700000e+000  3.1784237e+002  3.2900000e+000
  3.1300000e+000  3.2233448e+002  3.0700000e+000
  3.1700000e+000  3.2532897e+002  3.1400000e+000
  3.2200000e+000  3.2907148e+002  3.0800000e+000
  3.2700000e+000  3.3315247e+002  3.0500000e+000
  3.3200000e+000  3.3869215e+002  3.8100000e+000
  3.3700000e+000  3.4561281e+002  3.8800000e+000
  3.4200000e+000  3.5086862e+002  3.7900000e+000
  3.4700000e+000  3.5362649e+002  3.1600000e+000
  3.5700000e+000  3.5969455e+002  3.8300000e+000
  3.6200000e+000  3.6478657e+002  3.9700000e+000
  3.6700000e+000  3.7008308e+002  3.8900000e+000
  3.7200000e+000  3.7543109e+002  3.7700000e+000
  3.7700000e+000  3.8059366e+002  3.4600000e+000
  3.8200000e+000  3.8483886e+002  3.5500000e+000
  3.8700000e+000  3.8840258e+002  3.2700000e+000
  3.9200000e+000  3.9182399e+002  3.3900000e+000
  3.9700000e+000  3.9507039e+002  3.3700000e+000
  4.0700000e+000  4.0148675e+002  2.9000000e+000
  4.1200000e+000  4.0469939e+002  2.7700000e+000
  4.1700000e+000  4.0812164e+002  2.8100000e+000
  4.2200000e+000  4.1154389e+002  2.9000000e+000
  4.2700000e+000  4.1482878e+002  3.1300000e+000
  4.3200000e+000  4.1759300e+002  3.4100000e+000
  4.3700000e+000  4.2015969e+002  3.3400000e+000
  4.4200000e+000  4.2272647e+002  3.6200000e+000
  4.5000000e+000  4.2729958e+002  3.8800000e+000
  4.5700000e+000  4.3470831e+002  4.4200000e+000
  4.6200000e+000  4.4183806e+002  4.7400000e+000
  4.6700000e+000  4.4896737e+002  4.3300000e+000
  4.7200000e+000  4.5609693e+002  4.0700000e+000
  4.7700000e+000  4.6558231e+002  4.2700000e+000
  4.8200000e+000  4.7527274e+002  3.4300000e+000
  4.8700000e+000  4.7889963e+002  3.4200000e+000
  4.9700000e+000  4.8103813e+002  3.6000000e+000
  5.0200000e+000  4.8210794e+002  3.4400000e+000
  5.2700000e+000  4.8745480e+002  4.3100000e+000
  5.5700000e+000  4.9387148e+002  3.8500000e+000
  5.6200000e+000  4.9494115e+002  3.7200000e+000
  5.8200000e+000  4.9923007e+002  3.1900000e+000
  5.8700000e+000  5.0088456e+002  3.1800000e+000
  5.9200000e+000  5.0547936e+002  3.7700000e+000
  5.9700000e+000  5.1082613e+002  3.7300000e+000
  6.0200000e+000  5.1617295e+002  3.6500000e+000
  6.0700000e+000  5.2152089e+002  3.8300000e+000
  6.1200000e+000  5.2686734e+002  3.6500000e+000
  6.1700000e+000  5.3203223e+002  3.6600000e+000
  6.2200000e+000  5.3623024e+002  4.3300000e+000
  6.2700000e+000  5.3944741e+002  3.7100000e+000
  6.3200000e+000  5.4201389e+002  4.0100000e+000
  6.3700000e+000  5.4458037e+002  3.7900000e+000
  6.4700000e+000  5.4971383e+002  3.7600000e+000
  6.5200000e+000  5.5259233e+002  4.1400000e+000
  6.5700000e+000  5.5591527e+002  4.2600000e+000
  6.6700000e+000  5.6295140e+002  4.0000000e+000
  6.7200000e+000  5.6755463e+002  3.3600000e+000
  6.8200000e+000  5.7782117e+002  3.2400000e+000
  6.8700000e+000  5.8295413e+002  3.8100000e+000
  6.9200000e+000  5.8827570e+002  3.9000000e+000
  7.0200000e+000  6.0139303e+002  3.7400000e+000
  7.0700000e+000  6.0841181e+002  3.1600000e+000
  7.1700000e+000  6.1888890e+002  3.7200000e+000
  7.2200000e+000  6.2279199e+002  4.0100000e+000
  7.2700000e+000  6.2653450e+002  4.3400000e+000
  7.3200000e+000  6.3013517e+002  4.1200000e+000
  7.3700000e+000  6.3364661e+002  3.9500000e+000
  7.4200000e+000  6.3706828e+002  4.5900000e+000
  7.4700000e+000  6.4049110e+002  4.2000000e+000
  7.5200000e+000  6.4369952e+002  3.9400000e+000
  7.5700000e+000  6.4690802e+002  3.9900000e+000
  7.6700000e+000  6.5332437e+002  4.4200000e+000
  7.7200000e+000  6.5653287e+002  4.2600000e+000
  7.7700000e+000  6.5974118e+002  4.4100000e+000
  7.8200000e+000  6.6272942e+002  4.0800000e+000
  7.8700000e+000  6.6529626e+002  3.4600000e+000
  7.9200000e+000  6.6786274e+002  4.1200000e+000
  7.9700000e+000  6.7042922e+002  4.1600000e+000
  8.0700000e+000  6.7556268e+002  4.2000000e+000
  8.1200000e+000  6.7824338e+002  3.9600000e+000
  8.1700000e+000  6.8134045e+002  3.8400000e+000
  8.2200000e+000  6.8454845e+002  3.8200000e+000
  8.2700000e+000  6.8775681e+002  3.5600000e+000
  8.3200000e+000  6.9096531e+002  3.3900000e+000
  8.3600000e+000  6.9353164e+002  3.7900000e+000
  8.5200000e+000  7.0422320e+002  3.6700000e+000
  8.5700000e+000  7.0764516e+002  3.4800000e+000
  8.6200000e+000  7.1112683e+002  3.7700000e+000
  8.6700000e+000  7.1469204e+002  3.7700000e+000
  8.7200000e+000  7.1928044e+002  4.3500000e+000
  8.7700000e+000  7.2416924e+002  4.0200000e+000
  8.8200000e+000  7.2905854e+002  3.8400000e+000
  8.8700000e+000  7.3394771e+002  3.9000000e+000
  8.9700000e+000  7.4340282e+002  4.0300000e+000
  9.0200000e+000  7.4768060e+002  4.0100000e+000
  9.0700000e+000  7.5195841e+002  4.2000000e+000
  9.1700000e+000  7.6052078e+002  4.1100000e+000
  9.2200000e+000  7.6540957e+002  3.4400000e+000
  9.2700000e+000  7.7008566e+002  3.7000000e+000
  9.3200000e+000  7.7436357e+002  3.6500000e+000
  9.3700000e+000  7.7798435e+002  3.6600000e+000
  9.4200000e+000  7.8137216e+002  4.1600000e+000
  9.5700000e+000  7.8936417e+002  3.9600000e+000
  9.6200000e+000  7.9193064e+002  3.7400000e+000
  9.6700000e+000  7.9449754e+002  4.3100000e+000
  9.7200000e+000  7.9706411e+002  4.2500000e+000
  9.7700000e+000  7.9963058e+002  4.2000000e+000
  9.8200000e+000  8.0219724e+002  4.3300000e+000
  1.0020000e+001  8.1359704e+002  3.9800000e+000
  1.0120000e+001  8.2061135e+002  3.5200000e+000
  1.0170000e+001  8.2431041e+002  3.5000000e+000
  1.0220000e+001  8.2805173e+002  3.5700000e+000
  1.0270000e+001  8.3249385e+002  3.6700000e+000
  1.0320000e+001  8.3738147e+002  3.5300000e+000
  1.0370000e+001  8.4244697e+002  3.5200000e+000
  1.0420000e+001  8.4758165e+002  3.5100000e+000
  1.0520000e+001  8.5751896e+002  3.2900000e+000
  1.0570000e+001  8.6151905e+002  3.8500000e+000
  1.0620000e+001  8.6441101e+002  3.6000000e+000
  1.0670000e+001  8.6697534e+002  3.5900000e+000
  1.0720000e+001  8.6954268e+002  4.1000000e+000
  1.0770000e+001  8.7211002e+002  3.9300000e+000
  1.0820000e+001  8.7467736e+002  4.3400000e+000
  1.0870000e+001  8.7724470e+002  3.8800000e+000
  1.0920000e+001  8.7981204e+002  4.5900000e+000
  1.0970000e+001  8.8237782e+002  4.4800000e+000
  1.1020000e+001  8.8499112e+002  4.3300000e+000
  1.1070000e+001  8.8800984e+002  4.1700000e+000
  1.1120000e+001  8.9121693e+002  3.8800000e+000
  1.1170000e+001  8.9442447e+002  3.6700000e+000
  1.1220000e+001  8.9763500e+002  3.6700000e+000
  1.1270000e+001  9.0084109e+002  4.3500000e+000
  1.1320000e+001  9.0419992e+002  3.9000000e+000
  1.1420000e+001  9.1104644e+002  3.7000000e+000
  1.1520000e+001  9.1789252e+002  4.0600000e+000
  1.1570000e+001  9.2131044e+002  4.2500000e+000
  1.1670000e+001  9.2876161e+002  4.2600000e+000
  1.1720000e+001  9.3415681e+002  3.3800000e+000
  1.1770000e+001  9.4048514e+002  3.2900000e+000
  1.1820000e+001  9.4761845e+002  3.4000000e+000
  1.1870000e+001  9.5474444e+002  3.3400000e+000
  1.1970000e+001  9.6900605e+002  3.9500000e+000
  1.2020000e+001  9.7613401e+002  3.5200000e+000
  1.2070000e+001  9.8323121e+002  4.1000000e+000
  1.2170000e+001  9.9409495e+002  3.6300000e+000
  1.2220000e+001  9.9918812e+002  3.7600000e+000
  1.2320000e+001  1.0085218e+003  3.6200000e+000
  1.2370000e+001  1.0122600e+003  3.6400000e+000
  1.2420000e+001  1.0160001e+003  3.4200000e+000
  1.2520000e+001  1.0234888e+003  2.9800000e+000
  1.2570000e+001  1.0272361e+003  3.4500000e+000
  1.2670000e+001  1.0363666e+003  3.8800000e+000
  1.2770000e+001  1.0465538e+003  3.7300000e+000
  1.2820000e+001  1.0516861e+003  3.8900000e+000
  1.2870000e+001  1.0568333e+003  3.6400000e+000
  1.3020000e+001  1.0739890e+003  3.2700000e+000
  1.3070000e+001  1.0811196e+003  3.3100000e+000
  1.3120000e+001  1.0882475e+003  3.5500000e+000
  1.3170000e+001  1.0953838e+003  3.3900000e+000
  1.3230000e+001  1.1039325e+003  4.0300000e+000
  1.3320000e+001  1.1141948e+003  4.2000000e+000
  1.3370000e+001  1.1186372e+003  4.1300000e+000
  1.3420000e+001  1.1223793e+003  4.1500000e+000
  1.3470000e+001  1.1261220e+003  4.0600000e+000
  1.3570000e+001  1.1336089e+003  3.8700000e+000
  1.3620000e+001  1.1373523e+003  3.9300000e+000
  1.3670000e+001  1.1414457e+003  3.6900000e+000
  1.3720000e+001  1.1461445e+003  3.3700000e+000
  1.3770000e+001  1.1510446e+003  3.6400000e+000
  1.3820000e+001  1.1561793e+003  3.5600000e+000
  1.3920000e+001  1.1674185e+003  3.0400000e+000
  1.4020000e+001  1.1816202e+003  3.5200000e+000
  1.4070000e+001  1.1871981e+003  3.0300000e+000
  1.4120000e+001  1.1924712e+003  4.0000000e+000
  1.4170000e+001  1.1975581e+003  3.8300000e+000
  1.4220000e+001  1.2024439e+003  3.5700000e+000
  1.4270000e+001  1.2070029e+003  3.7900000e+000
  1.4320000e+001  1.2112871e+003  3.8200000e+000
  1.4350000e+001  1.2141370e+003  3.8100000e+000
  1.4410000e+001  1.2200000e+003  3.6400000e+000
