  6.0000000e-002  0.0000000e+000  3.2800000e+000
  5.6000000e-001  4.2794663e+000  3.2200000e+000
  6.6000000e-001  5.1353595e+000  3.2200000e+000
  8.6000000e-001  6.8471460e+000  3.2300000e+000
  9.1000000e-001  7.2750927e+000  3.3000000e+000
  9.6000000e-001  7.7030393e+000  3.3500000e+000
  1.0100000e+000  8.1309859e+000  3.5700000e+000
  1.0600000e+000  8.5589325e+000  3.3300000e+000
  1.1100000e+000  8.9868792e+000  3.4100000e+000
  1.1600000e+000  9.4148258e+000  3.6100000e+000
  1.3200000e+000  1.0627388e+001  3.7400000e+000
  1.3700000e+000  1.0969736e+001  3.7900000e+000
  1.4100000e+000  1.1243632e+001  3.9300000e+000
  1.5700000e+000  1.2339199e+001  4.2400000e+000
  1.6100000e+000  1.2613078e+001  4.6800000e+000
  1.6600000e+000  1.2955426e+001  4.1100000e+000
  1.7100000e+000  1.3238226e+001  4.3100000e+000
  1.8200000e+000  1.3840776e+001  4.2500000e+000
  1.8600000e+000  1.4059885e+001  4.3500000e+000
  1.9100000e+000  1.4333772e+001  4.4800000e+000
  2.0600000e+000  1.5155430e+001  4.5700000e+000
  2.1100000e+000  1.5429317e+001  4.6400000e+000
  2.1600000e+000  1.5703203e+001  4.7200000e+000
  2.3200000e+000  1.6579639e+001  4.8700000e+000
  2.3600000e+000  1.6798748e+001  4.8600000e+000
  2.4100000e+000  1.7068095e+001  4.9000000e+000
  2.4600000e+000  1.7324866e+001  4.8300000e+000
  2.5100000e+000  1.7581636e+001  4.8800000e+000
  2.6100000e+000  1.8095176e+001  4.9100000e+000
  2.6600000e+000  1.8351946e+001  4.8500000e+000
  2.8200000e+000  1.9173611e+001  4.8500000e+000
  2.8700000e+000  1.9430381e+001  4.8900000e+000
  2.9100000e+000  1.9635797e+001  4.8200000e+000
  2.9600000e+000  1.9892567e+001  4.7400000e+000
  3.0100000e+000  2.0149335e+001  4.9000000e+000
  3.0600000e+000  2.0406101e+001  4.8000000e+000
  3.1100000e+000  2.0662867e+001  4.8800000e+000
  3.2100000e+000  2.1176398e+001  4.7200000e+000
  3.3200000e+000  2.1741283e+001  4.7600000e+000
  3.3600000e+000  2.1946695e+001  4.8600000e+000
  3.4100000e+000  2.2203461e+001  4.8400000e+000
  3.4600000e+000  2.2460227e+001  4.7500000e+000
  3.5100000e+000  2.2716993e+001  4.7700000e+000
  3.5600000e+000  2.2973759e+001  4.8300000e+000
  3.6100000e+000  2.3230528e+001  4.9100000e+000
  3.8600000e+000  2.4514379e+001  4.7200000e+000
  3.9100000e+000  2.4771149e+001  4.8500000e+000
  3.9600000e+000  2.5027919e+001  4.7000000e+000
  4.0100000e+000  2.5284690e+001  4.8600000e+000
  4.0600000e+000  2.5541460e+001  4.8200000e+000
  4.3200000e+000  2.6876650e+001  4.7100000e+000
  4.3700000e+000  2.7133415e+001  4.8100000e+000
  4.4100000e+000  2.7338828e+001  4.7600000e+000
  4.4600000e+000  2.7595594e+001  4.8600000e+000
  4.5700000e+000  2.8160479e+001  4.7700000e+000
  4.6100000e+000  2.8365891e+001  4.7900000e+000
  4.6600000e+000  2.8622657e+001  4.8300000e+000
  4.7100000e+000  2.8879423e+001  4.7700000e+000
  4.8200000e+000  2.9444315e+001  4.7200000e+000
  4.9100000e+000  2.9906501e+001  4.8100000e+000
  4.9500000e+000  3.0111918e+001  4.6100000e+000
  5.0600000e+000  3.0676812e+001  4.7300000e+000
  5.1600000e+000  3.1190352e+001  4.7200000e+000
  5.2300000e+000  3.1549831e+001  4.6600000e+000
  5.3200000e+000  3.2012017e+001  4.5500000e+000
  5.3600000e+000  3.2217429e+001  4.6900000e+000
  5.4100000e+000  3.2474195e+001  4.6200000e+000
  5.4600000e+000  3.2730961e+001  4.6900000e+000
  5.7700000e+000  3.4322909e+001  4.7000000e+000
  5.8700000e+000  3.4836440e+001  4.6200000e+000
  5.9200000e+000  3.5093208e+001  4.6400000e+000
  6.0200000e+000  3.5606748e+001  4.6200000e+000
  6.0700000e+000  3.5863518e+001  4.3700000e+000
  6.1200000e+000  3.6120288e+001  4.6700000e+000
  6.1700000e+000  3.6377058e+001  4.6600000e+000
  6.2200000e+000  3.6633829e+001  4.6000000e+000
  6.2700000e+000  3.6890599e+001  4.4600000e+000
  6.4200000e+000  3.7660909e+001  4.5000000e+000
  6.5200000e+000  3.8174447e+001  4.5700000e+000
  6.5700000e+000  3.8431212e+001  4.5900000e+000
  6.6200000e+000  3.8687978e+001  4.6700000e+000
  6.6700000e+000  3.8944744e+001  4.5500000e+000
  6.7200000e+000  3.9201510e+001  4.5600000e+000
  6.8700000e+000  3.9971807e+001  4.4200000e+000
  6.9200000e+000  4.0228573e+001  4.4800000e+000
  7.0200000e+000  4.0742104e+001  4.6000000e+000
  7.0700000e+000  4.0998870e+001  4.5700000e+000
  7.1200000e+000  4.1272681e+001  4.4900000e+000
  7.1700000e+000  4.1546568e+001  4.5000000e+000
  7.2200000e+000  4.1820454e+001  4.5000000e+000
  7.2700000e+000  4.2094340e+001  4.4400000e+000
  7.5200000e+000  4.3463772e+001  4.5600000e+000
  7.5700000e+000  4.3737658e+001  4.4800000e+000
  7.6700000e+000  4.4285431e+001  4.5700000e+000
  7.7200000e+000  4.4559317e+001  4.5100000e+000
  7.8700000e+000  4.5380976e+001  4.5100000e+000
  7.9700000e+000  4.5928748e+001  4.4700000e+000
  8.0200000e+000  4.6202635e+001  4.5300000e+000
  8.0700000e+000  4.6476521e+001  4.4300000e+000
  8.1200000e+000  4.6750407e+001  4.5500000e+000
  8.1700000e+000  4.7024294e+001  4.4700000e+000
  8.4200000e+000  4.8393725e+001  4.6100000e+000
  8.4700000e+000  4.8667612e+001  4.4400000e+000
  8.5200000e+000  4.8941498e+001  4.4000000e+000
  8.5700000e+000  4.9215384e+001  4.4700000e+000
  8.6200000e+000  4.9489271e+001  4.4000000e+000
  8.6700000e+000  4.9763157e+001  4.5000000e+000
  8.7200000e+000  5.0037043e+001  4.4700000e+000
  8.7700000e+000  5.0310929e+001  4.3900000e+000
  9.0200000e+000  5.1680361e+001  4.5100000e+000
  9.0700000e+000  5.1954247e+001  4.4800000e+000
  9.1200000e+000  5.2228134e+001  4.4800000e+000
  9.1700000e+000  5.2502020e+001  4.5500000e+000
  9.2700000e+000  5.3049793e+001  4.4800000e+000
  9.3700000e+000  5.3597565e+001  4.4400000e+000
  9.4200000e+000  5.3871451e+001  4.5100000e+000
  9.4700000e+000  5.4145338e+001  4.4100000e+000
  9.5200000e+000  5.4419224e+001  4.3800000e+000
  9.6200000e+000  5.4966997e+001  4.3800000e+000
  9.6700000e+000  5.5240883e+001  4.3900000e+000
  9.7200000e+000  5.5514769e+001  4.4000000e+000
  9.8700000e+000  5.6336428e+001  4.4000000e+000
  9.9200000e+000  5.6610315e+001  4.4200000e+000
  9.9700000e+000  5.6884201e+001  4.4500000e+000
  1.0020000e+001  5.7158081e+001  4.5200000e+000
  1.0070000e+001  5.7431956e+001  4.5400000e+000
  1.0120000e+001  5.7705831e+001  4.5100000e+000
  1.0220000e+001  5.8253581e+001  4.5200000e+000
  1.0320000e+001  5.8801331e+001  4.3300000e+000
  1.0370000e+001  5.9075206e+001  4.4500000e+000
  1.0420000e+001  5.9349081e+001  4.5200000e+000
  1.0470000e+001  5.9622956e+001  4.4600000e+000
  1.0570000e+001  6.0170706e+001  4.4600000e+000
  1.0770000e+001  6.1266228e+001  4.4400000e+000
  1.0920000e+001  6.2087921e+001  4.4600000e+000
  1.0970000e+001  6.2361819e+001  4.3900000e+000
  1.1020000e+001  6.2635716e+001  4.3000000e+000
  1.1180000e+001  6.3512188e+001  4.3900000e+000
  1.1430000e+001  6.4881676e+001  4.4400000e+000
  1.1480000e+001  6.5155574e+001  4.4300000e+000
  1.1530000e+001  6.5429471e+001  4.5000000e+000
  1.1580000e+001  6.5703369e+001  4.5700000e+000
  1.1680000e+001  6.6251164e+001  4.5200000e+000
  1.1730000e+001  6.6525062e+001  4.5300000e+000
  1.1980000e+001  6.7894549e+001  4.5000000e+000
  1.2030000e+001  6.8168447e+001  4.5200000e+000
  1.2130000e+001  6.8716242e+001  4.5700000e+000
  1.2180000e+001  6.8990140e+001  4.4600000e+000
  1.2280000e+001  6.9537861e+001  4.4400000e+000
  1.2380000e+001  7.0085581e+001  4.5800000e+000
  1.2430000e+001  7.0359441e+001  4.4400000e+000
  1.2480000e+001  7.0633301e+001  4.3500000e+000
  1.2530000e+001  7.0907161e+001  4.4300000e+000
  1.2580000e+001  7.1181021e+001  4.4500000e+000
  1.2630000e+001  7.1454882e+001  4.3600000e+000
  1.2680000e+001  7.1728742e+001  4.3400000e+000
  1.2730000e+001  7.2002602e+001  4.3100000e+000
  1.2880000e+001  7.2824182e+001  4.2800000e+000
  1.2930000e+001  7.3122603e+001  4.2200000e+000
  1.2980000e+001  7.3465068e+001  4.2000000e+000
  1.3030000e+001  7.3807534e+001  4.2300000e+000
  1.3080000e+001  7.4149897e+001  4.0400000e+000
  1.3130000e+001  7.4492129e+001  4.1300000e+000
  1.3180000e+001  7.4834360e+001  4.1800000e+000
  1.3230000e+001  7.5176712e+001  4.1200000e+000
  1.3280000e+001  7.5519178e+001  4.1400000e+000
  1.3330000e+001  7.5861644e+001  4.1600000e+000
  1.3380000e+001  7.6204110e+001  4.0600000e+000
  1.3430000e+001  7.6546575e+001  4.0200000e+000
  1.3480000e+001  7.6889041e+001  4.1600000e+000
  1.3580000e+001  7.7573580e+001  4.1600000e+000
  1.3630000e+001  7.7915811e+001  4.0800000e+000
  1.3680000e+001  7.8258219e+001  4.0100000e+000
  1.3730000e+001  7.8600685e+001  4.0700000e+000
  1.3780000e+001  7.8943151e+001  4.0200000e+000
  1.3930000e+001  7.9969884e+001  3.9700000e+000
  1.3980000e+001  8.0312329e+001  3.8200000e+000
  1.4050000e+001  8.0791781e+001  3.7800000e+000
  1.4250000e+001  8.2160959e+001  3.5500000e+000
  1.4500000e+001  8.3872690e+001  4.0500000e+000
  1.4550000e+001  8.4215068e+001  3.9000000e+000
  1.4600000e+001  8.4557534e+001  3.9800000e+000
  1.4650000e+001  8.4900000e+001  3.8700000e+000
  1.4700000e+001  8.5242300e+001  3.8100000e+000
  1.4750000e+001  8.5584531e+001  4.0000000e+000
  1.4800000e+001  8.5926762e+001  3.9400000e+000
  1.4850000e+001  8.6336415e+001  4.0500000e+000
  1.5100000e+001  8.8476460e+001  3.9300000e+000
  1.5150000e+001  8.8904468e+001  3.9800000e+000
  1.5250000e+001  8.9760486e+001  4.0700000e+000
  1.5300000e+001  9.0188495e+001  3.9000000e+000
  1.5350000e+001  9.0616504e+001  3.9700000e+000
  1.5400000e+001  9.1044505e+001  3.9700000e+000
  1.5450000e+001  9.1472441e+001  3.9500000e+000
  1.5550000e+001  9.2328312e+001  3.9500000e+000
  1.5600000e+001  9.2756248e+001  3.8800000e+000
  1.5650000e+001  9.3184183e+001  3.9300000e+000
  1.5700000e+001  9.3612119e+001  3.8400000e+000
  1.5750000e+001  9.4040055e+001  3.8900000e+000
  1.5800000e+001  9.4467990e+001  3.7800000e+000
  1.5950000e+001  9.5751797e+001  3.5400000e+000
  1.6000000e+001  9.6179733e+001  3.7000000e+000
  1.6050000e+001  9.6607669e+001  3.7200000e+000
  1.6100000e+001  9.7035604e+001  3.7300000e+000
  1.6150000e+001  9.7463540e+001  3.7800000e+000
  1.6200000e+001  9.7891476e+001  3.7800000e+000
  1.6250000e+001  9.8319411e+001  3.7100000e+000
  1.6300000e+001  9.8747347e+001  3.6900000e+000
  1.6350000e+001  9.9175282e+001  3.8400000e+000
  1.6400000e+001  9.9603218e+001  3.8800000e+000
  1.6500000e+001  1.0045909e+002  3.7700000e+000
  1.6550000e+001  1.0088702e+002  4.0200000e+000
  1.6600000e+001  1.0125188e+002  4.0600000e+000
  1.6700000e+001  1.0193634e+002  3.7200000e+000
  1.6750000e+001  1.0227877e+002  3.7800000e+000
  1.6800000e+001  1.0262123e+002  3.8200000e+000
  1.6850000e+001  1.0296370e+002  3.9400000e+000
  1.6900000e+001  1.0330595e+002  3.8900000e+000
  1.6950000e+001  1.0364819e+002  3.9600000e+000
  1.7050000e+001  1.0433288e+002  3.8800000e+000
  1.7100000e+001  1.0467534e+002  3.9400000e+000
  1.7150000e+001  1.0501781e+002  3.9500000e+000
  1.7200000e+001  1.0536027e+002  3.9100000e+000
  1.7250000e+001  1.0570274e+002  3.9500000e+000
  1.7300000e+001  1.0604517e+002  3.9000000e+000
  1.7350000e+001  1.0638741e+002  3.9000000e+000
  1.7450000e+001  1.0707192e+002  3.9000000e+000
  1.7600000e+001  1.0809925e+002  3.9700000e+000
  1.7650000e+001  1.0844148e+002  3.9400000e+000
  1.7700000e+001  1.0878371e+002  4.0300000e+000
  1.7750000e+001  1.0912603e+002  4.0100000e+000
  1.7800000e+001  1.0946849e+002  4.0100000e+000
  1.7900000e+001  1.1015332e+002  3.9500000e+000
  1.7950000e+001  1.1049555e+002  4.0700000e+000
  1.8050000e+001  1.1118014e+002  3.8700000e+000
  1.8100000e+001  1.1152260e+002  4.0300000e+000
  1.8150000e+001  1.1186507e+002  3.9400000e+000
  1.8200000e+001  1.1220739e+002  3.9500000e+000
  1.8250000e+001  1.1254962e+002  3.9300000e+000
  1.8300000e+001  1.1289185e+002  3.9000000e+000
  1.8350000e+001  1.1323425e+002  3.9800000e+000
  1.8400000e+001  1.1357671e+002  3.8300000e+000
  1.8450000e+001  1.1391918e+002  3.7900000e+000
  1.8500000e+001  1.1426146e+002  3.5300000e+000
  1.8830000e+001  1.1652088e+002  3.3900000e+000
  1.9130000e+001  1.1857534e+002  2.9400000e+000
  1.9230000e+001  1.1926010e+002  3.0100000e+000
  1.9280000e+001  1.1960233e+002  3.0300000e+000
  1.9330000e+001  1.1994456e+002  3.0300000e+000
  1.9430000e+001  1.2062945e+002  3.1400000e+000
  1.9580000e+001  1.2165640e+002  3.3000000e+000
  1.9630000e+001  1.2199863e+002  3.0800000e+000
  1.9680000e+001  1.2234110e+002  2.8200000e+000
  1.9730000e+001  1.2268356e+002  2.9700000e+000
  1.9780000e+001  1.2302601e+002  2.6900000e+000
  1.9880000e+001  1.2371047e+002  3.0500000e+000
  1.9930000e+001  1.2405274e+002  2.9400000e+000
  1.9980000e+001  1.2439521e+002  2.8000000e+000
  2.0030000e+001  1.2473767e+002  2.9600000e+000
  2.0080000e+001  1.2508008e+002  2.9200000e+000
  2.0130000e+001  1.2542231e+002  2.8900000e+000
  2.0280000e+001  1.2644932e+002  3.0100000e+000
  2.0330000e+001  1.2679178e+002  3.2200000e+000
  2.0380000e+001  1.2713415e+002  3.1800000e+000
  2.0430000e+001  1.2747639e+002  3.3000000e+000
  2.0480000e+001  1.2781862e+002  3.4900000e+000
  2.0530000e+001  1.2820116e+002  3.4700000e+000
  2.0580000e+001  1.2862917e+002  3.3800000e+000
  2.0630000e+001  1.2905718e+002  3.5800000e+000
  2.0680000e+001  1.2948519e+002  3.7600000e+000
  2.0730000e+001  1.2991320e+002  3.7400000e+000
  2.0830000e+001  1.3076922e+002  4.0200000e+000
  2.0880000e+001  1.3119723e+002  4.1100000e+000
  2.0930000e+001  1.3162524e+002  4.1700000e+000
  2.1030000e+001  1.3248125e+002  4.1500000e+000
  2.1130000e+001  1.3333721e+002  4.4600000e+000
  2.1180000e+001  1.3376515e+002  4.4900000e+000
  2.1230000e+001  1.3419308e+002  4.5500000e+000
  2.1280000e+001  1.3462102e+002  4.6600000e+000
  2.1330000e+001  1.3504896e+002  4.6100000e+000
  2.1430000e+001  1.3590483e+002  4.7400000e+000
  2.1480000e+001  1.3633276e+002  4.7300000e+000
  2.1530000e+001  1.3676070e+002  4.7300000e+000
  2.1580000e+001  1.3718863e+002  4.9300000e+000
  2.1630000e+001  1.3761657e+002  4.8800000e+000
  2.1640000e+001  1.3770216e+002  4.8200000e+000
  2.1690000e+001  1.3813009e+002  4.8600000e+000
  2.1790000e+001  1.3898596e+002  4.9300000e+000
  2.1940000e+001  1.4026977e+002  4.6100000e+000
  2.1990000e+001  1.4069771e+002  4.6400000e+000
  2.2040000e+001  1.4112564e+002  4.8400000e+000
  2.2090000e+001  1.4155358e+002  4.6300000e+000
  2.2140000e+001  1.4198151e+002  4.7500000e+000
  2.2240000e+001  1.4283738e+002  4.7800000e+000
  2.2340000e+001  1.4369326e+002  4.7500000e+000
  2.2390000e+001  1.4412119e+002  4.7800000e+000
  2.2490000e+001  1.4497706e+002  4.7100000e+000
  2.2540000e+001  1.4540500e+002  4.5700000e+000
  2.2590000e+001  1.4583293e+002  4.6900000e+000
  2.2640000e+001  1.4626087e+002  4.6700000e+000
  2.2690000e+001  1.4668881e+002  4.7800000e+000
  2.2740000e+001  1.4711674e+002  4.7000000e+000
  2.2790000e+001  1.4754468e+002  4.6000000e+000
  2.2890000e+001  1.4832055e+002  4.7300000e+000
  2.2940000e+001  1.4866301e+002  4.8200000e+000
  2.2990000e+001  1.4900548e+002  4.7000000e+000
  2.3390000e+001  1.5174401e+002  4.6700000e+000
  2.3690000e+001  1.5379808e+002  4.6400000e+000
  2.3740000e+001  1.5411230e+002  4.5400000e+000
  2.3790000e+001  1.5438620e+002  4.6600000e+000
  2.3840000e+001  1.5466009e+002  4.5200000e+000
  2.3890000e+001  1.5493399e+002  4.5900000e+000
  2.3990000e+001  1.5548179e+002  4.7300000e+000
  2.4140000e+001  1.5630348e+002  4.6500000e+000
  2.4190000e+001  1.5657738e+002  4.6300000e+000
  2.4290000e+001  1.5712517e+002  4.6000000e+000
  2.4340000e+001  1.5739907e+002  4.6600000e+000
  2.4390000e+001  1.5767297e+002  4.8100000e+000
  2.4440000e+001  1.5794686e+002  4.7100000e+000
  2.4490000e+001  1.5822076e+002  4.7500000e+000
  2.4590000e+001  1.5876856e+002  4.6700000e+000
  2.4690000e+001  1.5931635e+002  4.7500000e+000
  2.4790000e+001  1.5986415e+002  4.6700000e+000
  2.4840000e+001  1.6013804e+002  4.8800000e+000
  2.4990000e+001  1.6095974e+002  4.6600000e+000
  2.5040000e+001  1.6123363e+002  4.7600000e+000
  2.5090000e+001  1.6150753e+002  4.5700000e+000
  2.5140000e+001  1.6178143e+002  4.5700000e+000
  2.5190000e+001  1.6205532e+002  4.5800000e+000
  2.5240000e+001  1.6232918e+002  4.7400000e+000
  2.5290000e+001  1.6260304e+002  4.6300000e+000
  2.5340000e+001  1.6287690e+002  4.4500000e+000
  2.5390000e+001  1.6315076e+002  4.6700000e+000
  2.5440000e+001  1.6342462e+002  4.6100000e+000
  2.5490000e+001  1.6369848e+002  4.5500000e+000
  2.5540000e+001  1.6397234e+002  4.5100000e+000
  2.5640000e+001  1.6452006e+002  4.3400000e+000
  2.5740000e+001  1.6506778e+002  4.5500000e+000
  2.5790000e+001  1.6534164e+002  4.5100000e+000
  2.5840000e+001  1.6561550e+002  4.4600000e+000
  2.5890000e+001  1.6588936e+002  4.5400000e+000
  2.5940000e+001  1.6616324e+002  4.4500000e+000
  2.5990000e+001  1.6643714e+002  4.3800000e+000
  2.6140000e+001  1.6725883e+002  4.3800000e+000
  2.6340000e+001  1.6835442e+002  4.4100000e+000
  2.6440000e+001  1.6890222e+002  4.4100000e+000
  2.6490000e+001  1.6917612e+002  4.4700000e+000
  2.6540000e+001  1.6945001e+002  4.4600000e+000
  2.6590000e+001  1.6972391e+002  4.4000000e+000
  2.6640000e+001  1.6999781e+002  4.4500000e+000
  2.6690000e+001  1.7027171e+002  4.4300000e+000
  2.6740000e+001  1.7054560e+002  4.4500000e+000
  2.6790000e+001  1.7081950e+002  4.3800000e+000
  2.6840000e+001  1.7109340e+002  4.4300000e+000
  2.6940000e+001  1.7164119e+002  4.2800000e+000
  2.6990000e+001  1.7191509e+002  4.3100000e+000
  2.7040000e+001  1.7218899e+002  4.3400000e+000
  2.7090000e+001  1.7246289e+002  4.3800000e+000
  2.7140000e+001  1.7273678e+002  4.3300000e+000
  2.7240000e+001  1.7328458e+002  4.3000000e+000
  2.7300000e+001  1.7361326e+002  4.0700000e+000
  2.7340000e+001  1.7383237e+002  4.1300000e+000
  2.7390000e+001  1.7410626e+002  4.1300000e+000
  2.7440000e+001  1.7438012e+002  4.1000000e+000
  2.7540000e+001  1.7492784e+002  4.2000000e+000
  2.7590000e+001  1.7520170e+002  4.1300000e+000
  2.7640000e+001  1.7547556e+002  4.3600000e+000
  2.7690000e+001  1.7574942e+002  4.3000000e+000
  2.7790000e+001  1.7629714e+002  4.1900000e+000
  2.7840000e+001  1.7657100e+002  4.2100000e+000
  2.7990000e+001  1.7739258e+002  4.3100000e+000
  2.8040000e+001  1.7766644e+002  4.2700000e+000
  2.8090000e+001  1.7794030e+002  4.3400000e+000
  2.8140000e+001  1.7826781e+002  4.3700000e+000
  2.8190000e+001  1.7861027e+002  4.4000000e+000
  2.8240000e+001  1.7895274e+002  4.4100000e+000
  2.8340000e+001  1.7963723e+002  4.3500000e+000
  2.8440000e+001  1.8032192e+002  4.4000000e+000
  2.8490000e+001  1.8066438e+002  4.3700000e+000
  2.8590000e+001  1.8134932e+002  4.5000000e+000
  2.8690000e+001  1.8203422e+002  4.3200000e+000
  2.9130000e+001  1.8504658e+002  4.4900000e+000
  2.9180000e+001  1.8538904e+002  4.3800000e+000
  2.9230000e+001  1.8573151e+002  4.4400000e+000
  2.9280000e+001  1.8607392e+002  4.4300000e+000
  2.9380000e+001  1.8675838e+002  4.4900000e+000
  2.9430000e+001  1.8710068e+002  4.3800000e+000
  2.9530000e+001  1.8778562e+002  4.4000000e+000
  2.9580000e+001  1.8812799e+002  4.3900000e+000
  2.9630000e+001  1.8847023e+002  4.3500000e+000
  2.9680000e+001  1.8881246e+002  4.3200000e+000
  2.9880000e+001  1.9018207e+002  4.3200000e+000
  3.0180000e+001  1.9223614e+002  4.1300000e+000
  3.0280000e+001  1.9292060e+002  4.2000000e+000
  3.0330000e+001  1.9326301e+002  4.1900000e+000
  3.0430000e+001  1.9394795e+002  4.0800000e+000
  3.3030000e+001  2.1618846e+002  3.4400000e+000
  3.3130000e+001  2.1704433e+002  3.5200000e+000
  3.3180000e+001  2.1747227e+002  3.6800000e+000
  3.3280000e+001  2.1832814e+002  3.7500000e+000
  3.3330000e+001  2.1875608e+002  3.9600000e+000
  3.3430000e+001  2.1961195e+002  3.9700000e+000
  3.3530000e+001  2.2046782e+002  4.0800000e+000
  3.3880000e+001  2.2346337e+002  4.1800000e+000
  3.4030000e+001  2.2474718e+002  4.2200000e+000
  3.4080000e+001  2.2517511e+002  4.2200000e+000
  3.4180000e+001  2.2603098e+002  4.2600000e+000
  3.4250000e+001  2.2663009e+002  4.1900000e+000
  3.4350000e+001  2.2748596e+002  4.1200000e+000
  3.4800000e+001  2.3086995e+002  4.1300000e+000
  3.5100000e+001  2.3292402e+002  4.1300000e+000
  3.5250000e+001  2.3395137e+002  3.9300000e+000
  3.5400000e+001  2.3497810e+002  3.9400000e+000
  3.5550000e+001  2.3600548e+002  3.5200000e+000
  3.5600000e+001  2.3634771e+002  3.6900000e+000
  3.5650000e+001  2.3668994e+002  3.6500000e+000
  3.5700000e+001  2.3703219e+002  3.5300000e+000
  3.5850000e+001  2.3805955e+002  3.5000000e+000
  3.5900000e+001  2.3840178e+002  3.3400000e+000
  3.5950000e+001  2.3874401e+002  3.3700000e+000
  3.6000000e+001  2.3908630e+002  3.3200000e+000
  3.6100000e+001  2.3977123e+002  3.2300000e+000
  3.6150000e+001  2.4011370e+002  3.1400000e+000
  3.6200000e+001  2.4045616e+002  3.2200000e+000
  3.6450000e+001  2.4216781e+002  3.7900000e+000
  3.6600000e+001  2.4319507e+002  4.1500000e+000
  3.6650000e+001  2.4353730e+002  4.1500000e+000
  3.6700000e+001  2.4387953e+002  4.2300000e+000
  3.6750000e+001  2.4422192e+002  4.3100000e+000
  3.6800000e+001  2.4456438e+002  4.2800000e+000
  3.6850000e+001  2.4490685e+002  4.2600000e+000
  3.6950000e+001  2.4559138e+002  4.1600000e+000
  3.7000000e+001  2.4593361e+002  4.2200000e+000
  3.7200000e+001  2.4730322e+002  4.3200000e+000
  3.7300000e+001  2.4798768e+002  4.4300000e+000
  3.7350000e+001  2.4833014e+002  4.3100000e+000
  3.7400000e+001  2.4867260e+002  4.4900000e+000
  3.7450000e+001  2.4901506e+002  4.3800000e+000
  3.7500000e+001  2.4935729e+002  4.3100000e+000
  3.7600000e+001  2.5004178e+002  4.3000000e+000
  3.7650000e+001  2.5038425e+002  4.5000000e+000
  3.7700000e+001  2.5072671e+002  4.4600000e+000
  3.7800000e+001  2.5141136e+002  4.3900000e+000
  3.7900000e+001  2.5209589e+002  4.4300000e+000
  3.8000000e+001  2.5278082e+002  4.3800000e+000
  3.8050000e+001  2.5312329e+002  4.4000000e+000
  3.8120000e+001  2.5360274e+002  4.5300000e+000
  3.8170000e+001  2.5394521e+002  4.5600000e+000
  3.8220000e+001  2.5428747e+002  4.5800000e+000
  3.8270000e+001  2.5462971e+002  4.5100000e+000
  3.8320000e+001  2.5497194e+002  4.5200000e+000
  3.8370000e+001  2.5531438e+002  4.4100000e+000
  3.8420000e+001  2.5565685e+002  4.5000000e+000
  3.8520000e+001  2.5634155e+002  4.3900000e+000
  3.8570000e+001  2.5668378e+002  4.4900000e+000
  3.8620000e+001  2.5702603e+002  4.3800000e+000
  3.8670000e+001  2.5736849e+002  4.4300000e+000
  3.8720000e+001  2.5771096e+002  4.4700000e+000
  3.8770000e+001  2.5805339e+002  4.4800000e+000
  3.8820000e+001  2.5839562e+002  4.7400000e+000
  3.8920000e+001  2.5908014e+002  4.4800000e+000
  3.8970000e+001  2.5942260e+002  4.4700000e+000
  3.9120000e+001  2.6044969e+002  4.5600000e+000
  3.9170000e+001  2.6079192e+002  4.6300000e+000
  3.9220000e+001  2.6113425e+002  4.5200000e+000
  3.9270000e+001  2.6147671e+002  4.5000000e+000
  3.9320000e+001  2.6181918e+002  4.5100000e+000
  3.9370000e+001  2.6216153e+002  4.5000000e+000
  3.9420000e+001  2.6250376e+002  4.7000000e+000
  3.9470000e+001  2.6284600e+002  4.3300000e+000
  3.9620000e+001  2.6387329e+002  4.3000000e+000
  3.9670000e+001  2.6421561e+002  4.5000000e+000
  3.9770000e+001  2.6490007e+002  4.4600000e+000
  3.9870000e+001  2.6558493e+002  4.5100000e+000
  4.0560000e+001  2.7030959e+002  4.4500000e+000
  4.0600000e+001  2.7058356e+002  4.5200000e+000
  4.0700000e+001  2.7126831e+002  4.3600000e+000
  4.0760000e+001  2.7167899e+002  4.3100000e+000
  4.0860000e+001  2.7236370e+002  4.2300000e+000
  4.0900000e+001  2.7263767e+002  4.3400000e+000
  4.1300000e+001  2.7537645e+002  4.2300000e+000
  4.1360000e+001  2.7578713e+002  4.5000000e+000
  4.1420000e+001  2.7619795e+002  4.3600000e+000
  4.1460000e+001  2.7647192e+002  4.3700000e+000
  4.1660000e+001  2.7784120e+002  4.2600000e+000
  4.2100000e+001  2.8085421e+002  4.0900000e+000
  4.2260000e+001  2.8195000e+002  4.0700000e+000
  4.2300000e+001  2.8227987e+002  3.9300000e+000
  4.2400000e+001  2.8313574e+002  3.9500000e+000
  4.5860000e+001  3.1159959e+002  3.8800000e+000
  4.6010000e+001  3.1262671e+002  3.7200000e+000
  4.6060000e+001  3.1296918e+002  3.8100000e+000
  4.6160000e+001  3.1365366e+002  3.7600000e+000
  4.6210000e+001  3.1399589e+002  3.7100000e+000
  4.6310000e+001  3.1468082e+002  3.6200000e+000
  4.6410000e+001  3.1536550e+002  3.5200000e+000
  4.8110000e+001  3.2700548e+002  3.3500000e+000
  4.8260000e+001  3.2803285e+002  3.1600000e+000
  4.8660000e+001  3.3077139e+002  2.9600000e+000
  4.8710000e+001  3.3111370e+002  3.0300000e+000
  4.8810000e+001  3.3179863e+002  3.1600000e+000
  4.8910000e+001  3.3248323e+002  3.1200000e+000
  4.8960000e+001  3.3282546e+002  3.3500000e+000
  4.9010000e+001  3.3313421e+002  3.3600000e+000
  4.9060000e+001  3.3340811e+002  3.4200000e+000
  4.9510000e+001  3.3587319e+002  4.1600000e+000
  4.9560000e+001  3.3614708e+002  4.0600000e+000
  4.9810000e+001  3.3748425e+002  4.6200000e+000
  4.9960000e+001  3.3825454e+002  4.5300000e+000
  5.0010000e+001  3.3851130e+002  4.5300000e+000
  5.0060000e+001  3.3876806e+002  4.5300000e+000
  5.0110000e+001  3.3902482e+002  4.5500000e+000
  5.0260000e+001  3.3979510e+002  4.7000000e+000
  5.0310000e+001  3.4005187e+002  4.7300000e+000
  5.0410000e+001  3.4056539e+002  4.7400000e+000
  5.0460000e+001  3.4082215e+002  4.6600000e+000
  5.0660000e+001  3.4184920e+002  4.8000000e+000
  5.0710000e+001  3.4210596e+002  4.6900000e+000
  5.0810000e+001  3.4261948e+002  4.6300000e+000
  5.0860000e+001  3.4287624e+002  4.7900000e+000
  5.0960000e+001  3.4338983e+002  4.9200000e+000
  5.1010000e+001  3.4364664e+002  4.7900000e+000
  5.1110000e+001  3.4416025e+002  4.8700000e+000
  5.1160000e+001  3.4441705e+002  4.6700000e+000
  5.1500000e+001  3.4616330e+002  4.7200000e+000
  5.1650000e+001  3.4693358e+002  4.7900000e+000
  5.1700000e+001  3.4719035e+002  4.7400000e+000
  5.1800000e+001  3.4770387e+002  4.7500000e+000
  5.1850000e+001  3.4796063e+002  4.7500000e+000
  5.1900000e+001  3.4821739e+002  4.8200000e+000
  5.1950000e+001  3.4847415e+002  4.6200000e+000
  5.2000000e+001  3.4873091e+002  4.7400000e+000
  5.2050000e+001  3.4898768e+002  4.6700000e+000
  5.2100000e+001  3.4924444e+002  4.6400000e+000
  5.2150000e+001  3.4950120e+002  4.6600000e+000
  5.2200000e+001  3.4975796e+002  4.6600000e+000
  5.2250000e+001  3.5001472e+002  4.6600000e+000
  5.2300000e+001  3.5027148e+002  4.5400000e+000
  5.2350000e+001  3.5052824e+002  4.5400000e+000
  5.2400000e+001  3.5078501e+002  4.5500000e+000
  5.2500000e+001  3.5129853e+002  4.6600000e+000
  5.2550000e+001  3.5155529e+002  4.5700000e+000
  5.2600000e+001  3.5181205e+002  4.4600000e+000
  5.2650000e+001  3.5206881e+002  4.5700000e+000
  5.2700000e+001  3.5232557e+002  4.5600000e+000
  5.2800000e+001  3.5283910e+002  4.5200000e+000
  5.2850000e+001  3.5309586e+002  4.6400000e+000
  5.2900000e+001  3.5335262e+002  4.5100000e+000
  5.3000000e+001  3.5386614e+002  4.3700000e+000
  5.3100000e+001  3.5437966e+002  4.3000000e+000
  5.3200000e+001  3.5489319e+002  4.4300000e+000
  5.3250000e+001  3.5514995e+002  4.2900000e+000
  5.3400000e+001  3.5592023e+002  4.3500000e+000
  5.3450000e+001  3.5617699e+002  4.3900000e+000
  5.3500000e+001  3.5643376e+002  4.2900000e+000
  5.3550000e+001  3.5669052e+002  4.4500000e+000
  5.3600000e+001  3.5694728e+002  4.3400000e+000
  5.3650000e+001  3.5720404e+002  4.3400000e+000
  5.3700000e+001  3.5746080e+002  4.4000000e+000
  5.3800000e+001  3.5797432e+002  4.4600000e+000
  5.3850000e+001  3.5823109e+002  4.4300000e+000
  5.3900000e+001  3.5848785e+002  4.4700000e+000
  5.3950000e+001  3.5874461e+002  4.4400000e+000
  5.4000000e+001  3.5900137e+002  4.4600000e+000
  5.4050000e+001  3.5925813e+002  4.4700000e+000
  5.4100000e+001  3.5951489e+002  4.4600000e+000
  5.4150000e+001  3.5977165e+002  4.5800000e+000
  5.4200000e+001  3.6002841e+002  4.5000000e+000
  5.4250000e+001  3.6028518e+002  4.5100000e+000
  5.4250000e+001  3.6028518e+002  4.6000000e+000
  5.4300000e+001  3.6054194e+002  4.4900000e+000
  5.4350000e+001  3.6079870e+002  4.5600000e+000
  5.4450000e+001  3.6131222e+002  4.3900000e+000
  5.4550000e+001  3.6182574e+002  4.4900000e+000
  5.4650000e+001  3.6233927e+002  4.4800000e+000
  5.4700000e+001  3.6259603e+002  4.5500000e+000
  5.4750000e+001  3.6285279e+002  4.6200000e+000
  5.4800000e+001  3.6310955e+002  4.4700000e+000
  5.4850000e+001  3.6336631e+002  4.5200000e+000
  5.4900000e+001  3.6362307e+002  4.3900000e+000
  5.5000000e+001  3.6413662e+002  4.4900000e+000
  5.5050000e+001  3.6439343e+002  4.5400000e+000
  5.5150000e+001  3.6490704e+002  4.5700000e+000
  5.5200000e+001  3.6516384e+002  4.5200000e+000
  5.5250000e+001  3.6542065e+002  4.5400000e+000
  5.5300000e+001  3.6567745e+002  4.5100000e+000
  5.5450000e+001  3.6644787e+002  4.4200000e+000
  5.5500000e+001  3.6670467e+002  4.3600000e+000
  5.5600000e+001  3.6721825e+002  4.4100000e+000
  5.5650000e+001  3.6747501e+002  4.3100000e+000
  5.5700000e+001  3.6773177e+002  4.3900000e+000
  5.5750000e+001  3.6798853e+002  4.3700000e+000
  5.5800000e+001  3.6824529e+002  4.2800000e+000
  5.5850000e+001  3.6850205e+002  4.2800000e+000
  5.5900000e+001  3.6875882e+002  4.2900000e+000
  5.6000000e+001  3.6927234e+002  4.3700000e+000
  5.6050000e+001  3.6952910e+002  4.3000000e+000
  5.6150000e+001  3.7004262e+002  4.3200000e+000
  5.6200000e+001  3.7029938e+002  4.3000000e+000
  5.6250000e+001  3.7055615e+002  4.2100000e+000
  5.6300000e+001  3.7081291e+002  4.2900000e+000
  5.6350000e+001  3.7106967e+002  4.2100000e+000
  5.6650000e+001  3.7261024e+002  4.1800000e+000
  5.6800000e+001  3.7338052e+002  4.1700000e+000
  5.6850000e+001  3.7363728e+002  4.2500000e+000
  5.6970000e+001  3.7425351e+002  4.1800000e+000
  5.7020000e+001  3.7451027e+002  4.2000000e+000
  5.7070000e+001  3.7476703e+002  4.2000000e+000
  5.7120000e+001  3.7502379e+002  4.1400000e+000
  5.7170000e+001  3.7528055e+002  4.1800000e+000
  5.7220000e+001  3.7553732e+002  4.1600000e+000
  5.7270000e+001  3.7579408e+002  4.1500000e+000
  5.7470000e+001  3.7682112e+002  4.1300000e+000
  5.7520000e+001  3.7707788e+002  4.0600000e+000
  5.7570000e+001  3.7733465e+002  4.1800000e+000
  5.7620000e+001  3.7759141e+002  3.9900000e+000
  5.7670000e+001  3.7784817e+002  4.1200000e+000
  5.7720000e+001  3.7810493e+002  4.0900000e+000
  5.7820000e+001  3.7861845e+002  4.2500000e+000
  5.7870000e+001  3.7887521e+002  4.1800000e+000
  5.7920000e+001  3.7913198e+002  4.1600000e+000
  5.7970000e+001  3.7938874e+002  4.1800000e+000
  5.8020000e+001  3.7964550e+002  4.2300000e+000
  5.8070000e+001  3.7990226e+002  4.1800000e+000
  5.8120000e+001  3.8015902e+002  4.1000000e+000
  5.8220000e+001  3.8067254e+002  4.1200000e+000
  5.8270000e+001  3.8092931e+002  4.1500000e+000
  5.8320000e+001  3.8118607e+002  4.2100000e+000
  5.8370000e+001  3.8144283e+002  4.1600000e+000
  5.8420000e+001  3.8169959e+002  4.2500000e+000
  5.8470000e+001  3.8195635e+002  4.0900000e+000
  5.8520000e+001  3.8221315e+002  4.1000000e+000
  5.8570000e+001  3.8246995e+002  3.9700000e+000
  5.8620000e+001  3.8272676e+002  3.9600000e+000
  5.8670000e+001  3.8298356e+002  4.1900000e+000
  5.8720000e+001  3.8324037e+002  4.1100000e+000
  5.8770000e+001  3.8349718e+002  4.1600000e+000
  5.8870000e+001  3.8401079e+002  4.2100000e+000
  5.8920000e+001  3.8426759e+002  4.1400000e+000
  5.8970000e+001  3.8452440e+002  4.2200000e+000
  5.9020000e+001  3.8478120e+002  4.1700000e+000
  5.9070000e+001  3.8503800e+002  4.0800000e+000
  5.9120000e+001  3.8529476e+002  4.0900000e+000
  5.9170000e+001  3.8555152e+002  3.9600000e+000
  5.9220000e+001  3.8580828e+002  4.1900000e+000
  5.9270000e+001  3.8606505e+002  4.2200000e+000
  5.9320000e+001  3.8632181e+002  4.1100000e+000
  5.9420000e+001  3.8683533e+002  4.0700000e+000
  5.9520000e+001  3.8734885e+002  4.1000000e+000
  5.9570000e+001  3.8760561e+002  4.0500000e+000
  5.9620000e+001  3.8786238e+002  4.0300000e+000
  5.9720000e+001  3.8837590e+002  4.0800000e+000
  5.9770000e+001  3.8863266e+002  4.0100000e+000
  5.9820000e+001  3.8888942e+002  3.8600000e+000
  5.9920000e+001  3.8940294e+002  3.9600000e+000
  6.0020000e+001  3.8991647e+002  3.8100000e+000
  6.0070000e+001  3.9017323e+002  3.9600000e+000
  6.0120000e+001  3.9042999e+002  3.8600000e+000
  6.0170000e+001  3.9068675e+002  3.9500000e+000
  6.0270000e+001  3.9120027e+002  4.0100000e+000
  6.0470000e+001  3.9222732e+002  3.8900000e+000
  6.0520000e+001  3.9248408e+002  4.0300000e+000
  6.0620000e+001  3.9299760e+002  3.8100000e+000
  6.0670000e+001  3.9325436e+002  3.8900000e+000
  6.0720000e+001  3.9351113e+002  3.9000000e+000
  6.0820000e+001  3.9402629e+002  3.9600000e+000
  6.0920000e+001  3.9457409e+002  4.1300000e+000
  6.1120000e+001  3.9566968e+002  4.0200000e+000
  6.1420000e+001  3.9731306e+002  3.7300000e+000
  6.1520000e+001  3.9786086e+002  3.7300000e+000
  6.1620000e+001  3.9851061e+002  3.4000000e+000
  6.1670000e+001  3.9885284e+002  3.5300000e+000
  6.1720000e+001  3.9919521e+002  3.3800000e+000
  6.1770000e+001  3.9953767e+002  3.3700000e+000
  6.1820000e+001  3.9988014e+002  3.2700000e+000
  6.1920000e+001  4.0056468e+002  3.2200000e+000
  6.2020000e+001  4.0124932e+002  3.2700000e+000
  6.2120000e+001  4.0193425e+002  3.1400000e+000
  6.2220000e+001  4.0277371e+002  3.0700000e+000
  6.2270000e+001  4.0320164e+002  3.0900000e+000
  6.2320000e+001  4.0362958e+002  3.0000000e+000
  6.2370000e+001  4.0405751e+002  2.9800000e+000
  6.2420000e+001  4.0448545e+002  2.9700000e+000
  6.2470000e+001  4.0491339e+002  2.9500000e+000
  6.2520000e+001  4.0534132e+002  2.9100000e+000
  6.2670000e+001  4.0662513e+002  3.1000000e+000
  6.2770000e+001  4.0748100e+002  2.9300000e+000
  6.2820000e+001  4.0790894e+002  3.0300000e+000
  6.2920000e+001  4.0876481e+002  3.0400000e+000
  6.4370000e+001  4.2117494e+002  3.7500000e+000
  6.4520000e+001  4.2245883e+002  3.9900000e+000
  6.5120000e+001  4.2747570e+002  4.6200000e+000
  6.5270000e+001  4.2840208e+002  4.8000000e+000
  6.5520000e+001  4.2977157e+002  4.9700000e+000
  6.5620000e+001  4.3031936e+002  4.9200000e+000
  6.5670000e+001  4.3059326e+002  4.9100000e+000
  6.5820000e+001  4.3141495e+002  4.9800000e+000
  6.5870000e+001  4.3168885e+002  4.9300000e+000
  6.6070000e+001  4.3273536e+002  5.0200000e+000
  6.6120000e+001  4.3299213e+002  5.0800000e+000
  6.6170000e+001  4.3324889e+002  5.0000000e+000
  6.6220000e+001  4.3350565e+002  5.0700000e+000
  6.6270000e+001  4.3376241e+002  4.9300000e+000
  6.6320000e+001  4.3401917e+002  5.1400000e+000
  6.6370000e+001  4.3427593e+002  4.9400000e+000
  6.6420000e+001  4.3453269e+002  4.9200000e+000
  6.6470000e+001  4.3478946e+002  4.9900000e+000
  6.6520000e+001  4.3504622e+002  4.9800000e+000
  6.6570000e+001  4.3530298e+002  4.8700000e+000
  6.6620000e+001  4.3555974e+002  5.0200000e+000
  6.6670000e+001  4.3581650e+002  4.9500000e+000
  6.6770000e+001  4.3633002e+002  5.0500000e+000
  6.6820000e+001  4.3658679e+002  5.0800000e+000
  6.6870000e+001  4.3684355e+002  5.0000000e+000
  6.6920000e+001  4.3710031e+002  4.9400000e+000
  6.6970000e+001  4.3735707e+002  4.8300000e+000
  6.7020000e+001  4.3761383e+002  4.8900000e+000
  6.7070000e+001  4.3787059e+002  4.9400000e+000
  6.7120000e+001  4.3812735e+002  4.8700000e+000
  6.7170000e+001  4.3838412e+002  4.8500000e+000
  6.7220000e+001  4.3864088e+002  4.8900000e+000
  6.7270000e+001  4.3889764e+002  4.9400000e+000
  6.7320000e+001  4.3915440e+002  4.9000000e+000
  6.7370000e+001  4.3941116e+002  4.9700000e+000
  6.7470000e+001  4.3992468e+002  4.9000000e+000
  6.7520000e+001  4.4018144e+002  4.9000000e+000
  6.7570000e+001  4.4043821e+002  4.9100000e+000
  6.7620000e+001  4.4069497e+002  5.0000000e+000
  6.7670000e+001  4.4095173e+002  4.9000000e+000
  6.7720000e+001  4.4118535e+002  5.0000000e+000
  6.7770000e+001  4.4141360e+002  4.9200000e+000
  6.7870000e+001  4.4187012e+002  4.7700000e+000
  6.7920000e+001  4.4209838e+002  4.7600000e+000
  6.7970000e+001  4.4232664e+002  4.8400000e+000
  6.8070000e+001  4.4278315e+002  4.8600000e+000
  6.8120000e+001  4.4301141e+002  4.8900000e+000
  6.8170000e+001  4.4323967e+002  4.8900000e+000
  6.8220000e+001  4.4346793e+002  4.9300000e+000
  6.8270000e+001  4.4369619e+002  4.9200000e+000
  6.8320000e+001  4.4392445e+002  4.8300000e+000
  6.8370000e+001  4.4415270e+002  4.9600000e+000
  6.8420000e+001  4.4438096e+002  4.8900000e+000
  6.8520000e+001  4.4483748e+002  4.9100000e+000
  6.8570000e+001  4.4505915e+002  4.8700000e+000
  6.8620000e+001  4.4526455e+002  4.8300000e+000
  6.8670000e+001  4.4546994e+002  4.8800000e+000
  6.8720000e+001  4.4567534e+002  4.8500000e+000
  6.9020000e+001  4.4690771e+002  4.7800000e+000
  6.9120000e+001  4.4731850e+002  4.7400000e+000
  6.9170000e+001  4.4752389e+002  4.7900000e+000
  6.9220000e+001  4.4772929e+002  4.8000000e+000
  6.9320000e+001  4.4814010e+002  4.7900000e+000
  6.9370000e+001  4.4834552e+002  4.8000000e+000
  6.9420000e+001  4.4855094e+002  4.8000000e+000
  6.9470000e+001  4.4875637e+002  4.8000000e+000
  6.9520000e+001  4.4896179e+002  4.8000000e+000
  6.9570000e+001  4.4916721e+002  4.7100000e+000
  6.9620000e+001  4.4937264e+002  4.7800000e+000
  6.9670000e+001  4.4957806e+002  4.7700000e+000
  6.9720000e+001  4.4978348e+002  4.6600000e+000
  6.9770000e+001  4.4998891e+002  4.7300000e+000
  6.9820000e+001  4.5019433e+002  4.6700000e+000
  6.9870000e+001  4.5039975e+002  4.7100000e+000
  6.9920000e+001  4.5060518e+002  4.7000000e+000
  7.0020000e+001  4.5101602e+002  4.6700000e+000
  7.0070000e+001  4.5122145e+002  4.7400000e+000
  7.0120000e+001  4.5142687e+002  4.7300000e+000
  7.0170000e+001  4.5163229e+002  4.7300000e+000
  7.0220000e+001  4.5183772e+002  4.6500000e+000
  7.0270000e+001  4.5204314e+002  4.6400000e+000
  7.0320000e+001  4.5224856e+002  4.5600000e+000
  7.0370000e+001  4.5245399e+002  4.7400000e+000
  7.0420000e+001  4.5265941e+002  4.6700000e+000
  7.0470000e+001  4.5286483e+002  4.6500000e+000
  7.0520000e+001  4.5307025e+002  4.6100000e+000
  7.0570000e+001  4.5327568e+002  4.5100000e+000
  7.0620000e+001  4.5348110e+002  4.5100000e+000
  7.0670000e+001  4.5368652e+002  4.5400000e+000
  7.0720000e+001  4.5389195e+002  4.6000000e+000
  7.0770000e+001  4.5409736e+002  4.4700000e+000
  7.0820000e+001  4.5430275e+002  4.5700000e+000
  7.0870000e+001  4.5450815e+002  4.5600000e+000
  7.0920000e+001  4.5471354e+002  4.5800000e+000
  7.0970000e+001  4.5491894e+002  4.5600000e+000
  7.1020000e+001  4.5512433e+002  4.5900000e+000
  7.1070000e+001  4.5532973e+002  4.5800000e+000
  7.1120000e+001  4.5553512e+002  4.5800000e+000
  7.1170000e+001  4.5574052e+002  4.5800000e+000
  7.1220000e+001  4.5594591e+002  4.5500000e+000
  7.1270000e+001  4.5615131e+002  4.5100000e+000
  7.1320000e+001  4.5635670e+002  4.4900000e+000
  7.1370000e+001  4.5656210e+002  4.4900000e+000
  7.1420000e+001  4.5676749e+002  4.5200000e+000
  7.1470000e+001  4.5697289e+002  4.5000000e+000
  7.1520000e+001  4.5717831e+002  4.4700000e+000
  7.1570000e+001  4.5738373e+002  4.4300000e+000
  7.1620000e+001  4.5758915e+002  4.4300000e+000
  7.1670000e+001  4.5779458e+002  4.4000000e+000
  7.1770000e+001  4.5820542e+002  4.4400000e+000
  7.1820000e+001  4.5841085e+002  4.6200000e+000
  7.1870000e+001  4.5861627e+002  4.5200000e+000
  7.1920000e+001  4.5882169e+002  4.4800000e+000
  7.1970000e+001  4.5902712e+002  4.5600000e+000
  7.2070000e+001  4.5943796e+002  4.5100000e+000
  7.2170000e+001  4.5984881e+002  4.4700000e+000
  7.2270000e+001  4.6025965e+002  4.4700000e+000
  7.2320000e+001  4.6046508e+002  4.4700000e+000
  7.2370000e+001  4.6067050e+002  4.4700000e+000
  7.2420000e+001  4.6087592e+002  4.5300000e+000
  7.2470000e+001  4.6108135e+002  4.6500000e+000
  7.2520000e+001  4.6128677e+002  4.5900000e+000
  7.2570000e+001  4.6149219e+002  4.5600000e+000
  7.2620000e+001  4.6169762e+002  4.5200000e+000
  7.2670000e+001  4.6190304e+002  4.5300000e+000
  7.2770000e+001  4.6231389e+002  4.4700000e+000
  7.2820000e+001  4.6251931e+002  4.4400000e+000
  7.2870000e+001  4.6272473e+002  4.3200000e+000
  7.2920000e+001  4.6293016e+002  4.4600000e+000
  7.3070000e+001  4.6354635e+002  4.4300000e+000
  7.3100000e+001  4.6366959e+002  4.4400000e+000
  7.3150000e+001  4.6387498e+002  4.5200000e+000
  7.3200000e+001  4.6408038e+002  4.4500000e+000
  7.3250000e+001  4.6428577e+002  4.4700000e+000
  7.3350000e+001  4.6469656e+002  4.3600000e+000
  7.3400000e+001  4.6490196e+002  4.4400000e+000
  7.3450000e+001  4.6510735e+002  4.3800000e+000
  7.3500000e+001  4.6531275e+002  4.4900000e+000
  7.3550000e+001  4.6551814e+002  4.4700000e+000
  7.3600000e+001  4.6572354e+002  4.4500000e+000
  7.3650000e+001  4.6592893e+002  4.4700000e+000
  7.3700000e+001  4.6613435e+002  4.4500000e+000
  7.3750000e+001  4.6633977e+002  4.4900000e+000
  7.3800000e+001  4.6654519e+002  4.5000000e+000
  7.3850000e+001  4.6675062e+002  4.4300000e+000
  7.3900000e+001  4.6695604e+002  4.5100000e+000
  7.3950000e+001  4.6716146e+002  4.5100000e+000
  7.4050000e+001  4.6757231e+002  4.5100000e+000
  7.4100000e+001  4.6777773e+002  4.4800000e+000
  7.4200000e+001  4.6818858e+002  4.4900000e+000
  7.4250000e+001  4.6839400e+002  4.4700000e+000
  7.4300000e+001  4.6859942e+002  4.3700000e+000
  7.4350000e+001  4.6880485e+002  4.5700000e+000
  7.4400000e+001  4.6901027e+002  4.4600000e+000
  7.4450000e+001  4.6921569e+002  4.4600000e+000
  7.4500000e+001  4.6942112e+002  4.3300000e+000
  7.4550000e+001  4.6962654e+002  4.4300000e+000
  7.4600000e+001  4.6983196e+002  4.3600000e+000
  7.4750000e+001  4.7044823e+002  4.2800000e+000
  7.4800000e+001  4.7065366e+002  4.3600000e+000
  7.4850000e+001  4.7085908e+002  4.3500000e+000
  7.4900000e+001  4.7106450e+002  4.2600000e+000
  7.4950000e+001  4.7126993e+002  4.2600000e+000
  7.5000000e+001  4.7147535e+002  4.3200000e+000
  7.5050000e+001  4.7168077e+002  4.3700000e+000
  7.5100000e+001  4.7188620e+002  4.3500000e+000
  7.5150000e+001  4.7209161e+002  4.3800000e+000
  7.5200000e+001  4.7229700e+002  4.2900000e+000
  7.5250000e+001  4.7250240e+002  4.2500000e+000
  7.5300000e+001  4.7270779e+002  4.3700000e+000
  7.5350000e+001  4.7291319e+002  4.3700000e+000
  7.5400000e+001  4.7311858e+002  4.3300000e+000
  7.5450000e+001  4.7332398e+002  4.3400000e+000
  7.5500000e+001  4.7352937e+002  4.3000000e+000
  7.5550000e+001  4.7373477e+002  4.4000000e+000
  7.5650000e+001  4.7414556e+002  4.3400000e+000
  7.5700000e+001  4.7435095e+002  4.4900000e+000
  7.5750000e+001  4.7455635e+002  4.3700000e+000
  7.5800000e+001  4.7476174e+002  4.3500000e+000
  7.5850000e+001  4.7496714e+002  4.3100000e+000
  7.5900000e+001  4.7517256e+002  4.3400000e+000
  7.5950000e+001  4.7537798e+002  4.3100000e+000
  7.6050000e+001  4.7578882e+002  4.2900000e+000
  7.6100000e+001  4.7599425e+002  4.4500000e+000
  7.6150000e+001  4.7619967e+002  4.3800000e+000
  7.6200000e+001  4.7640509e+002  4.3900000e+000
  7.6250000e+001  4.7661052e+002  4.2900000e+000
  7.6300000e+001  4.7681594e+002  4.1400000e+000
  7.6350000e+001  4.7702136e+002  4.4800000e+000
  7.6400000e+001  4.7722679e+002  4.3400000e+000
  7.6450000e+001  4.7743221e+002  4.3700000e+000
  7.6500000e+001  4.7763763e+002  4.2900000e+000
  7.6550000e+001  4.7784306e+002  4.5500000e+000
  7.6600000e+001  4.7804848e+002  4.3000000e+000
  7.6700000e+001  4.7845933e+002  4.3400000e+000
  7.6750000e+001  4.7866475e+002  4.1900000e+000
  7.6800000e+001  4.7887017e+002  4.1500000e+000
  7.6850000e+001  4.7907560e+002  4.1500000e+000
  7.6900000e+001  4.7928102e+002  4.0900000e+000
  7.6950000e+001  4.7948644e+002  4.1200000e+000
  7.7000000e+001  4.7969187e+002  3.9400000e+000
  7.7050000e+001  4.7989729e+002  4.0500000e+000
  7.7100000e+001  4.8010271e+002  3.9000000e+000
  7.7200000e+001  4.8051356e+002  3.9100000e+000
  7.7250000e+001  4.8071898e+002  3.9800000e+000
  7.7300000e+001  4.8092440e+002  4.2500000e+000
  7.7350000e+001  4.8114423e+002  4.0500000e+000
  7.7400000e+001  4.8137243e+002  3.9800000e+000
  7.7450000e+001  4.8160064e+002  4.0800000e+000
  7.7500000e+001  4.8182885e+002  4.0700000e+000
  7.7550000e+001  4.8205705e+002  3.9700000e+000
  7.7650000e+001  4.8251346e+002  3.8800000e+000
  7.7700000e+001  4.8274167e+002  3.8900000e+000
  7.7750000e+001  4.8296988e+002  3.8700000e+000
  7.7900000e+001  4.8373652e+002  3.6400000e+000
  7.7980000e+001  4.8414741e+002  3.7600000e+000
  7.8030000e+001  4.8440421e+002  3.7700000e+000
  7.8080000e+001  4.8466102e+002  3.7100000e+000
  7.8180000e+001  4.8517463e+002  3.8100000e+000
  7.8230000e+001  4.8543143e+002  3.9000000e+000
  7.8280000e+001  4.8568824e+002  3.8200000e+000
  7.8330000e+001  4.8594504e+002  3.7900000e+000
  7.8380000e+001  4.8621525e+002  3.8200000e+000
  7.8430000e+001  4.8648911e+002  3.7500000e+000
  7.8480000e+001  4.8676297e+002  3.6900000e+000
  7.8530000e+001  4.8703683e+002  3.7100000e+000
  7.8630000e+001  4.8758455e+002  3.6900000e+000
  7.8680000e+001  4.8785841e+002  3.6400000e+000
  7.8730000e+001  4.8813227e+002  3.6900000e+000
  7.8830000e+001  4.8867999e+002  3.7400000e+000
  7.8880000e+001  4.8895385e+002  3.6100000e+000
  7.8930000e+001  4.8922771e+002  3.6400000e+000
  7.9030000e+001  4.8977543e+002  3.6800000e+000
  7.9180000e+001  4.9074658e+002  3.6200000e+000
  7.9480000e+001  4.9300051e+002  3.6900000e+000
  7.9530000e+001  4.9342845e+002  3.7000000e+000
  7.9580000e+001  4.9385638e+002  3.7200000e+000
  7.9630000e+001  4.9428432e+002  3.7500000e+000
  7.9680000e+001  4.9471226e+002  3.7600000e+000
  7.9730000e+001  4.9514019e+002  3.7400000e+000
  7.9780000e+001  4.9556813e+002  3.7600000e+000
  7.9830000e+001  4.9599606e+002  3.8500000e+000
  7.9930000e+001  4.9685193e+002  3.7300000e+000
  8.0030000e+001  4.9770793e+002  3.7800000e+000
  8.0130000e+001  4.9856394e+002  3.6700000e+000
  8.0230000e+001  4.9941996e+002  3.9000000e+000
  8.0280000e+001  4.9984797e+002  3.8900000e+000
  8.0330000e+001  5.0027598e+002  3.7800000e+000
  8.0380000e+001  5.0070399e+002  3.9500000e+000
  8.0430000e+001  5.0113200e+002  3.9600000e+000
  8.0480000e+001  5.0156001e+002  3.8900000e+000
  8.0530000e+001  5.0198802e+002  3.8900000e+000
  8.0580000e+001  5.0241595e+002  3.9000000e+000
  8.0630000e+001  5.0284389e+002  3.9100000e+000
  8.0780000e+001  5.0412770e+002  4.0100000e+000
  8.0830000e+001  5.0455563e+002  3.9600000e+000
  8.0880000e+001  5.0498357e+002  3.9200000e+000
  8.0930000e+001  5.0541150e+002  4.0500000e+000
  8.1030000e+001  5.0626737e+002  3.9700000e+000
  8.1080000e+001  5.0669531e+002  4.0600000e+000
  8.1180000e+001  5.0755118e+002  4.2100000e+000
  8.1230000e+001  5.0797912e+002  4.2200000e+000
  8.1380000e+001  5.0926292e+002  4.2200000e+000
  8.1430000e+001  5.0969086e+002  4.1900000e+000
  8.1480000e+001  5.1011879e+002  4.1800000e+000
  8.1580000e+001  5.1097467e+002  4.2700000e+000
  8.1630000e+001  5.1140260e+002  4.2400000e+000
  8.1680000e+001  5.1183054e+002  4.1600000e+000
  8.1730000e+001  5.1225847e+002  4.2800000e+000
  8.1780000e+001  5.1268641e+002  4.2500000e+000
  8.1830000e+001  5.1311434e+002  4.2600000e+000
  8.1880000e+001  5.1354228e+002  4.1800000e+000
  8.1930000e+001  5.1397022e+002  4.1800000e+000
  8.2030000e+001  5.1482609e+002  4.1000000e+000
  8.2180000e+001  5.1610989e+002  4.0700000e+000
  8.2230000e+001  5.1653783e+002  4.0800000e+000
  8.2430000e+001  5.1824957e+002  3.9400000e+000
  8.2480000e+001  5.1867751e+002  4.0300000e+000
  8.2530000e+001  5.1910544e+002  4.0600000e+000
  8.2630000e+001  5.1996131e+002  3.9700000e+000
  8.2680000e+001  5.2038925e+002  4.0600000e+000
  8.2780000e+001  5.2124512e+002  4.0200000e+000
  8.2830000e+001  5.2167306e+002  3.9600000e+000
  8.2930000e+001  5.2252893e+002  3.9200000e+000
  8.3430000e+001  5.2680828e+002  4.0400000e+000
  8.3870000e+001  5.3057473e+002  3.9900000e+000
  8.3920000e+001  5.3100274e+002  3.9800000e+000
  8.4020000e+001  5.3185876e+002  4.1200000e+000
  8.4120000e+001  5.3271465e+002  4.1300000e+000
  8.4170000e+001  5.3314259e+002  4.0500000e+000
  8.4320000e+001  5.3442640e+002  4.3200000e+000
  8.4370000e+001  5.3485433e+002  4.3200000e+000
  8.4420000e+001  5.3528227e+002  4.3500000e+000
  8.4470000e+001  5.3571020e+002  4.3900000e+000
  8.4520000e+001  5.3613814e+002  4.4100000e+000
  8.4570000e+001  5.3656607e+002  4.4700000e+000
  8.4620000e+001  5.3699401e+002  4.4400000e+000
  8.4670000e+001  5.3742194e+002  4.5700000e+000
  8.4720000e+001  5.3784988e+002  4.5500000e+000
  8.4770000e+001  5.3827782e+002  4.4400000e+000
  8.4820000e+001  5.3870575e+002  4.3600000e+000
  8.4870000e+001  5.3913369e+002  4.5300000e+000
  8.4920000e+001  5.3956162e+002  4.4600000e+000
  8.4970000e+001  5.3998956e+002  4.5100000e+000
  8.5020000e+001  5.4041749e+002  4.4400000e+000
  8.5070000e+001  5.4084543e+002  4.3600000e+000
  8.5120000e+001  5.4127337e+002  4.4600000e+000
  8.5170000e+001  5.4170130e+002  4.4700000e+000
  8.5220000e+001  5.4212924e+002  4.4500000e+000
  8.5270000e+001  5.4255717e+002  4.4200000e+000
  8.5320000e+001  5.4298511e+002  4.4200000e+000
  8.5370000e+001  5.4341304e+002  4.3900000e+000
  8.5420000e+001  5.4384098e+002  4.4400000e+000
  8.5470000e+001  5.4426891e+002  4.4000000e+000
  8.5520000e+001  5.4469685e+002  4.4200000e+000
  8.5570000e+001  5.4512479e+002  4.4200000e+000
  8.5620000e+001  5.4555272e+002  4.4800000e+000
  8.5670000e+001  5.4598066e+002  4.5000000e+000
  8.5720000e+001  5.4640859e+002  4.4700000e+000
  8.5770000e+001  5.4683653e+002  4.4100000e+000
  8.5820000e+001  5.4726446e+002  4.3700000e+000
  8.5920000e+001  5.4812034e+002  4.4300000e+000
  8.5970000e+001  5.4854827e+002  4.3800000e+000
  8.6020000e+001  5.4897621e+002  4.4400000e+000
  8.6070000e+001  5.4940414e+002  4.3900000e+000
  8.6120000e+001  5.4983208e+002  4.4300000e+000
  8.6170000e+001  5.5026001e+002  4.4200000e+000
  8.6220000e+001  5.5068795e+002  4.3500000e+000
  8.6270000e+001  5.5111588e+002  4.3900000e+000
  8.6320000e+001  5.5154382e+002  4.3700000e+000
  8.6420000e+001  5.5239969e+002  4.4100000e+000
  8.6470000e+001  5.5282763e+002  4.3400000e+000
  8.6520000e+001  5.5325556e+002  4.3400000e+000
  8.6570000e+001  5.5368350e+002  4.3200000e+000
  8.6620000e+001  5.5411143e+002  4.2200000e+000
  8.6670000e+001  5.5453937e+002  4.2700000e+000
  8.6720000e+001  5.5496731e+002  4.2400000e+000
  8.6770000e+001  5.5539524e+002  4.3600000e+000
  8.6820000e+001  5.5582318e+002  4.2700000e+000
  8.6870000e+001  5.5625111e+002  4.2100000e+000
  8.6920000e+001  5.5667905e+002  4.2300000e+000
  8.6970000e+001  5.5710698e+002  4.4500000e+000
  8.7020000e+001  5.5753492e+002  4.1400000e+000
  8.7070000e+001  5.5796286e+002  4.2300000e+000
  8.7120000e+001  5.5839079e+002  4.2000000e+000
  8.7170000e+001  5.5881873e+002  4.4200000e+000
  8.7220000e+001  5.5924666e+002  4.3200000e+000
  8.7270000e+001  5.5967460e+002  4.1600000e+000
  8.7320000e+001  5.6010253e+002  4.1400000e+000
  8.7370000e+001  5.6053047e+002  4.0700000e+000
  8.7420000e+001  5.6095840e+002  4.1900000e+000
  8.7470000e+001  5.6138634e+002  3.9800000e+000
  8.7520000e+001  5.6181428e+002  4.0100000e+000
  8.7570000e+001  5.6224225e+002  3.9900000e+000
  8.7620000e+001  5.6267026e+002  4.1400000e+000
  8.7720000e+001  5.6352628e+002  4.0400000e+000
  8.7770000e+001  5.6395429e+002  3.9800000e+000
  8.7820000e+001  5.6438230e+002  4.0700000e+000
  8.7870000e+001  5.6481031e+002  3.9500000e+000
  8.7920000e+001  5.6523832e+002  3.8600000e+000
  8.8020000e+001  5.6609433e+002  3.8500000e+000
  8.8070000e+001  5.6652234e+002  3.8300000e+000
  8.8120000e+001  5.6695035e+002  4.0000000e+000
  8.8570000e+001  5.7080178e+002  4.0100000e+000
  8.8620000e+001  5.7122972e+002  4.0600000e+000
  8.9070000e+001  5.7528617e+002  3.5800000e+000
  8.9120000e+001  5.7574258e+002  3.4800000e+000
  8.9170000e+001  5.7619904e+002  3.6700000e+000
  8.9220000e+001  5.7665556e+002  3.4600000e+000
  8.9270000e+001  5.7711207e+002  3.4700000e+000
  8.9320000e+001  5.7756859e+002  3.5800000e+000
  8.9470000e+001  5.7893814e+002  3.3700000e+000
  8.9520000e+001  5.7939466e+002  3.3800000e+000
  8.9640000e+001  5.8055152e+002  3.8800000e+000
  8.9690000e+001  5.8106505e+002  3.8900000e+000
  8.9740000e+001  5.8157857e+002  3.8400000e+000
  8.9790000e+001  5.8209209e+002  4.1200000e+000
  8.9840000e+001  5.8260561e+002  3.7400000e+000
  8.9890000e+001  5.8313239e+002  4.1100000e+000
  9.0940000e+001  5.9511481e+002  3.7200000e+000
  9.1590000e+001  6.0253321e+002  4.0200000e+000
  9.1690000e+001  6.0367435e+002  3.6400000e+000
  9.1790000e+001  6.0481538e+002  3.7400000e+000
  9.1840000e+001  6.0538590e+002  3.4300000e+000
  9.1890000e+001  6.0595641e+002  3.4900000e+000
  9.1940000e+001  6.0652693e+002  3.5700000e+000
  9.1990000e+001  6.0709744e+002  3.4600000e+000
  9.2040000e+001  6.0766796e+002  3.4500000e+000
  9.2140000e+001  6.0897123e+002  3.2800000e+000
  9.2190000e+001  6.0965616e+002  3.3600000e+000
  9.2240000e+001  6.1042622e+002  3.2400000e+000
  9.2340000e+001  6.1213797e+002  3.2000000e+000
  9.2440000e+001  6.1384971e+002  3.3800000e+000
  9.2490000e+001  6.1470558e+002  3.9400000e+000
  9.2540000e+001  6.1556145e+002  3.5700000e+000
  9.2590000e+001  6.1641732e+002  3.8100000e+000
  9.2690000e+001  6.1812907e+002  3.3800000e+000
  9.2740000e+001  6.1898494e+002  3.4400000e+000
  9.2790000e+001  6.1984081e+002  3.8500000e+000
  9.2840000e+001  6.2069668e+002  3.3600000e+000
  9.2890000e+001  6.2155255e+002  4.0500000e+000
  9.2940000e+001  6.2240842e+002  4.2200000e+000
  9.3040000e+001  6.2412016e+002  4.2400000e+000
  9.3090000e+001  6.2497604e+002  4.1800000e+000
  9.3140000e+001  6.2583191e+002  4.2000000e+000
  9.3190000e+001  6.2668778e+002  4.1700000e+000
  9.3240000e+001  6.2754365e+002  4.1800000e+000
  9.3290000e+001  6.2839952e+002  4.1200000e+000
  9.3340000e+001  6.2925539e+002  4.3300000e+000
  9.3440000e+001  6.3096713e+002  4.2200000e+000
  9.3540000e+001  6.3267888e+002  4.1400000e+000
  9.3590000e+001  6.3353475e+002  4.1700000e+000
  9.3640000e+001  6.3439062e+002  4.1600000e+000
  9.3690000e+001  6.3524649e+002  4.0300000e+000
  9.3790000e+001  6.3695823e+002  4.0600000e+000
  9.3840000e+001  6.3781410e+002  3.9800000e+000
  9.3890000e+001  6.3866998e+002  3.9900000e+000
  9.3940000e+001  6.3952585e+002  3.9800000e+000
  9.3990000e+001  6.4038172e+002  4.0200000e+000
  9.4040000e+001  6.4123759e+002  4.0000000e+000
  9.4090000e+001  6.4209346e+002  3.9900000e+000
  9.4140000e+001  6.4294933e+002  4.0300000e+000
  9.4190000e+001  6.4380520e+002  4.0300000e+000
  9.4240000e+001  6.4466107e+002  4.0000000e+000
  9.4290000e+001  6.4551695e+002  4.0000000e+000
  9.4340000e+001  6.4637282e+002  4.0100000e+000
  9.4390000e+001  6.4722869e+002  3.7000000e+000
  9.4440000e+001  6.4808456e+002  3.9500000e+000
  9.4490000e+001  6.4894043e+002  4.0000000e+000
  9.4540000e+001  6.4979630e+002  3.9500000e+000
