  9.0000000e-002  0.0000000e+000  3.2200000e+000
  3.9000000e-001  1.1006289e+001  3.4300000e+000
  4.5000000e-001  1.2984470e+001  4.2300000e+000
  4.8000000e-001  1.3962799e+001  4.5900000e+000
  5.1000000e-001  1.4940344e+001  4.7300000e+000
  5.4000000e-001  1.5820847e+001  4.6700000e+000
  5.7000000e-001  1.6701350e+001  4.2300000e+000
  7.8000000e-001  2.2864872e+001  4.6700000e+000
  8.1000000e-001  2.3745375e+001  4.7700000e+000
  8.7000000e-001  2.5506382e+001  4.8500000e+000
  9.3000000e-001  2.7267388e+001  4.3600000e+000
  1.0200000e+000  2.9908897e+001  4.7900000e+000
  1.0300000e+000  3.0202399e+001  4.6500000e+000
  1.1200000e+000  3.2843908e+001  4.5100000e+000
  1.1800000e+000  3.4604914e+001  4.6100000e+000
  1.2100000e+000  3.5485417e+001  4.4500000e+000
  1.2400000e+000  3.6365921e+001  4.4400000e+000
  1.2700000e+000  3.7246424e+001  4.4700000e+000
  1.3000000e+000  3.8126927e+001  4.3500000e+000
  1.3300000e+000  3.9007430e+001  4.4300000e+000
  1.3600000e+000  3.9887933e+001  4.4300000e+000
  1.3900000e+000  4.0768436e+001  4.4800000e+000
  1.4500000e+000  4.2529443e+001  4.4700000e+000
  1.8700000e+000  5.4936855e+001  4.2800000e+000
  2.0800000e+000  6.1808386e+001  4.4500000e+000
  2.2000000e+000  6.6210901e+001  4.5000000e+000
  2.3200000e+000  7.0613417e+001  4.3400000e+000
  2.6900000e+000  8.4166968e+001  4.0700000e+000
  2.7200000e+000  8.5145296e+001  4.1700000e+000
  2.7500000e+000  8.6123624e+001  4.2300000e+000
  2.7800000e+000  8.7101952e+001  4.1600000e+000
  2.8100000e+000  8.8045585e+001  4.0900000e+000
  2.8400000e+000  8.8926088e+001  4.0400000e+000
  2.8700000e+000  8.9806591e+001  4.0800000e+000
  2.9000000e+000  9.0687095e+001  3.9300000e+000
  2.9300000e+000  9.1567598e+001  4.0900000e+000
  2.9600000e+000  9.2448101e+001  3.9700000e+000
  2.9900000e+000  9.3328604e+001  3.9300000e+000
  3.0200000e+000  9.4209107e+001  3.7700000e+000
  3.0500000e+000  9.5089610e+001  3.8900000e+000
  3.0800000e+000  9.5970113e+001  3.7700000e+000
  3.1100000e+000  9.6850617e+001  3.8600000e+000
  3.1400000e+000  9.7731120e+001  3.7300000e+000
  3.1700000e+000  9.8611623e+001  3.7200000e+000
  3.2300000e+000  1.0013276e+002  4.0000000e+000
  3.3200000e+000  1.0202712e+002  4.0500000e+000
  3.7700000e+000  1.1083236e+002  4.0100000e+000
  3.8000000e+000  1.1141931e+002  4.0300000e+000
  3.8900000e+000  1.1318016e+002  3.9400000e+000
  3.9500000e+000  1.1435406e+002  3.6900000e+000
  3.9800000e+000  1.1494101e+002  3.7500000e+000
  4.0500000e+000  1.1631071e+002  3.5000000e+000
  4.1100000e+000  1.1748493e+002  3.5800000e+000
  4.1400000e+000  1.1807203e+002  3.5100000e+000
  4.1700000e+000  1.1865914e+002  3.5100000e+000
  4.2000000e+000  1.1924625e+002  3.3800000e+000
  4.2300000e+000  1.1992470e+002  3.3700000e+000
  4.2600000e+000  1.2065819e+002  3.2300000e+000
  4.2900000e+000  1.2141128e+002  3.7300000e+000
  4.3200000e+000  1.2238979e+002  3.4200000e+000
  4.3500000e+000  1.2336830e+002  3.1200000e+000
  4.3800000e+000  1.2434682e+002  3.2900000e+000
  4.4100000e+000  1.2535757e+002  3.2000000e+000
  4.4400000e+000  1.2645819e+002  3.1700000e+000
  4.4700000e+000  1.2755882e+002  3.1600000e+000
  4.5000000e+000  1.2865945e+002  4.0800000e+000
  4.5300000e+000  1.2976008e+002  4.1800000e+000
  4.5600000e+000  1.3083917e+002  4.3000000e+000
  4.5900000e+000  1.3181742e+002  4.5400000e+000
  4.6200000e+000  1.3279567e+002  4.5000000e+000
  4.6500000e+000  1.3377392e+002  4.6300000e+000
  4.6800000e+000  1.3471698e+002  4.7700000e+000
  4.7100000e+000  1.3559748e+002  4.1900000e+000
  4.7400000e+000  1.3647799e+002  4.7500000e+000
  4.8000000e+000  1.3823899e+002  4.6200000e+000
  4.8300000e+000  1.3911950e+002  4.9100000e+000
  4.9200000e+000  1.4176101e+002  4.9500000e+000
  5.0100000e+000  1.4440252e+002  4.8500000e+000
  5.0700000e+000  1.4616352e+002  4.7600000e+000
  5.1000000e+000  1.4704403e+002  4.7900000e+000
  5.1600000e+000  1.4880503e+002  4.7600000e+000
  5.2500000e+000  1.5147391e+002  4.6300000e+000
  5.2800000e+000  1.5245216e+002  4.7000000e+000
  5.3100000e+000  1.5343041e+002  4.7200000e+000
  5.3400000e+000  1.5440866e+002  4.6400000e+000
  5.3700000e+000  1.5544369e+002  4.7700000e+000
  5.4000000e+000  1.5654432e+002  4.7700000e+000
  5.4300000e+000  1.5764495e+002  4.6700000e+000
  5.4600000e+000  1.5874558e+002  4.7700000e+000
  5.4900000e+000  1.5984621e+002  4.5900000e+000
  5.5200000e+000  1.6094684e+002  4.6200000e+000
  5.5500000e+000  1.6204747e+002  4.6100000e+000
  5.6100000e+000  1.6424872e+002  4.5400000e+000
  5.6400000e+000  1.6534935e+002  4.6000000e+000
  5.6700000e+000  1.6644998e+002  4.5700000e+000
  5.7300000e+000  1.6865124e+002  4.5400000e+000
  5.7600000e+000  1.6975187e+002  4.7200000e+000
  5.7900000e+000  1.7085250e+002  4.5800000e+000
  5.8200000e+000  1.7196781e+002  4.5500000e+000
  5.8500000e+000  1.7314187e+002  4.5300000e+000
  5.8800000e+000  1.7431592e+002  4.5000000e+000
  5.9100000e+000  1.7548998e+002  4.3400000e+000
  5.9400000e+000  1.7666404e+002  4.5200000e+000
  5.9700000e+000  1.7783809e+002  4.5200000e+000
  6.0000000e+000  1.7901215e+002  4.5500000e+000
  6.0300000e+000  1.8043292e+002  4.4100000e+000
  6.0600000e+000  1.8190025e+002  4.4900000e+000
  6.0900000e+000  1.8336746e+002  4.4900000e+000
  6.1200000e+000  1.8483523e+002  4.6100000e+000
  6.1500000e+000  1.8630299e+002  4.5300000e+000
  6.1800000e+000  1.8777017e+002  4.5000000e+000
  6.2100000e+000  1.8923753e+002  4.1500000e+000
  6.3000000e+000  1.9364009e+002  3.7600000e+000
  6.3600000e+000  1.9657536e+002  3.8800000e+000
  6.3900000e+000  1.9808712e+002  3.7800000e+000
  6.4200000e+000  1.9992143e+002  3.7000000e+000
  6.4500000e+000  2.0175575e+002  3.8700000e+000
  6.5100000e+000  2.0542438e+002  3.8800000e+000
  6.5400000e+000  2.0725870e+002  3.9000000e+000
  6.5700000e+000  2.0909301e+002  3.7000000e+000
  6.6300000e+000  2.1276165e+002  3.6800000e+000
  6.7200000e+000  2.1826478e+002  3.6700000e+000
  6.7500000e+000  2.2009929e+002  3.7600000e+000
  6.7800000e+000  2.2193381e+002  3.9300000e+000
  6.8100000e+000  2.2376832e+002  3.7000000e+000
  6.8700000e+000  2.2743717e+002  3.9600000e+000
  6.9000000e+000  2.2927149e+002  3.7800000e+000
  6.9300000e+000  2.3110581e+002  4.1000000e+000
  6.9600000e+000  2.3294012e+002  3.8000000e+000
  7.0000000e+000  2.3534873e+002  3.7100000e+000
  7.0300000e+000  2.3681650e+002  3.6500000e+000
  7.0600000e+000  2.3804055e+002  3.6000000e+000
  7.0900000e+000  2.3921445e+002  3.5800000e+000
  7.1200000e+000  2.4038835e+002  3.7700000e+000
  7.1500000e+000  2.4156225e+002  3.8200000e+000
  7.1800000e+000  2.4273615e+002  3.5400000e+000
  7.2100000e+000  2.4391005e+002  4.0500000e+000
  7.4600000e+000  2.5369377e+002  4.5000000e+000
  7.7000000e+000  2.6308574e+002  4.6100000e+000
  7.7900000e+000  2.6660744e+002  4.6500000e+000
  7.8200000e+000  2.6778145e+002  4.5700000e+000
  7.8500000e+000  2.6895551e+002  4.6300000e+000
  7.8800000e+000  2.7012956e+002  4.5300000e+000
  8.0000000e+000  2.7493231e+002  4.5300000e+000
  8.1500000e+000  2.8377058e+002  3.9700000e+000
  8.3600000e+000  2.9661097e+002  3.9700000e+000
  8.3900000e+000  2.9844548e+002  3.9300000e+000
  8.4500000e+000  3.0211451e+002  3.9800000e+000
  8.4800000e+000  3.0394902e+002  3.9100000e+000
  8.5100000e+000  3.0578337e+002  3.8800000e+000
  8.5400000e+000  3.0761768e+002  3.9100000e+000
  8.5700000e+000  3.0945200e+002  3.8500000e+000
  8.6000000e+000  3.1128632e+002  3.7900000e+000
  8.6300000e+000  3.1312063e+002  3.6300000e+000
  8.6500000e+000  3.1434351e+002  3.7400000e+000
  8.6800000e+000  3.1617783e+002  3.6800000e+000
  8.7100000e+000  3.1801214e+002  3.7400000e+000
  8.7400000e+000  3.1984646e+002  3.5500000e+000
  8.7600000e+000  3.2106933e+002  3.4300000e+000
  8.7900000e+000  3.2290365e+002  3.4000000e+000
  8.8200000e+000  3.2437728e+002  3.2900000e+000
  8.8500000e+000  3.2584505e+002  3.3100000e+000
  8.8800000e+000  3.2731247e+002  3.3600000e+000
  8.9100000e+000  3.2877958e+002  3.2100000e+000
  8.9400000e+000  3.3024735e+002  3.2400000e+000
  8.9700000e+000  3.3138616e+002  3.5000000e+000
  9.0000000e+000  3.3248679e+002  3.6400000e+000
  9.0300000e+000  3.3358742e+002  3.7600000e+000
  9.0600000e+000  3.3468805e+002  3.7600000e+000
  9.0900000e+000  3.3578868e+002  3.6100000e+000
  9.1200000e+000  3.3679043e+002  4.0600000e+000
  9.1500000e+000  3.3776868e+002  4.4100000e+000
  9.1800000e+000  3.3874692e+002  4.6400000e+000
  9.3000000e+000  3.4186295e+002  4.9400000e+000
  9.3300000e+000  3.4244990e+002  4.8900000e+000
  9.3600000e+000  3.4303685e+002  4.9300000e+000
  9.3900000e+000  3.4362380e+002  4.9000000e+000
  9.4200000e+000  3.4421075e+002  4.8800000e+000
  9.4500000e+000  3.4479770e+002  4.7600000e+000
  9.4800000e+000  3.4539758e+002  4.7500000e+000
  9.5100000e+000  3.4613147e+002  4.7700000e+000
  9.5700000e+000  3.4767899e+002  4.3500000e+000
  9.6000000e+000  3.4855950e+002  4.6700000e+000
  9.7500000e+000  3.5296201e+002  4.5800000e+000
  9.7800000e+000  3.5384252e+002  4.4500000e+000
  9.8100000e+000  3.5472302e+002  4.4400000e+000
  9.8400000e+000  3.5560352e+002  4.3600000e+000
  9.9000000e+000  3.5736453e+002  4.5000000e+000
  9.9300000e+000  3.5824503e+002  4.5200000e+000
  9.9600000e+000  3.5912546e+002  4.3300000e+000
  9.9900000e+000  3.6000587e+002  4.5300000e+000
  1.0020000e+001  3.6088628e+002  4.6000000e+000
  1.0050000e+001  3.6176669e+002  4.6500000e+000
  1.0080000e+001  3.6264710e+002  4.5800000e+000
  1.0110000e+001  3.6352751e+002  4.5200000e+000
  1.0140000e+001  3.6440797e+002  4.5000000e+000
  1.0170000e+001  3.6528847e+002  4.4000000e+000
  1.0200000e+001  3.6616897e+002  4.4900000e+000
  1.0230000e+001  3.6704948e+002  4.4200000e+000
  1.0260000e+001  3.6792998e+002  4.4500000e+000
  1.0290000e+001  3.6881048e+002  4.2600000e+000
  1.0380000e+001  3.7145199e+002  4.2400000e+000
  1.0440000e+001  3.7321300e+002  4.4000000e+000
  1.0500000e+001  3.7497400e+002  4.1800000e+000
  1.0530000e+001  3.7585451e+002  4.2000000e+000
  1.0560000e+001  3.7673501e+002  4.2400000e+000
  1.0590000e+001  3.7761551e+002  4.3000000e+000
  1.0680000e+001  3.8025702e+002  4.3300000e+000
  1.0710000e+001  3.8108140e+002  4.2800000e+000
  1.0770000e+001  3.8254955e+002  4.1900000e+000
  1.0980000e+001  3.8668174e+002  3.8100000e+000
  1.1040000e+001  3.8785564e+002  3.8000000e+000
  1.1130000e+001  3.8961648e+002  4.0900000e+000
  1.1160000e+001  3.9020345e+002  4.0100000e+000
  1.1190000e+001  3.9079056e+002  3.9900000e+000
  1.1250000e+001  3.9196477e+002  4.1100000e+000
  1.1280000e+001  3.9255188e+002  3.9100000e+000
  1.1310000e+001  3.9313899e+002  4.1900000e+000
  1.1340000e+001  3.9372609e+002  3.9400000e+000
  1.1370000e+001  3.9431308e+002  3.9200000e+000
  1.1400000e+001  3.9490003e+002  3.8300000e+000
  1.1430000e+001  3.9548698e+002  3.6300000e+000
  1.1460000e+001  3.9607393e+002  3.6500000e+000
  1.1470000e+001  3.9626958e+002  3.6000000e+000
  1.1500000e+001  3.9685653e+002  3.4300000e+000
  1.1530000e+001  3.9744348e+002  3.5700000e+000
  1.1560000e+001  3.9803043e+002  3.4400000e+000
  1.1590000e+001  3.9861738e+002  3.5800000e+000
  1.1620000e+001  3.9920433e+002  3.4500000e+000
  1.1680000e+001  4.0037823e+002  3.3700000e+000
  1.1710000e+001  4.0096518e+002  3.3300000e+000
  1.1740000e+001  4.0155219e+002  3.4900000e+000
  1.1770000e+001  4.0213929e+002  3.3500000e+000
  1.1830000e+001  4.0331351e+002  3.4000000e+000
  1.1860000e+001  4.0390061e+002  3.3500000e+000
  1.1890000e+001  4.0448772e+002  3.2500000e+000
  1.1920000e+001  4.0507483e+002  3.2900000e+000
  1.1950000e+001  4.0566178e+002  3.3900000e+000
  1.2010000e+001  4.0683568e+002  3.5100000e+000
  1.2040000e+001  4.0742262e+002  3.4100000e+000
  1.2760000e+001  4.2151042e+002  3.7700000e+000
  1.2810000e+001  4.2248867e+002  3.7800000e+000
  1.2850000e+001  4.2327127e+002  3.8000000e+000
  1.2910000e+001  4.2444536e+002  4.0600000e+000
  1.2950000e+001  4.2522817e+002  4.5300000e+000
  1.3060000e+001  4.2738089e+002  3.8200000e+000
  1.3110000e+001  4.2858220e+002  4.8800000e+000
  1.3150000e+001  4.2960596e+002  4.9300000e+000
  1.3210000e+001  4.3136696e+002  5.0100000e+000
  1.3310000e+001  4.3430197e+002  5.0900000e+000
  1.3350000e+001  4.3547598e+002  4.9500000e+000
  1.3410000e+001  4.3723698e+002  5.0500000e+000
  1.3450000e+001  4.3841099e+002  4.9900000e+000
  1.3510000e+001  4.4017199e+002  5.0000000e+000
  1.3560000e+001  4.4163950e+002  4.9500000e+000
  1.3610000e+001  4.4310700e+002  4.9100000e+000
  1.3650000e+001  4.4428101e+002  4.8500000e+000
  1.3710000e+001  4.4604201e+002  4.7100000e+000
  1.3760000e+001  4.4750952e+002  4.6600000e+000
  1.3810000e+001  4.4897703e+002  4.6200000e+000
  1.3850000e+001  4.5015103e+002  4.7000000e+000
  1.3910000e+001  4.5191204e+002  4.5100000e+000
  1.3950000e+001  4.5308604e+002  4.5400000e+000
  1.4010000e+001  4.5484705e+002  4.6300000e+000
  1.4070000e+001  4.5660805e+002  4.6100000e+000
  1.4110000e+001  4.5778206e+002  4.6000000e+000
  1.4150000e+001  4.5895606e+002  4.6100000e+000
  1.4210000e+001  4.6071707e+002  4.6000000e+000
  1.4260000e+001  4.6218457e+002  4.6300000e+000
  1.4310000e+001  4.6365208e+002  4.5400000e+000
  1.4350000e+001  4.6482608e+002  4.5400000e+000
  1.4410000e+001  4.6658709e+002  4.4200000e+000
  1.4450000e+001  4.6776109e+002  4.5000000e+000
  1.4510000e+001  4.6952210e+002  4.4500000e+000
  1.4560000e+001  4.7098960e+002  4.3800000e+000
  1.4650000e+001  4.7363111e+002  3.9800000e+000
  1.4710000e+001  4.7539212e+002  4.2000000e+000
  1.4760000e+001  4.7685962e+002  4.2200000e+000
  1.4810000e+001  4.7832713e+002  4.0000000e+000
  1.4850000e+001  4.7950113e+002  3.9500000e+000
  1.4910000e+001  4.8143205e+002  3.9800000e+000
  1.4950000e+001  4.8273651e+002  4.1000000e+000
  1.5010000e+001  4.8484682e+002  3.9600000e+000
  1.5070000e+001  4.8704865e+002  3.8600000e+000
  1.5110000e+001  4.8851654e+002  3.7900000e+000
  1.5150000e+001  4.8998383e+002  3.7000000e+000
  1.5210000e+001  4.9218422e+002  3.7500000e+000
  1.5260000e+001  4.9401788e+002  3.7500000e+000
  1.5310000e+001  4.9585232e+002  3.7700000e+000
  1.5360000e+001  4.9768718e+002  3.7700000e+000
  1.5410000e+001  4.9952205e+002  3.6000000e+000
  1.5460000e+001  5.0123530e+002  3.9200000e+000
  1.5560000e+001  5.0449556e+002  4.4400000e+000
  1.5710000e+001  5.0938640e+002  4.3200000e+000
  1.5760000e+001  5.1101696e+002  4.1600000e+000
  1.5860000e+001  5.1427980e+002  4.2000000e+000
  1.5910000e+001  5.1599948e+002  4.2400000e+000
  1.6010000e+001  5.1966680e+002  3.8600000e+000
  1.6060000e+001  5.2173595e+002  4.0600000e+000
  1.6110000e+001  5.2418129e+002  3.7400000e+000
  1.6160000e+001  5.2662541e+002  4.3700000e+000
  1.6210000e+001  5.2907299e+002  4.3500000e+000
  1.6260000e+001  5.3151977e+002  4.4700000e+000
  1.6310000e+001  5.3357324e+002  4.2800000e+000
  1.6360000e+001  5.3553000e+002  4.5000000e+000
  1.6410000e+001  5.3748676e+002  4.3300000e+000
  1.6460000e+001  5.3944352e+002  4.4300000e+000
  1.6510000e+001  5.4140002e+002  4.5100000e+000
  1.6560000e+001  5.4335652e+002  4.5200000e+000
  1.6610000e+001  5.4531302e+002  4.5600000e+000
  1.6660000e+001  5.4726956e+002  4.5100000e+000
  1.6760000e+001  5.5118308e+002  4.5100000e+000
  1.6820000e+001  5.5353120e+002  4.4200000e+000
  1.6870000e+001  5.5548796e+002  4.5200000e+000
  1.6910000e+001  5.5705337e+002  4.4400000e+000
  1.7010000e+001  5.6096689e+002  4.3800000e+000
  1.7060000e+001  5.6292351e+002  4.2300000e+000
  1.7110000e+001  5.6488001e+002  4.0000000e+000
  1.7160000e+001  5.6683651e+002  4.2300000e+000
  1.7260000e+001  5.7110225e+002  3.8900000e+000
  1.7310000e+001  5.7354697e+002  3.8400000e+000
  1.7360000e+001  5.7599357e+002  3.6800000e+000
  1.7410000e+001  5.7844159e+002  3.7700000e+000
  1.7510000e+001  5.8333105e+002  4.4400000e+000
  1.7560000e+001  5.8577641e+002  4.3200000e+000
  1.7660000e+001  5.9066811e+002  4.1700000e+000
  1.7710000e+001  5.9311487e+002  4.2600000e+000
  1.7760000e+001  5.9605091e+002  3.9600000e+000
  1.7860000e+001  6.0216289e+002  3.9900000e+000
  1.7910000e+001  6.0522063e+002  4.0100000e+000
  1.7960000e+001  6.0827895e+002  4.0100000e+000
  1.8010000e+001  6.1133727e+002  3.9400000e+000
  1.8070000e+001  6.1434842e+002  3.7500000e+000
  1.8110000e+001  6.1565402e+002  3.9800000e+000
  1.8210000e+001  6.1865346e+002  4.7100000e+000
  1.8260000e+001  6.1984651e+002  4.2600000e+000
  1.8310000e+001  6.2082502e+002  4.1200000e+000
  1.8410000e+001  6.2278204e+002  4.5900000e+000
  1.8460000e+001  6.2376047e+002  4.8900000e+000
  1.8510000e+001  6.2473872e+002  4.9900000e+000
  1.8560000e+001  6.2571697e+002  4.8900000e+000
  1.8610000e+001  6.2669522e+002  5.0700000e+000
  1.8660000e+001  6.2767347e+002  5.1300000e+000
  1.8710000e+001  6.2865172e+002  5.0700000e+000
  1.8810000e+001  6.3060822e+002  5.1300000e+000
  1.8860000e+001  6.3158665e+002  5.1100000e+000
  1.8910000e+001  6.3256516e+002  4.9000000e+000
  1.8960000e+001  6.3354367e+002  5.0700000e+000
  1.9010000e+001  6.3452218e+002  5.0400000e+000
  1.9060000e+001  6.3550047e+002  4.9300000e+000
  1.9110000e+001  6.3647872e+002  4.9900000e+000
  1.9160000e+001  6.3745697e+002  4.8700000e+000
  1.9210000e+001  6.3843522e+002  4.9300000e+000
  1.9260000e+001  6.3941347e+002  4.9200000e+000
  1.9310000e+001  6.4039172e+002  4.8100000e+000
  1.9360000e+001  6.4136997e+002  4.9600000e+000
  1.9460000e+001  6.4332678e+002  4.9200000e+000
  1.9510000e+001  6.4430530e+002  4.9200000e+000
  1.9560000e+001  6.4528381e+002  4.9500000e+000
  1.9610000e+001  6.4626221e+002  4.9400000e+000
  1.9660000e+001  6.4724046e+002  4.9400000e+000
  1.9710000e+001  6.4821871e+002  4.9300000e+000
  1.9760000e+001  6.4919696e+002  4.9100000e+000
  1.9810000e+001  6.5017521e+002  4.8800000e+000
  1.9860000e+001  6.5115346e+002  4.8800000e+000
  1.9910000e+001  6.5213171e+002  4.7200000e+000
  1.9960000e+001  6.5310996e+002  4.7300000e+000
  2.0010000e+001  6.5408841e+002  4.7500000e+000
  2.0060000e+001  6.5506692e+002  4.7900000e+000
  2.0110000e+001  6.5604543e+002  4.8100000e+000
  2.0160000e+001  6.5702395e+002  4.8100000e+000
  2.0210000e+001  6.5800221e+002  4.7600000e+000
  2.0260000e+001  6.5898046e+002  4.7200000e+000
  2.0310000e+001  6.5995871e+002  4.6500000e+000
  2.0360000e+001  6.6093695e+002  4.4000000e+000
  2.0410000e+001  6.6191520e+002  4.8500000e+000
  2.0460000e+001  6.6289345e+002  4.4300000e+000
  2.0510000e+001  6.6387170e+002  4.6000000e+000
  2.0560000e+001  6.6485004e+002  4.6500000e+000
  2.0610000e+001  6.6582855e+002  4.6100000e+000
  2.0660000e+001  6.6680706e+002  4.6300000e+000
  2.0710000e+001  6.6778557e+002  4.5200000e+000
  2.0760000e+001  6.6876395e+002  4.7300000e+000
  2.0810000e+001  6.6974220e+002  4.6300000e+000
  2.0860000e+001  6.7072045e+002  4.5600000e+000
  2.0910000e+001  6.7169870e+002  4.4000000e+000
  2.0960000e+001  6.7267695e+002  4.5200000e+000
  2.1010000e+001  6.7365520e+002  4.4300000e+000
  2.1060000e+001  6.7463345e+002  4.6100000e+000
  2.1110000e+001  6.7561170e+002  4.4900000e+000
  2.1160000e+001  6.7659018e+002  4.6200000e+000
  2.1210000e+001  6.7756869e+002  4.4000000e+000
  2.1260000e+001  6.7854720e+002  4.3400000e+000
  2.1310000e+001  6.7952569e+002  4.2700000e+000
  2.1360000e+001  6.8050394e+002  4.3600000e+000
  2.1410000e+001  6.8148219e+002  4.2400000e+000
  2.1460000e+001  6.8246044e+002  4.3800000e+000
  2.1510000e+001  6.8343869e+002  4.2600000e+000
  2.1560000e+001  6.8441694e+002  4.3400000e+000
  2.1610000e+001  6.8539519e+002  4.7700000e+000
  2.1660000e+001  6.8637344e+002  4.4300000e+000
  2.1760000e+001  6.8868010e+002  4.7100000e+000
  2.1810000e+001  6.8990356e+002  3.8800000e+000
  2.1860000e+001  6.9121878e+002  3.9000000e+000
  2.1910000e+001  6.9268629e+002  3.6800000e+000
  2.1960000e+001  6.9415379e+002  3.8300000e+000
  2.2010000e+001  6.9562130e+002  3.6900000e+000
  2.2110000e+001  6.9855631e+002  3.7600000e+000
  2.2160000e+001  7.0002381e+002  3.6300000e+000
  2.2360000e+001  7.0589383e+002  4.1000000e+000
  2.2410000e+001  7.0736134e+002  4.0200000e+000
  2.2460000e+001  7.0897976e+002  4.0500000e+000
  2.2510000e+001  7.1060989e+002  4.0800000e+000
  2.2560000e+001  7.1237064e+002  4.3400000e+000
  2.2610000e+001  7.1420550e+002  4.4400000e+000
  2.2660000e+001  7.1604037e+002  4.6500000e+000
  2.2760000e+001  7.1970819e+002  4.4000000e+000
  2.2860000e+001  7.2337615e+002  4.3400000e+000
  2.2910000e+001  7.2521101e+002  4.4900000e+000
  2.2970000e+001  7.2741284e+002  4.4200000e+000
  2.3010000e+001  7.2888073e+002  4.3300000e+000
  2.3110000e+001  7.3255046e+002  4.4300000e+000
  2.3160000e+001  7.3438481e+002  4.6500000e+000
  2.3260000e+001  7.3805213e+002  4.5000000e+000
  2.3360000e+001  7.4143980e+002  4.5100000e+000
  2.3410000e+001  7.4307009e+002  4.5300000e+000
  2.3460000e+001  7.4470208e+002  4.4900000e+000
  2.3510000e+001  7.4633407e+002  4.4900000e+000
  2.3560000e+001  7.4796458e+002  4.5800000e+000
  2.3610000e+001  7.4959472e+002  4.4900000e+000
  2.3660000e+001  7.5114256e+002  4.4100000e+000
  2.3710000e+001  7.5261006e+002  4.3700000e+000
  2.3760000e+001  7.5407757e+002  4.3500000e+000
  2.3810000e+001  7.5554507e+002  4.3100000e+000
  2.3860000e+001  7.5684419e+002  4.1800000e+000
  2.3910000e+001  7.5802743e+002  4.1700000e+000
  2.3960000e+001  7.5900568e+002  4.2000000e+000
  2.4010000e+001  7.5998393e+002  3.9900000e+000
  2.4060000e+001  7.6096218e+002  3.7700000e+000
  2.4110000e+001  7.6194043e+002  3.9300000e+000
  2.4160000e+001  7.6291868e+002  4.1100000e+000
  2.4260000e+001  7.6487518e+002  4.4600000e+000
  2.4310000e+001  7.6585357e+002  4.0600000e+000
  2.4360000e+001  7.6683208e+002  4.0600000e+000
  2.4410000e+001  7.6781059e+002  4.2400000e+000
  2.4470000e+001  7.6898481e+002  4.5500000e+000
  2.4510000e+001  7.6994138e+002  3.9500000e+000
  2.4560000e+001  7.7120889e+002  3.7100000e+000
  2.4610000e+001  7.7267640e+002  3.9200000e+000
  2.4660000e+001  7.7414390e+002  3.6900000e+000
  2.4710000e+001  7.7561141e+002  3.6900000e+000
  2.4760000e+001  7.7698813e+002  3.5700000e+000
  2.4810000e+001  7.7821159e+002  3.4700000e+000
  2.4860000e+001  7.7922760e+002  3.5500000e+000
  2.4910000e+001  7.8020585e+002  3.5400000e+000
  2.4960000e+001  7.8118410e+002  3.7400000e+000
  2.5010000e+001  7.8216236e+002  3.6200000e+000
  2.5060000e+001  7.8314087e+002  3.6300000e+000
  2.5110000e+001  7.8411938e+002  3.5000000e+000
  2.5160000e+001  7.8509789e+002  3.9600000e+000
  2.5210000e+001  7.8607635e+002  3.6300000e+000
  2.5260000e+001  7.8705459e+002  3.9100000e+000
  2.5360000e+001  7.8901109e+002  4.3900000e+000
  2.5410000e+001  7.8998934e+002  4.4900000e+000
  2.5460000e+001  7.9096759e+002  4.5000000e+000
  2.5560000e+001  7.9292409e+002  4.5800000e+000
  2.5610000e+001  7.9390249e+002  4.5300000e+000
  2.5660000e+001  7.9488101e+002  4.7000000e+000
  2.5710000e+001  7.9585952e+002  4.6400000e+000
  2.5760000e+001  7.9683803e+002  4.6500000e+000
  2.5810000e+001  7.9769117e+002  4.7100000e+000
  2.5860000e+001  7.9850602e+002  4.6200000e+000
  2.5910000e+001  7.9932141e+002  4.5400000e+000
  2.5970000e+001  8.0030061e+002  4.6100000e+000
  2.6010000e+001  8.0095327e+002  4.5800000e+000
  2.6060000e+001  8.0176856e+002  4.5500000e+000
  2.6110000e+001  8.0258384e+002  4.4200000e+000
  2.6160000e+001  8.0339873e+002  4.5200000e+000
  2.6210000e+001  8.0421358e+002  4.5000000e+000
  2.6260000e+001  8.0502869e+002  4.4100000e+000
  2.6310000e+001  8.0584398e+002  4.4200000e+000
  2.6360000e+001  8.0665926e+002  4.4700000e+000
  2.6410000e+001  8.0747454e+002  4.3900000e+000
  2.6460000e+001  8.0828984e+002  4.4700000e+000
  2.6510000e+001  8.0910540e+002  4.2900000e+000
  2.6560000e+001  8.0992095e+002  4.3000000e+000
  2.6610000e+001  8.1073631e+002  4.2100000e+000
  2.6660000e+001  8.1155159e+002  4.2900000e+000
  2.6710000e+001  8.1236688e+002  4.2200000e+000
  2.6760000e+001  8.1318216e+002  4.1600000e+000
  2.6810000e+001  8.1399738e+002  4.1700000e+000
  2.6860000e+001  8.1481222e+002  4.2800000e+000
  2.6910000e+001  8.1562707e+002  4.4100000e+000
  2.7010000e+001  8.1756282e+002  3.9800000e+000
  2.7060000e+001  8.1854133e+002  3.7800000e+000
  2.7100000e+001  8.1932414e+002  3.8200000e+000
  2.7250000e+001  8.2458187e+002  3.7400000e+000
  2.7300000e+001  8.2751791e+002  4.1500000e+000
  2.7350000e+001  8.3057390e+002  4.0200000e+000
  2.7400000e+001  8.3362989e+002  3.9800000e+000
  2.7450000e+001  8.3668738e+002  3.8700000e+000
  2.7550000e+001  8.4280337e+002  3.5900000e+000
  2.7600000e+001  8.4586159e+002  3.6900000e+000
  2.7650000e+001  8.4891991e+002  3.7300000e+000
  2.7750000e+001  8.5463991e+002  3.8200000e+000
  2.8000000e+001  8.6351368e+002  3.6400000e+000
  2.8050000e+001  8.6492487e+002  4.3600000e+000
  2.8100000e+001  8.6614474e+002  4.5200000e+000
  2.8150000e+001  8.6712325e+002  4.5800000e+000
  2.8200000e+001  8.6810177e+002  4.3400000e+000
  2.8250000e+001  8.6908028e+002  4.5900000e+000
  2.8300000e+001  8.7010636e+002  4.3900000e+000
  2.8350000e+001  8.7132756e+002  4.6300000e+000
  2.8400000e+001  8.7282317e+002  4.8000000e+000
  2.8550000e+001  8.7799745e+002  4.6600000e+000
  2.8600000e+001  8.7983111e+002  4.7900000e+000
  2.8650000e+001  8.8170482e+002  4.6600000e+000
  2.8700000e+001  8.8366132e+002  4.5800000e+000
  2.8750000e+001  8.8561782e+002  4.5200000e+000
  2.8800000e+001  8.8757432e+002  4.6000000e+000
  2.8850000e+001  8.8978257e+002  4.6200000e+000
  2.8900000e+001  8.9222790e+002  4.6300000e+000
  2.9000000e+001  8.9711922e+002  4.6500000e+000
  2.9050000e+001  8.9956648e+002  4.4100000e+000
  2.9100000e+001  9.0201054e+002  4.0900000e+000
  2.9200000e+001  9.0690187e+002  4.2800000e+000
  2.9250000e+001  9.0935032e+002  4.1300000e+000
  2.9350000e+001  9.1357854e+002  4.5900000e+000
  2.9500000e+001  9.1938349e+002  4.6600000e+000
  2.9650000e+001  9.2488749e+002  4.6800000e+000
  2.9750000e+001  9.2855481e+002  4.1900000e+000
  2.9800000e+001  9.3030096e+002  4.0000000e+000
  2.9850000e+001  9.3193109e+002  4.0800000e+000
  2.9900000e+001  9.3356148e+002  4.0000000e+000
  2.9950000e+001  9.3519347e+002  3.9200000e+000
  3.0000000e+001  9.3682547e+002  3.7200000e+000
  3.0050000e+001  9.3831731e+002  3.7500000e+000
  3.0080000e+001  9.3919782e+002  3.9000000e+000
  3.0130000e+001  9.4066532e+002  3.6600000e+000
  3.0280000e+001  9.4506784e+002  3.9000000e+000
  3.0430000e+001  9.4960371e+002  4.0200000e+000
  3.0480000e+001  9.5123384e+002  4.2500000e+000
  3.0530000e+001  9.5303708e+002  4.0600000e+000
  3.0630000e+001  9.5695061e+002  3.8500000e+000
  3.0680000e+001  9.5890737e+002  4.3200000e+000
  3.0740000e+001  9.6114297e+002  4.6100000e+000
  3.0780000e+001  9.6260989e+002  4.3100000e+000
  3.0890000e+001  9.6647014e+002  4.3100000e+000
  3.0930000e+001  9.6777538e+002  4.3100000e+000
  3.0980000e+001  9.6940641e+002  3.9200000e+000
  3.1030000e+001  9.7103654e+002  3.8700000e+000
  3.1080000e+001  9.7266671e+002  4.2400000e+000
  3.1130000e+001  9.7429727e+002  3.9800000e+000
  3.1180000e+001  9.7592784e+002  3.9800000e+000
  3.1230000e+001  9.7772021e+002  3.9400000e+000
  3.1280000e+001  9.7955507e+002  3.7500000e+000
  3.1330000e+001  9.8138994e+002  3.9700000e+000
  3.1380000e+001  9.8322391e+002  3.9700000e+000
  3.1430000e+001  9.8505757e+002  3.8200000e+000
  3.1580000e+001  9.9056058e+002  4.1700000e+000
  3.1730000e+001  9.9606320e+002  3.9600000e+000
  3.1780000e+001  9.9789686e+002  3.8800000e+000
  3.1830000e+001  9.9973179e+002  3.9800000e+000
  3.1880000e+001  1.0015676e+003  4.4400000e+000
  3.1930000e+001  1.0034035e+003  4.0800000e+000
  3.1980000e+001  1.0051300e+003  3.8700000e+000
  3.2130000e+001  1.0100165e+003  3.7700000e+000
  3.2180000e+001  1.0116453e+003  4.1300000e+000
  3.2230000e+001  1.0132796e+003  3.9500000e+000
  3.2280000e+001  1.0149142e+003  4.0700000e+000
  3.2330000e+001  1.0165450e+003  3.7800000e+000
  3.2390000e+001  1.0184996e+003  3.9500000e+000
  3.2530000e+001  1.0230768e+003  3.8400000e+000
  3.2580000e+001  1.0249117e+003  3.7200000e+000
  3.2630000e+001  1.0267465e+003  3.8800000e+000
  3.2680000e+001  1.0285848e+003  3.7400000e+000
  3.2730000e+001  1.0305424e+003  3.9700000e+000
  3.2780000e+001  1.0324999e+003  3.8200000e+000
  3.2830000e+001  1.0344575e+003  4.4300000e+000
  3.2880000e+001  1.0364150e+003  4.4500000e+000
  3.2980000e+001  1.0403301e+003  4.3100000e+000
  3.3030000e+001  1.0422876e+003  4.4200000e+000
  3.3080000e+001  1.0442442e+003  4.4500000e+000
  3.3130000e+001  1.0461991e+003  4.3200000e+000
  3.3180000e+001  1.0481540e+003  4.3800000e+000
  3.3230000e+001  1.0501089e+003  4.4300000e+000
  3.3280000e+001  1.0519935e+003  4.3000000e+000
  3.3330000e+001  1.0538272e+003  4.3100000e+000
  3.3380000e+001  1.0556608e+003  4.0500000e+000
  3.3430000e+001  1.0573891e+003  4.2600000e+000
  3.3480000e+001  1.0590222e+003  4.0700000e+000
  3.3530000e+001  1.0605577e+003  4.1100000e+000
  3.3580000e+001  1.0617765e+003  4.0700000e+000
  3.3630000e+001  1.0627098e+003  3.8700000e+000
  3.3680000e+001  1.0635264e+003  4.0400000e+000
  3.3730000e+001  1.0643433e+003  3.6800000e+000
  3.4080000e+001  1.0700508e+003  3.5100000e+000
  3.4130000e+001  1.0708674e+003  3.3800000e+000
  3.4180000e+001  1.0721095e+003  3.5200000e+000
  3.4230000e+001  1.0749610e+003  3.8800000e+000
  3.4280000e+001  1.0782230e+003  3.5200000e+000
  3.4330000e+001  1.0815706e+003  3.6800000e+000
  3.4580000e+001  1.0985909e+003  4.4900000e+000
  3.4630000e+001  1.1015846e+003  4.2000000e+000
  3.4680000e+001  1.1038656e+003  4.2100000e+000
  3.4730000e+001  1.1058231e+003  3.7200000e+000
  3.4780000e+001  1.1077807e+003  3.9600000e+000
  3.4830000e+001  1.1097382e+003  4.1700000e+000
  3.4880000e+001  1.1116944e+003  3.7900000e+000
  3.4930000e+001  1.1136493e+003  3.6100000e+000
  3.4980000e+001  1.1156042e+003  3.8600000e+000
  3.5030000e+001  1.1175592e+003  3.8500000e+000
  3.5080000e+001  1.1198675e+003  3.8600000e+000
  3.5130000e+001  1.1223143e+003  4.2500000e+000
  3.5180000e+001  1.1247580e+003  4.1400000e+000
  3.5230000e+001  1.1272057e+003  4.1200000e+000
  3.5280000e+001  1.1296482e+003  3.7400000e+000
  3.5330000e+001  1.1320982e+003  3.8100000e+000
  3.5390000e+001  1.1350279e+003  4.4300000e+000
  3.5430000e+001  1.1370323e+003  4.2600000e+000
  3.5680000e+001  1.1527323e+003  3.9500000e+000
  3.5730000e+001  1.1559943e+003  4.0400000e+000
  3.5780000e+001  1.1592563e+003  3.9200000e+000
  3.5830000e+001  1.1625177e+003  4.0700000e+000
  3.5880000e+001  1.1657781e+003  3.7700000e+000
  3.5930000e+001  1.1690389e+003  4.1300000e+000
  3.5980000e+001  1.1723009e+003  4.1000000e+000
  3.6030000e+001  1.1755629e+003  3.9100000e+000
  3.6080000e+001  1.1788249e+003  3.9300000e+000
  3.6130000e+001  1.1820869e+003  3.8500000e+000
  3.6180000e+001  1.1853464e+003  3.8200000e+000
  3.6230000e+001  1.1886040e+003  4.2000000e+000
  3.6330000e+001  1.1951249e+003  4.3200000e+000
  3.6380000e+001  1.1983870e+003  4.5200000e+000
  3.6480000e+001  1.2049167e+003  4.4200000e+000
  3.6530000e+001  1.2081764e+003  4.4000000e+000
  3.6580000e+001  1.2114341e+003  4.6300000e+000
  3.6630000e+001  1.2148639e+003  4.1400000e+000
  3.6680000e+001  1.2185337e+003  4.1100000e+000
  3.6730000e+001  1.2225681e+003  4.1800000e+000
  3.6780000e+001  1.2266467e+003  4.0200000e+000
  3.6830000e+001  1.2312091e+003  4.0600000e+000
  3.6890000e+001  1.2383464e+003  3.9700000e+000
  3.6930000e+001  1.2428573e+003  3.8600000e+000
  3.6970000e+001  1.2463471e+003  4.6700000e+000
  3.7070000e+001  1.2531829e+003  4.5400000e+000
  3.7120000e+001  1.2562399e+003  4.2900000e+000
  3.7170000e+001  1.2592969e+003  4.5200000e+000
  3.7220000e+001  1.2618846e+003  4.5700000e+000
  3.7270000e+001  1.2643272e+003  4.5500000e+000
  3.7320000e+001  1.2667749e+003  4.5100000e+000
  3.7370000e+001  1.2696588e+003  4.1000000e+000
  3.7420000e+001  1.2727158e+003  4.1600000e+000
  3.7470000e+001  1.2757728e+003  3.8300000e+000
  3.7520000e+001  1.2788299e+003  4.0700000e+000
  3.7570000e+001  1.2818869e+003  3.8200000e+000
  3.7620000e+001  1.2849439e+003  4.3400000e+000
  3.7720000e+001  1.2900750e+003  4.3100000e+000
  3.7970000e+001  1.3026158e+003  4.1100000e+000
  3.8020000e+001  1.3056708e+003  3.8600000e+000
  3.8070000e+001  1.3087259e+003  3.8800000e+000
  3.8120000e+001  1.3117818e+003  3.9300000e+000
  3.8170000e+001  1.3148388e+003  3.8100000e+000
  3.8220000e+001  1.3178958e+003  3.8800000e+000
  3.8270000e+001  1.3209541e+003  3.8800000e+000
  3.8320000e+001  1.3240144e+003  3.8200000e+000
  3.8370000e+001  1.3270747e+003  3.6800000e+000
  3.8420000e+001  1.3301331e+003  4.0700000e+000
  3.8470000e+001  1.3331882e+003  4.6200000e+000
  3.8520000e+001  1.3362432e+003  4.2700000e+000
  3.8570000e+001  1.3393590e+003  4.1000000e+000
  3.8620000e+001  1.3426210e+003  3.7000000e+000
  3.8670000e+001  1.3458863e+003  3.8300000e+000
  3.8720000e+001  1.3499641e+003  3.3000000e+000
  3.8770000e+001  1.3540419e+003  3.4400000e+000
  3.8820000e+001  1.3578241e+003  3.2500000e+000
  3.8870000e+001  1.3614138e+003  3.4700000e+000
  3.8920000e+001  1.3646787e+003  3.4800000e+000
  3.8970000e+001  1.3679435e+003  4.1900000e+000
  3.9020000e+001  1.3712019e+003  4.1300000e+000
  3.9070000e+001  1.3744595e+003  4.1900000e+000
  3.9120000e+001  1.3779685e+003  4.2600000e+000
  3.9170000e+001  1.3816726e+003  4.2200000e+000
  3.9220000e+001  1.3857512e+003  4.1100000e+000
  3.9270000e+001  1.3898298e+003  4.1300000e+000
  3.9320000e+001  1.3939049e+003  3.8300000e+000
  3.9370000e+001  1.3979792e+003  3.5800000e+000
  3.9420000e+001  1.4020534e+003  3.8900000e+000
  3.9470000e+001  1.4061277e+003  4.3900000e+000
  3.9520000e+001  1.4101153e+003  4.4500000e+000
  3.9570000e+001  1.4137850e+003  4.2700000e+000
  3.9620000e+001  1.4174548e+003  4.3000000e+000
  3.9670000e+001  1.4210584e+003  3.5700000e+000
  3.9720000e+001  1.4243205e+003  3.3600000e+000
  3.9770000e+001  1.4275825e+003  3.3700000e+000
  3.9790000e+001  1.4286658e+003  3.3300000e+000
  3.9870000e+001  1.4320361e+003  3.5000000e+000
  3.9920000e+001  1.4339910e+003  3.3200000e+000
  3.9970000e+001  1.4359459e+003  3.2000000e+000
  4.0020000e+001  1.4379016e+003  3.3900000e+000
  4.0070000e+001  1.4398592e+003  3.2900000e+000
  4.0120000e+001  1.4418167e+003  3.3900000e+000
  4.0170000e+001  1.4437742e+003  3.3800000e+000
  4.0220000e+001  1.4459681e+003  3.4400000e+000
  4.0270000e+001  1.4489960e+003  3.3600000e+000
  4.0320000e+001  1.4522536e+003  3.3400000e+000
  4.0370000e+001  1.4556860e+003  3.8100000e+000
  4.0420000e+001  1.4593557e+003  3.5100000e+000
  4.0470000e+001  1.4633926e+003  3.5100000e+000
  4.0520000e+001  1.4674712e+003  3.4900000e+000
  4.0570000e+001  1.4715471e+003  3.5900000e+000
  4.0620000e+001  1.4756214e+003  3.4000000e+000
  4.0670000e+001  1.4799566e+003  3.4800000e+000
  4.0720000e+001  1.4855286e+003  3.4800000e+000
  4.0770000e+001  1.4916412e+003  3.5500000e+000
  4.0820000e+001  1.4977552e+003  4.3900000e+000
  4.0870000e+001  1.5038692e+003  4.2600000e+000
  4.0920000e+001  1.5099833e+003  3.9400000e+000
  4.0970000e+001  1.5161037e+003  3.7600000e+000
  4.1020000e+001  1.5222213e+003  3.7900000e+000
  4.1070000e+001  1.5283353e+003  4.4800000e+000
  4.1120000e+001  1.5331826e+003  4.4400000e+000
  4.1170000e+001  1.5372612e+003  4.3100000e+000
  4.1220000e+001  1.5413398e+003  4.6800000e+000
  4.1270000e+001  1.5454146e+003  4.3700000e+000
  4.1320000e+001  1.5494888e+003  4.2600000e+000
  4.1370000e+001  1.5540391e+003  3.9100000e+000
  4.1420000e+001  1.5599366e+003  3.8600000e+000
  4.1470000e+001  1.5660530e+003  3.6400000e+000
  4.1520000e+001  1.5721590e+003  4.3200000e+000
  4.1570000e+001  1.5773398e+003  4.4100000e+000
  4.1620000e+001  1.5822350e+003  4.0600000e+000
  4.1670000e+001  1.5871239e+003  3.7500000e+000
  4.1720000e+001  1.5928879e+003  3.8100000e+000
  4.1770000e+001  1.5990072e+003  3.8500000e+000
  4.1820000e+001  1.6051212e+003  3.5400000e+000
  4.1870000e+001  1.6112300e+003  3.7700000e+000
  4.1920000e+001  1.6173379e+003  3.7800000e+000
  4.1970000e+001  1.6234585e+003  3.8600000e+000
  4.2020000e+001  1.6288364e+003  3.6800000e+000
  4.2070000e+001  1.6330387e+003  3.5600000e+000
  4.2170000e+001  1.6411895e+003  3.9300000e+000
  4.2220000e+001  1.6452681e+003  4.3900000e+000
  4.2270000e+001  1.6493456e+003  4.2400000e+000
  4.2320000e+001  1.6534198e+003  4.2700000e+000
  4.2370000e+001  1.6574941e+003  4.3200000e+000
  4.2420000e+001  1.6615683e+003  4.4100000e+000
  4.2470000e+001  1.6656425e+003  4.4900000e+000
  4.2520000e+001  1.6702872e+003  4.1600000e+000
  4.2620000e+001  1.6824180e+003  4.0000000e+000
  4.2670000e+001  1.6885240e+003  4.1000000e+000
  4.2820000e+001  1.7016503e+003  4.3200000e+000
  4.2970000e+001  1.7149494e+003  4.1300000e+000
  4.3020000e+001  1.7210700e+003  3.9400000e+000
  4.3070000e+001  1.7271840e+003  4.1400000e+000
  4.3120000e+001  1.7332980e+003  4.2300000e+000
  4.3170000e+001  1.7394121e+003  3.9500000e+000
  4.3220000e+001  1.7455247e+003  4.4400000e+000
  4.3320000e+001  1.7577519e+003  4.2000000e+000
  4.3370000e+001  1.7638659e+003  3.8100000e+000
  4.3420000e+001  1.7695315e+003  3.4900000e+000
  4.3520000e+001  1.7780108e+003  3.8100000e+000
  4.3570000e+001  1.7819581e+003  4.0900000e+000
  4.3670000e+001  1.7889727e+003  4.1500000e+000
  4.3720000e+001  1.7922376e+003  4.0300000e+000
  4.3770000e+001  1.7953975e+003  4.0300000e+000
  4.3870000e+001  1.8015075e+003  3.8700000e+000
  4.3920000e+001  1.8045634e+003  4.0900000e+000
  4.3970000e+001  1.8076204e+003  3.8600000e+000
  4.4020000e+001  1.8106775e+003  3.8700000e+000
  4.4070000e+001  1.8137350e+003  3.7700000e+000
  4.4120000e+001  1.8167932e+003  3.6600000e+000
  4.4170000e+001  1.8198515e+003  3.6200000e+000
  4.4220000e+001  1.8229094e+003  3.7700000e+000
  4.4270000e+001  1.8259664e+003  3.9400000e+000
  4.4320000e+001  1.8290234e+003  3.6300000e+000
  4.4370000e+001  1.8320804e+003  3.8700000e+000
  4.4420000e+001  1.8351374e+003  3.7100000e+000
  4.4470000e+001  1.8381944e+003  3.9300000e+000
  4.4520000e+001  1.8411076e+003  3.7400000e+000
  4.4570000e+001  1.8435553e+003  4.0700000e+000
  4.4620000e+001  1.8459982e+003  3.9300000e+000
  4.4670000e+001  1.8484466e+003  3.9600000e+000
  4.4720000e+001  1.8508925e+003  4.0200000e+000
  4.4770000e+001  1.8533357e+003  3.8700000e+000
  4.4920000e+001  1.8600040e+003  4.1800000e+000
  4.4970000e+001  1.8619616e+003  4.2800000e+000
  4.5020000e+001  1.8639191e+003  3.8800000e+000
  4.5070000e+001  1.8658767e+003  4.3800000e+000
  4.5120000e+001  1.8678342e+003  4.3500000e+000
  4.5170000e+001  1.8697917e+003  4.2400000e+000
  4.5220000e+001  1.8717493e+003  4.0200000e+000
  4.5270000e+001  1.8740617e+003  4.0600000e+000
  4.5320000e+001  1.8765091e+003  4.0600000e+000
  4.5370000e+001  1.8789538e+003  4.2100000e+000
  4.5420000e+001  1.8813993e+003  3.9200000e+000
  4.5470000e+001  1.8838498e+003  3.8100000e+000
  4.5570000e+001  1.8887412e+003  3.5200000e+000
  4.5620000e+001  1.8911803e+003  3.4800000e+000
  4.5670000e+001  1.8936322e+003  3.7400000e+000
  4.5720000e+001  1.8960723e+003  3.4600000e+000
  4.5770000e+001  1.8985528e+003  3.6300000e+000
  4.5820000e+001  1.9016078e+003  4.1500000e+000
  4.5870000e+001  1.9046628e+003  4.1500000e+000
  4.5920000e+001  1.9077178e+003  3.9300000e+000
  4.5970000e+001  1.9107780e+003  3.9800000e+000
  4.6020000e+001  1.9138383e+003  3.7100000e+000
  4.6070000e+001  1.9168986e+003  3.8600000e+000
  4.6120000e+001  1.9199558e+003  3.7900000e+000
  4.6220000e+001  1.9260698e+003  3.5500000e+000
  4.6270000e+001  1.9291251e+003  3.4900000e+000
  4.6320000e+001  1.9321801e+003  3.4800000e+000
  4.6370000e+001  1.9352351e+003  3.5300000e+000
  4.6420000e+001  1.9382945e+003  3.8200000e+000
  4.6470000e+001  1.9413548e+003  3.9900000e+000
  4.6520000e+001  1.9444151e+003  4.2000000e+000
  4.6570000e+001  1.9469840e+003  4.2100000e+000
  4.6620000e+001  1.9494364e+003  4.1900000e+000
  4.6670000e+001  1.9518775e+003  4.1400000e+000
  4.6720000e+001  1.9543264e+003  3.8600000e+000
  4.6770000e+001  1.9567728e+003  4.3200000e+000
  4.6820000e+001  1.9592168e+003  4.1700000e+000
  4.6870000e+001  1.9616644e+003  4.1100000e+000
  4.6920000e+001  1.9641069e+003  3.8100000e+000
  4.6990000e+001  1.9675382e+003  3.6600000e+000
  4.7040000e+001  1.9699762e+003  3.8400000e+000
  4.7090000e+001  1.9724270e+003  3.7300000e+000
  4.7140000e+001  1.9748667e+003  3.4700000e+000
  4.7190000e+001  1.9773189e+003  3.4400000e+000
  4.7240000e+001  1.9795458e+003  3.4700000e+000
  4.7290000e+001  1.9815007e+003  3.6000000e+000
  4.7340000e+001  1.9834557e+003  3.5100000e+000
  4.7390000e+001  1.9854106e+003  3.5200000e+000
  4.7440000e+001  1.9873672e+003  3.4600000e+000
  4.7490000e+001  1.9893247e+003  3.4900000e+000
  4.7540000e+001  1.9912823e+003  3.8300000e+000
  4.7590000e+001  1.9932398e+003  3.7300000e+000
  4.7640000e+001  1.9951974e+003  3.8200000e+000
  4.7690000e+001  1.9971549e+003  3.7700000e+000
  4.7740000e+001  1.9991125e+003  4.0000000e+000
  4.7790000e+001  2.0010700e+003  3.9900000e+000
  4.7840000e+001  2.0030249e+003  4.0600000e+000
  4.7890000e+001  2.0049799e+003  4.1000000e+000
  4.7940000e+001  2.0069348e+003  4.1300000e+000
  4.7990000e+001  2.0089804e+003  4.0700000e+000
  4.8040000e+001  2.0114307e+003  3.9700000e+000
  4.8090000e+001  2.0138719e+003  3.9200000e+000
  4.8140000e+001  2.0168659e+003  3.9400000e+000
  4.8190000e+001  2.0199262e+003  3.6400000e+000
  4.8240000e+001  2.0229865e+003  3.8300000e+000
  4.8290000e+001  2.0260423e+003  4.0200000e+000
  4.8340000e+001  2.0290973e+003  3.9500000e+000
  4.8590000e+001  2.0443824e+003  3.8900000e+000
  4.8640000e+001  2.0474427e+003  3.9700000e+000
  4.8690000e+001  2.0505029e+003  3.8200000e+000
  4.8740000e+001  2.0535596e+003  3.9200000e+000
  4.8940000e+001  2.0647846e+003  4.2800000e+000
  4.9090000e+001  2.0721273e+003  4.2500000e+000
  4.9140000e+001  2.0745712e+003  4.2000000e+000
  4.9190000e+001  2.0770159e+003  4.0400000e+000
  4.9240000e+001  2.0794651e+003  4.0500000e+000
  4.9340000e+001  2.0851100e+003  3.9900000e+000
  4.9390000e+001  2.0881683e+003  4.0700000e+000
  4.9440000e+001  2.0912629e+003  3.9100000e+000
  4.9490000e+001  2.0945205e+003  3.8500000e+000
  4.9540000e+001  2.0977782e+003  3.7500000e+000
  4.9590000e+001  2.1014034e+003  3.7500000e+000
  4.9640000e+001  2.1052228e+003  3.6200000e+000
  4.9690000e+001  2.1093014e+003  3.6600000e+000
  4.9740000e+001  2.1133799e+003  3.7100000e+000
  4.9790000e+001  2.1174577e+003  3.7300000e+000
  4.9840000e+001  2.1215355e+003  3.8500000e+000
  4.9890000e+001  2.1256105e+003  3.7100000e+000
  4.9940000e+001  2.1296847e+003  3.7000000e+000
  4.9990000e+001  2.1337611e+003  3.7100000e+000
  5.0040000e+001  2.1378397e+003  3.9900000e+000
  5.0090000e+001  2.1419174e+003  3.5200000e+000
  5.0140000e+001  2.1459917e+003  3.8600000e+000
  5.0190000e+001  2.1500659e+003  3.8800000e+000
  5.0240000e+001  2.1541401e+003  4.0200000e+000
  5.0290000e+001  2.1582144e+003  4.0600000e+000
  5.0340000e+001  2.1622936e+003  3.6400000e+000
  5.0390000e+001  2.1663758e+003  3.6500000e+000
  5.0440000e+001  2.1704552e+003  3.6000000e+000
  5.0490000e+001  2.1745295e+003  3.9200000e+000
  5.0540000e+001  2.1786037e+003  3.5000000e+000
  5.0690000e+001  2.1908297e+003  3.7400000e+000
  5.0740000e+001  2.1949083e+003  3.9100000e+000
  5.0940000e+001  2.2107303e+003  3.6200000e+000
  5.0990000e+001  2.2144000e+003  3.5600000e+000
  5.1040000e+001  2.2180175e+003  3.6600000e+000
  5.1090000e+001  2.2212795e+003  3.6800000e+000
  5.1190000e+001  2.2277999e+003  3.9100000e+000
  5.1340000e+001  2.2375840e+003  4.0000000e+000
  5.1390000e+001  2.2408481e+003  4.1500000e+000
  5.1440000e+001  2.2441101e+003  3.9300000e+000
  5.1490000e+001  2.2473721e+003  4.0100000e+000
  5.1540000e+001  2.2510296e+003  3.8800000e+000
  5.1590000e+001  2.2548790e+003  3.8500000e+000
  5.1690000e+001  2.2631519e+003  3.7400000e+000
  5.1740000e+001  2.2685170e+003  3.6300000e+000
  5.1790000e+001  2.2746376e+003  3.7700000e+000
  5.1840000e+001  2.2807525e+003  3.8900000e+000
  5.1890000e+001  2.2868665e+003  3.5400000e+000
  5.1940000e+001  2.2929806e+003  3.8300000e+000
  5.1980000e+001  2.2978709e+003  3.5200000e+000
  5.2030000e+001  2.3038812e+003  3.6800000e+000
  5.2130000e+001  2.3125861e+003  3.7800000e+000
  5.2180000e+001  2.3166605e+003  3.9700000e+000
  5.2230000e+001  2.3207391e+003  4.2000000e+000
  5.2280000e+001  2.3248177e+003  4.0000000e+000
  5.2330000e+001  2.3295021e+003  3.9300000e+000
  5.2380000e+001  2.3355839e+003  3.4700000e+000
  5.2430000e+001  2.3416965e+003  3.4600000e+000
  5.2480000e+001  2.3478171e+003  3.8200000e+000
  5.2530000e+001  2.3526682e+003  3.9200000e+000
  5.2580000e+001  2.3567424e+003  4.0800000e+000
  5.2630000e+001  2.3608166e+003  3.9900000e+000
  5.2680000e+001  2.3648947e+003  4.0700000e+000
  5.2780000e+001  2.3730494e+003  3.5600000e+000
  5.2830000e+001  2.3771236e+003  3.6900000e+000
  5.2880000e+001  2.3814391e+003  3.4400000e+000
  5.2930000e+001  2.3869819e+003  3.4100000e+000
  5.2980000e+001  2.3930896e+003  3.6700000e+000
  5.3030000e+001  2.3977860e+003  3.9500000e+000
  5.3080000e+001  2.4018602e+003  3.9200000e+000
  5.3180000e+001  2.4100128e+003  3.5300000e+000
  5.3230000e+001  2.4140914e+003  3.8000000e+000
  5.3280000e+001  2.4181671e+003  3.5400000e+000
  5.3330000e+001  2.4222414e+003  3.9900000e+000
  5.3380000e+001  2.4263169e+003  3.8100000e+000
  5.3430000e+001  2.4303947e+003  4.0300000e+000
  5.3480000e+001  2.4344726e+003  4.1800000e+000
  5.3530000e+001  2.4385512e+003  3.9200000e+000
  5.3580000e+001  2.4426298e+003  4.0400000e+000
  5.3630000e+001  2.4467049e+003  4.0400000e+000
  5.3680000e+001  2.4507792e+003  3.5500000e+000
  5.3730000e+001  2.4548534e+003  3.7800000e+000
  5.3780000e+001  2.4589277e+003  3.4600000e+000
  5.3930000e+001  2.4699743e+003  3.6100000e+000
  5.4030000e+001  2.4764167e+003  3.8300000e+000
  5.4080000e+001  2.4794737e+003  3.9100000e+000
  5.4130000e+001  2.4825307e+003  4.0300000e+000
  5.4180000e+001  2.4853769e+003  4.0400000e+000
  5.4230000e+001  2.4878283e+003  4.3800000e+000
  5.4280000e+001  2.4902671e+003  3.5700000e+000
  5.4480000e+001  2.5002037e+003  3.3000000e+000
  5.4530000e+001  2.5032607e+003  3.2400000e+000
  5.4580000e+001  2.5063177e+003  3.6000000e+000
  5.4630000e+001  2.5094133e+003  3.3500000e+000
  5.4780000e+001  2.5195654e+003  3.7700000e+000
  5.4880000e+001  2.5268983e+003  3.7100000e+000
  5.4930000e+001  2.5309117e+003  3.9300000e+000
  5.4980000e+001  2.5349895e+003  3.5800000e+000
  5.5030000e+001  2.5390653e+003  3.6800000e+000
  5.5180000e+001  2.5529392e+003  3.4400000e+000
  5.5430000e+001  2.5835120e+003  3.3800000e+000
  5.5530000e+001  2.5957352e+003  3.6300000e+000
  5.5580000e+001  2.6007100e+003  3.7800000e+000
  5.5630000e+001  2.6047843e+003  3.8100000e+000
  5.5680000e+001  2.6088585e+003  3.6700000e+000
  5.5730000e+001  2.6129327e+003  3.7700000e+000
  5.5780000e+001  2.6170070e+003  3.6000000e+000
  5.6080000e+001  2.6471323e+003  3.8200000e+000
  5.6180000e+001  2.6593641e+003  3.5300000e+000
  5.6280000e+001  2.6715946e+003  3.3400000e+000
  5.6330000e+001  2.6777152e+003  3.5000000e+000
  5.6380000e+001  2.6838235e+003  3.4600000e+000
  5.6430000e+001  2.6899320e+003  3.3900000e+000
  5.6480000e+001  2.6960461e+003  3.4700000e+000
  5.6530000e+001  2.7021653e+003  3.8300000e+000
  5.6780000e+001  2.7327384e+003  3.5600000e+000
  5.6830000e+001  2.7388520e+003  3.5900000e+000
  5.7230000e+001  2.7877688e+003  3.5500000e+000
  5.7280000e+001  2.7938860e+003  3.5800000e+000
  5.7330000e+001  2.8000000e+003  3.4400000e+000
