  2.0900000e+000  0.0000000e+000  3.3300000e+000
  2.2000000e+000  4.0219432e+000  3.6300000e+000
  2.2900000e+000  7.8202455e+000  3.5000000e+000
  2.4000000e+000  1.2222037e+001  3.9200000e+000
  2.6000000e+000  1.7444489e+001  5.0300000e+000
  2.6900000e+000  1.8926552e+001  5.2100000e+000
  2.8000000e+000  2.0660747e+001  4.9400000e+000
  2.9000000e+000  2.2112382e+001  4.9300000e+000
  3.0000000e+000  2.3808929e+001  4.9800000e+000
  3.0900000e+000  2.5771102e+001  4.8300000e+000
  3.2000000e+000  2.7985679e+001  4.7100000e+000
  3.2800000e+000  2.9415301e+001  4.5900000e+000
  3.4000000e+000  3.1559732e+001  4.2800000e+000
  3.5300000e+000  3.3244911e+001  4.6800000e+000
  3.5900000e+000  3.3983845e+001  4.7500000e+000
  3.7000000e+000  3.5470665e+001  4.2600000e+000
  3.7900000e+000  3.6915313e+001  4.6500000e+000
  3.9000000e+000  3.8680886e+001  4.3500000e+000
  3.9900000e+000  4.0125445e+001  4.6400000e+000
  4.1000000e+000  4.2492583e+001  4.3900000e+000
  4.2500000e+000  4.5803471e+001  4.3700000e+000
  4.3000000e+000  4.6900820e+001  4.4300000e+000
  4.4000000e+000  4.9095519e+001  4.5600000e+000
  4.5000000e+000  5.1276371e+001  4.3300000e+000
  4.5900000e+000  5.3085745e+001  4.4400000e+000
  4.7000000e+000  5.5297156e+001  4.3200000e+000
  4.8000000e+000  5.7307496e+001  4.5000000e+000
  5.0300000e+000  6.1931370e+001  4.6700000e+000
  5.0900000e+000  6.3146397e+001  4.4600000e+000
  5.2000000e+000  6.5595684e+001  4.5100000e+000
  5.2900000e+000  6.7763583e+001  4.7800000e+000
  5.4000000e+000  7.0614879e+001  4.3600000e+000
  5.4900000e+000  7.2892841e+001  4.2200000e+000
  5.6000000e+000  7.5496845e+001  3.9300000e+000
  5.6900000e+000  7.7697626e+001  4.0900000e+000
  5.8000000e+000  8.0387469e+001  3.9000000e+000
  5.9000000e+000  8.3367270e+001  3.6300000e+000
  6.0000000e+000  8.6423871e+001  4.1900000e+000
  6.1000000e+000  8.9462162e+001  4.1200000e+000
  6.2000000e+000  9.1967430e+001  4.1900000e+000
  6.3000000e+000  9.4165708e+001  3.7900000e+000
  6.4000000e+000  9.6170027e+001  3.4500000e+000
  6.5300000e+000  9.9526578e+001  3.9500000e+000
  6.5900000e+000  1.0137938e+002  3.9500000e+000
  6.7000000e+000  1.0477618e+002  3.7300000e+000
  6.7900000e+000  1.0769835e+002  3.8600000e+000
  6.9000000e+000  1.1194402e+002  3.9300000e+000
  6.9900000e+000  1.1544167e+002  3.6800000e+000
  7.1000000e+000  1.1962859e+002  3.6900000e+000
  7.2000000e+000  1.2306174e+002  3.1900000e+000
  7.3000000e+000  1.2622658e+002  2.5600000e+000
  7.3900000e+000  1.2917742e+002  3.9500000e+000
  7.5000000e+000  1.3447362e+002  4.9200000e+000
  7.6000000e+000  1.3883472e+002  4.9400000e+000
  7.7000000e+000  1.4253205e+002  4.7700000e+000
  7.8000000e+000  1.4587892e+002  4.9000000e+000
  7.9000000e+000  1.4794592e+002  4.5700000e+000
  8.0300000e+000  1.5015589e+002  4.8100000e+000
  8.0900000e+000  1.5109790e+002  4.6500000e+000
  8.2000000e+000  1.5282491e+002  4.6700000e+000
  8.2900000e+000  1.5423794e+002  4.5300000e+000
  8.4000000e+000  1.5596503e+002  4.4900000e+000
  8.4900000e+000  1.5758418e+002  4.9100000e+000
  8.6000000e+000  1.5959876e+002  4.7800000e+000
  8.7000000e+000  1.6143018e+002  4.7100000e+000
  8.8000000e+000  1.6326160e+002  4.6100000e+000
  8.9000000e+000  1.6509308e+002  4.6000000e+000
  9.0000000e+000  1.6692456e+002  4.2800000e+000
  9.1000000e+000  1.6883273e+002  4.5900000e+000
  9.1200000e+000  1.6923970e+002  4.7500000e+000
  9.2200000e+000  1.7120129e+002  4.6400000e+000
  9.3200000e+000  1.7332435e+002  4.4100000e+000
  9.4200000e+000  1.7545245e+002  4.2600000e+000
  9.5200000e+000  1.7758063e+002  4.4500000e+000
  9.6400000e+000  1.8013446e+002  4.5100000e+000
  9.7200000e+000  1.8183688e+002  4.3200000e+000
  9.8200000e+000  1.8396487e+002  4.7700000e+000
  9.9500000e+000  1.8645734e+002  4.6900000e+000
  1.0020000e+001  1.8770830e+002  4.5900000e+000
  1.0120000e+001  1.8971448e+002  4.4100000e+000
  1.0220000e+001  1.9172332e+002  4.1400000e+000
  1.0320000e+001  1.9384817e+002  4.1000000e+000
  1.0420000e+001  1.9599255e+002  3.9700000e+000
  1.0520000e+001  1.9821291e+002  3.8100000e+000
  1.0620000e+001  2.0084197e+002  3.5700000e+000
  1.0720000e+001  2.0351450e+002  3.6200000e+000
  1.0820000e+001  2.0680236e+002  3.6600000e+000
  1.0920000e+001  2.1009023e+002  3.7200000e+000
  1.1020000e+001  2.1336270e+002  3.5400000e+000
  1.1120000e+001  2.1658082e+002  3.5600000e+000
  1.1220000e+001  2.1979894e+002  4.2500000e+000
  1.1320000e+001  2.2312318e+002  4.5900000e+000
  1.1410000e+001  2.2587246e+002  4.5400000e+000
  1.1520000e+001  2.2891228e+002  4.3200000e+000
  1.1620000e+001  2.3115071e+002  4.3500000e+000
  1.1720000e+001  2.3338914e+002  3.8700000e+000
  1.1820000e+001  2.3562757e+002  3.8200000e+000
  1.1930000e+001  2.3808984e+002  3.5600000e+000
  1.2020000e+001  2.4010442e+002  3.4200000e+000
  1.2120000e+001  2.4297202e+002  3.6000000e+000
  1.2220000e+001  2.4657517e+002  4.7500000e+000
  1.2320000e+001  2.5032409e+002  4.8200000e+000
  1.2420000e+001  2.5282704e+002  4.8600000e+000
  1.2520000e+001  2.5486563e+002  4.6800000e+000
  1.2620000e+001  2.5671228e+002  4.7600000e+000
  1.2720000e+001  2.5854839e+002  4.6900000e+000
  1.2820000e+001  2.6038431e+002  4.8400000e+000
  1.2920000e+001  2.6221974e+002  4.8900000e+000
  1.3020000e+001  2.6397023e+002  4.7800000e+000
  1.3080000e+001  2.6497137e+002  4.9200000e+000
  1.3280000e+001  2.6830851e+002  4.1000000e+000
  1.3380000e+001  2.7008060e+002  4.8000000e+000
  1.3480000e+001  2.7193503e+002  4.4500000e+000
  1.3780000e+001  2.7799160e+002  4.1900000e+000
  1.3880000e+001  2.7980328e+002  4.3000000e+000
  1.3980000e+001  2.8140546e+002  4.2500000e+000
  1.4080000e+001  2.8287990e+002  4.0200000e+000
  1.4180000e+001  2.8435434e+002  4.0000000e+000
  1.4280000e+001  2.8582878e+002  3.8700000e+000
  1.4380000e+001  2.8730322e+002  4.0300000e+000
  1.4480000e+001  2.8892580e+002  4.1100000e+000
  1.4580000e+001  2.9062666e+002  4.1900000e+000
  1.4680000e+001  2.9246989e+002  4.4800000e+000
  1.4780000e+001  2.9431311e+002  4.1100000e+000
  1.4880000e+001  2.9621765e+002  4.3700000e+000
  1.4980000e+001  2.9833232e+002  4.2900000e+000
  1.5080000e+001  3.0044700e+002  4.1500000e+000
  1.5180000e+001  3.0256167e+002  4.1100000e+000
  1.5280000e+001  3.0467634e+002  4.3300000e+000
  1.5380000e+001  3.0686014e+002  4.0100000e+000
  1.5480000e+001  3.0892055e+002  4.1600000e+000
  1.5580000e+001  3.1092566e+002  3.9800000e+000
  1.5680000e+001  3.1292974e+002  3.8600000e+000
  1.5780000e+001  3.1481738e+002  3.6900000e+000
  1.5880000e+001  3.1662173e+002  3.7500000e+000
  1.5980000e+001  3.1842609e+002  3.5900000e+000
  1.6080000e+001  3.2023106e+002  4.1000000e+000
  1.6180000e+001  3.2204794e+002  3.8800000e+000
  1.6280000e+001  3.2393523e+002  3.0800000e+000
  1.6380000e+001  3.2582199e+002  3.5700000e+000
  1.6480000e+001  3.2770875e+002  3.3900000e+000
  1.6580000e+001  3.2959551e+002  3.2500000e+000
  1.6680000e+001  3.3148227e+002  3.5700000e+000
  1.6780000e+001  3.3336904e+002  2.9100000e+000
  1.6880000e+001  3.3569373e+002  4.6200000e+000
  1.6980000e+001  3.3781042e+002  3.9300000e+000
  1.7080000e+001  3.4038445e+002  4.7700000e+000
  1.7180000e+001  3.4309199e+002  4.7800000e+000
  1.7280000e+001  3.4562410e+002  4.6400000e+000
  1.7380000e+001  3.4815367e+002  4.6300000e+000
  1.7480000e+001  3.5068578e+002  4.7500000e+000
  1.7580000e+001  3.5321535e+002  4.4300000e+000
  1.7680000e+001  3.5574493e+002  4.6600000e+000
  1.7760000e+001  3.5777112e+002  4.7300000e+000
  1.7860000e+001  3.6030069e+002  4.7000000e+000
  1.7960000e+001  3.6255790e+002  4.7900000e+000
  1.8060000e+001  3.6458308e+002  4.4100000e+000
  1.8170000e+001  3.6696195e+002  4.3900000e+000
  1.8270000e+001  3.6908373e+002  4.2400000e+000
  1.8360000e+001  3.7099039e+002  4.2200000e+000
  1.8460000e+001  3.7293353e+002  4.3400000e+000
  1.8560000e+001  3.7478901e+002  4.2700000e+000
  1.8570000e+001  3.7495847e+002  4.3800000e+000
  1.8660000e+001  3.7648366e+002  4.3500000e+000
  1.8760000e+001  3.7817831e+002  4.3200000e+000
  1.8860000e+001  3.7987297e+002  4.2200000e+000
  1.8960000e+001  3.8156762e+002  4.3600000e+000
  1.9060000e+001  3.8326227e+002  4.1100000e+000
  1.9160000e+001  3.8495693e+002  3.9600000e+000
  1.9260000e+001  3.8678451e+002  3.9300000e+000
  1.9360000e+001  3.8868817e+002  3.9300000e+000
  1.9460000e+001  3.9059183e+002  4.0500000e+000
  1.9560000e+001  3.9249548e+002  4.1900000e+000
  1.9660000e+001  3.9439950e+002  4.2500000e+000
  1.9760000e+001  3.9630387e+002  3.6500000e+000
  1.9860000e+001  3.9820824e+002  3.5200000e+000
  1.9960000e+001  4.0028637e+002  3.4000000e+000
  2.0060000e+001  4.0241383e+002  3.2100000e+000
  2.0160000e+001  4.0473978e+002  3.1800000e+000
  2.0260000e+001  4.0714311e+002  3.3400000e+000
  2.0360000e+001  4.1112172e+002  3.2600000e+000
  2.0460000e+001  4.1603188e+002  3.7800000e+000
  2.0560000e+001  4.2120146e+002  3.8800000e+000
  2.0660000e+001  4.2568939e+002  4.7500000e+000
  2.0760000e+001  4.2847642e+002  4.7900000e+000
  2.0860000e+001  4.3037074e+002  5.4000000e+000
  2.0960000e+001  4.3204361e+002  5.2400000e+000
  2.1060000e+001  4.3353369e+002  5.2200000e+000
  2.1160000e+001  4.3501304e+002  5.2600000e+000
  2.1260000e+001  4.3625384e+002  5.1500000e+000
  2.1360000e+001  4.3773764e+002  5.0900000e+000
  2.1460000e+001  4.3922716e+002  5.0100000e+000
  2.1560000e+001  4.4071685e+002  4.8600000e+000
  2.1660000e+001  4.4220693e+002  5.0100000e+000
  2.1760000e+001  4.4369701e+002  4.9100000e+000
  2.1850000e+001  4.4503777e+002  4.8400000e+000
  2.1960000e+001  4.4687228e+002  4.6500000e+000
  2.2010000e+001  4.4774567e+002  4.6100000e+000
  2.2110000e+001  4.4961764e+002  4.5200000e+000
  2.2210000e+001  4.5162203e+002  4.6800000e+000
  2.2310000e+001  4.5362642e+002  4.6200000e+000
  2.2410000e+001  4.5563081e+002  4.6400000e+000
  2.2510000e+001  4.5763519e+002  4.3900000e+000
  2.2610000e+001  4.5963970e+002  4.3700000e+000
  2.2710000e+001  4.6164484e+002  4.7400000e+000
  2.2810000e+001  4.6357929e+002  4.6200000e+000
  2.2910000e+001  4.6549969e+002  4.4900000e+000
  2.3010000e+001  4.6752211e+002  4.3600000e+000
  2.3110000e+001  4.6954339e+002  4.5200000e+000
  2.3210000e+001  4.7156492e+002  4.4900000e+000
  2.3310000e+001  4.7358734e+002  4.4100000e+000
  2.3410000e+001  4.7556837e+002  4.3600000e+000
  2.3510000e+001  4.7747566e+002  4.1000000e+000
  2.3610000e+001  4.7920952e+002  4.0400000e+000
  2.3710000e+001  4.8094338e+002  4.1000000e+000
  2.3810000e+001  4.8267723e+002  3.8700000e+000
  2.3910000e+001  4.8441109e+002  3.7100000e+000
  2.4010000e+001  4.8614495e+002  4.1500000e+000
  2.4110000e+001  4.8806184e+002  3.7400000e+000
  2.4210000e+001  4.8994527e+002  3.5500000e+000
  2.4310000e+001  4.9182869e+002  3.4600000e+000
  2.4410000e+001  4.9371212e+002  4.5500000e+000
  2.4510000e+001  4.9566013e+002  4.0300000e+000
  2.4610000e+001  4.9766968e+002  3.9900000e+000
  2.4710000e+001  4.9983663e+002  3.8500000e+000
  2.4810000e+001  5.0247003e+002  3.8400000e+000
  2.4910000e+001  5.0571792e+002  3.9400000e+000
  2.5010000e+001  5.0911345e+002  4.3600000e+000
  2.5110000e+001  5.1200084e+002  4.4500000e+000
  2.5210000e+001  5.1417378e+002  4.2300000e+000
  2.5310000e+001  5.1634671e+002  4.2100000e+000
  2.5410000e+001  5.1852002e+002  4.2300000e+000
  2.5510000e+001  5.2068335e+002  4.0500000e+000
  2.5610000e+001  5.2282692e+002  3.8200000e+000
  2.5710000e+001  5.2496985e+002  4.0800000e+000
  2.5780000e+001  5.2646979e+002  4.1700000e+000
  2.5910000e+001  5.2925539e+002  4.1900000e+000
  2.6010000e+001  5.3139815e+002  3.7100000e+000
  2.6110000e+001  5.3354092e+002  4.4700000e+000
  2.6210000e+001  5.3593178e+002  4.6000000e+000
  2.6310000e+001  5.3861192e+002  4.5900000e+000
  2.6410000e+001  5.4128937e+002  4.6300000e+000
  2.6510000e+001  5.4396950e+002  4.4200000e+000
  2.6610000e+001  5.4653911e+002  4.7100000e+000
  2.6710000e+001  5.4868268e+002  4.5300000e+000
  2.6810000e+001  5.5087996e+002  4.4700000e+000
  2.6910000e+001  5.5328534e+002  4.5000000e+000
  2.6990000e+001  5.5520931e+002  4.4400000e+000
  2.7090000e+001  5.5761428e+002  4.4600000e+000
  2.7150000e+001  5.5922229e+002  4.3500000e+000
  2.7380000e+001  5.6795972e+002  4.0800000e+000
  2.7520000e+001  5.7286678e+002  3.7100000e+000
  2.7610000e+001  5.7503206e+002  3.6900000e+000
  2.7710000e+001  5.7743792e+002  3.5600000e+000
  2.7820000e+001  5.8047002e+002  3.9000000e+000
  2.7920000e+001  5.8422812e+002  4.4400000e+000
  2.8020000e+001  5.8796824e+002  4.3400000e+000
  2.8120000e+001  5.9167408e+002  4.2800000e+000
  2.8220000e+001  5.9537991e+002  3.8200000e+000
  2.8320000e+001  5.9908575e+002  4.0600000e+000
  2.8420000e+001  6.0222940e+002  3.9200000e+000
  2.8520000e+001  6.0492623e+002  4.0700000e+000
  2.8620000e+001  6.0741042e+002  4.1400000e+000
  2.8720000e+001  6.0989270e+002  3.7400000e+000
  2.8790000e+001  6.1155347e+002  3.8600000e+000
  2.8900000e+001  6.1373870e+002  3.6900000e+000
  2.9000000e+001  6.1572527e+002  3.7000000e+000
  2.9100000e+001  6.1805954e+002  4.0000000e+000
  2.9190000e+001  6.2104014e+002  4.4000000e+000
  2.9290000e+001  6.2428227e+002  4.6200000e+000
  2.9390000e+001  6.2808850e+002  4.6800000e+000
  2.9490000e+001  6.3359142e+002  4.7600000e+000
  2.9590000e+001  6.3857045e+002  4.7100000e+000
  2.9700000e+001  6.4376107e+002  4.6100000e+000
  2.9800000e+001  6.4816189e+002  4.7300000e+000
  2.9900000e+001  6.5212270e+002  4.7000000e+000
  3.0000000e+001  6.5667101e+002  4.4900000e+000
  3.0090000e+001  6.6066796e+002  4.7700000e+000
  3.0200000e+001  6.6555311e+002  4.4000000e+000
  3.0300000e+001  6.6891274e+002  4.4300000e+000
  3.0400000e+001  6.7157862e+002  4.4100000e+000
  3.0500000e+001  6.7418124e+002  4.5400000e+000
  3.0600000e+001  6.7654868e+002  4.4700000e+000
  3.0700000e+001  6.7877150e+002  4.2800000e+000
  3.0800000e+001  6.8067110e+002  4.4900000e+000
  3.0900000e+001  6.8248275e+002  4.1500000e+000
  3.1000000e+001  6.8429504e+002  4.3600000e+000
  3.1090000e+001  6.8592614e+002  4.1500000e+000
  3.1200000e+001  6.8791951e+002  4.0600000e+000
  3.1300000e+001  6.8973115e+002  3.8400000e+000
  3.1400000e+001  6.9154280e+002  3.8400000e+000
  3.1500000e+001  6.9347997e+002  3.7400000e+000
  3.1600000e+001  6.9549944e+002  3.5800000e+000
  3.1700000e+001  6.9772651e+002  3.5000000e+000
  3.1800000e+001  6.9950087e+002  3.4900000e+000
  3.1910000e+001  7.0258275e+002  3.7100000e+000
  3.2000000e+001  7.0589170e+002  4.2500000e+000
  3.2100000e+001  7.0983533e+002  3.9600000e+000
  3.2200000e+001  7.1350527e+002  4.5700000e+000
  3.2300000e+001  7.1678241e+002  4.8200000e+000
  3.2390000e+001  7.1959361e+002  4.9000000e+000
  3.2500000e+001  7.2222599e+002  4.7100000e+000
  3.2600000e+001  7.2459023e+002  4.6200000e+000
  3.2700000e+001  7.2720977e+002  4.3500000e+000
  3.2800000e+001  7.3002539e+002  4.2700000e+000
  3.2900000e+001  7.3329808e+002  4.0700000e+000
  3.3000000e+001  7.3657077e+002  4.0500000e+000
  3.3100000e+001  7.3984346e+002  4.1700000e+000
  3.3200000e+001  7.4311474e+002  4.5800000e+000
  3.3300000e+001  7.4552541e+002  4.7200000e+000
  3.3400000e+001  7.4767076e+002  4.7100000e+000
  3.3500000e+001  7.4981610e+002  4.6800000e+000
  3.3800000e+001  7.5634904e+002  4.7300000e+000
  3.3900000e+001  7.5951332e+002  4.5200000e+000
  3.4000000e+001  7.6347159e+002  4.2900000e+000
  3.4100000e+001  7.6701980e+002  4.1800000e+000
  3.4200000e+001  7.6956391e+002  4.0200000e+000
  3.4300000e+001  7.7209791e+002  4.0400000e+000
  3.4400000e+001  7.7463162e+002  3.9100000e+000
  3.4500000e+001  7.7716467e+002  3.6400000e+000
  3.4600000e+001  7.7969773e+002  3.6700000e+000
  3.4700000e+001  7.8223078e+002  3.5500000e+000
  3.4800000e+001  7.8476384e+002  3.5000000e+000
  3.4900000e+001  7.8699370e+002  3.7100000e+000
  3.5000000e+001  7.8972772e+002  4.1900000e+000
  3.5100000e+001  7.9246283e+002  4.6900000e+000
  3.5200000e+001  7.9460935e+002  4.7400000e+000
  3.5300000e+001  7.9666165e+002  4.8100000e+000
  3.5400000e+001  7.9854746e+002  4.6800000e+000
  3.5500000e+001  8.0037201e+002  4.6400000e+000
  3.5600000e+001  8.0219656e+002  4.6700000e+000
  3.5700000e+001  8.0402049e+002  4.6000000e+000
  3.5800000e+001  8.0584390e+002  4.6800000e+000
  3.5900000e+001  8.0766837e+002  4.5400000e+000
  3.6000000e+001  8.0949292e+002  4.3900000e+000
  3.6100000e+001  8.1131747e+002  4.6200000e+000
  3.6200000e+001  8.1331055e+002  4.0600000e+000
  3.6300000e+001  8.1530498e+002  4.2900000e+000
  3.6400000e+001  8.1733220e+002  4.2400000e+000
  3.6500000e+001  8.1941013e+002  4.1800000e+000
  3.6600000e+001  8.2148806e+002  4.0500000e+000
  3.6700000e+001  8.2405857e+002  3.8800000e+000
  3.6800000e+001  8.2722757e+002  4.0500000e+000
  3.6900000e+001  8.3047464e+002  4.2200000e+000
  3.7000000e+001  8.3423166e+002  3.9200000e+000
  3.7100000e+001  8.3816157e+002  4.0600000e+000
  3.7200000e+001  8.4171386e+002  3.9500000e+000
  3.7300000e+001  8.4459844e+002  3.6400000e+000
  3.7400000e+001  8.4719298e+002  3.5900000e+000
  3.7500000e+001  8.4978752e+002  3.4200000e+000
  3.7520000e+001  8.5036393e+002  3.4400000e+000
  3.7570000e+001  8.5207839e+002  3.9700000e+000
  3.7600000e+001  8.5353727e+002  3.8600000e+000
  3.7620000e+001  8.5450986e+002  3.7200000e+000
  3.7670000e+001  8.5694133e+002  3.6100000e+000
  3.7700000e+001  8.5855788e+002  3.5000000e+000
  3.7720000e+001  8.5963921e+002  3.6700000e+000
  3.7770000e+001  8.6224768e+002  3.9500000e+000
  3.7800000e+001  8.6366307e+002  3.5200000e+000
  3.7820000e+001  8.6460666e+002  4.1100000e+000
  3.7870000e+001  8.6659575e+002  4.0800000e+000
  3.7920000e+001  8.6848293e+002  4.5400000e+000
  3.7970000e+001  8.7015567e+002  4.7100000e+000
  3.8020000e+001  8.7156608e+002  4.9100000e+000
  3.8070000e+001  8.7264425e+002  4.9500000e+000
  3.8120000e+001  8.7357449e+002  5.0300000e+000
  3.8170000e+001  8.7450472e+002  4.9000000e+000
  3.8220000e+001  8.7543496e+002  5.0200000e+000
  3.8270000e+001  8.7636519e+002  4.9400000e+000
  3.8320000e+001  8.7729543e+002  4.7600000e+000
  3.8370000e+001  8.7822566e+002  4.8700000e+000
  3.8420000e+001  8.7915590e+002  4.8200000e+000
  3.8470000e+001  8.8008613e+002  4.7900000e+000
  3.8520000e+001  8.8103254e+002  4.9200000e+000
  3.8570000e+001  8.8197898e+002  4.9600000e+000
  3.8620000e+001  8.8292542e+002  4.7500000e+000
  3.8670000e+001  8.8387186e+002  4.8600000e+000
  3.8720000e+001  8.8481830e+002  4.8800000e+000
  3.8770000e+001  8.8576474e+002  4.7000000e+000
  3.8820000e+001  8.8671118e+002  4.8800000e+000
  3.8870000e+001  8.8765762e+002  4.8300000e+000
  3.8920000e+001  8.8875332e+002  4.6300000e+000
  3.8970000e+001  8.9018662e+002  4.7200000e+000
  3.9020000e+001  8.9186945e+002  4.5800000e+000
  3.9070000e+001  8.9355469e+002  3.9800000e+000
  3.9120000e+001  8.9550714e+002  4.5600000e+000
  3.9170000e+001  8.9764592e+002  4.3700000e+000
  3.9220000e+001  8.9978487e+002  4.4000000e+000
  3.9270000e+001  9.0198225e+002  4.2500000e+000
  3.9320000e+001  9.0421632e+002  4.3700000e+000
  3.9370000e+001  9.0621398e+002  4.2200000e+000
  3.9420000e+001  9.0819920e+002  4.2600000e+000
  3.9470000e+001  9.1018442e+002  4.1900000e+000
  3.9520000e+001  9.1207587e+002  4.4000000e+000
  3.9570000e+001  9.1393672e+002  4.2700000e+000
  3.9620000e+001  9.1579757e+002  4.4200000e+000
  3.9670000e+001  9.1765842e+002  4.3400000e+000
  3.9720000e+001  9.1933583e+002  4.5400000e+000
  3.9770000e+001  9.2069722e+002  4.4000000e+000
  3.9820000e+001  9.2188806e+002  4.6800000e+000
  3.9870000e+001  9.2307889e+002  4.6100000e+000
  3.9920000e+001  9.2426972e+002  4.5500000e+000
  3.9970000e+001  9.2547432e+002  4.5500000e+000
  4.0020000e+001  9.2669721e+002  4.2800000e+000
  4.0070000e+001  9.2792051e+002  4.5200000e+000
  4.0120000e+001  9.2914380e+002  4.1400000e+000
  4.0220000e+001  9.3159040e+002  3.7700000e+000
  4.0270000e+001  9.3281370e+002  3.9700000e+000
  4.0320000e+001  9.3397773e+002  3.9600000e+000
  4.0370000e+001  9.3512425e+002  3.9100000e+000
  4.0420000e+001  9.3627077e+002  4.4100000e+000
  4.0470000e+001  9.3741729e+002  4.2200000e+000
  4.0520000e+001  9.3856381e+002  4.0300000e+000
  4.0580000e+001  9.3993963e+002  4.0800000e+000
  4.0620000e+001  9.4085685e+002  3.9400000e+000
  4.0640000e+001  9.4131545e+002  3.9800000e+000
  4.0740000e+001  9.4360849e+002  3.5900000e+000
  4.0840000e+001  9.4590153e+002  3.9800000e+000
  4.0940000e+001  9.4834182e+002  3.6200000e+000
  4.1030000e+001  9.5088794e+002  3.4100000e+000
  4.1120000e+001  9.5338911e+002  3.4400000e+000
  4.1230000e+001  9.5591357e+002  3.3400000e+000
  4.1340000e+001  9.5836100e+002  4.2200000e+000
  4.1440000e+001  9.6080649e+002  4.3300000e+000
  4.1540000e+001  9.6418796e+002  4.3800000e+000
  4.1630000e+001  9.6731590e+002  4.4300000e+000
  4.1740000e+001  9.7113893e+002  4.1300000e+000
  4.1840000e+001  9.7461442e+002  3.8900000e+000
  4.1940000e+001  9.7763118e+002  3.8100000e+000
  4.2040000e+001  9.7985612e+002  3.5900000e+000
  4.2130000e+001  9.8185856e+002  3.9900000e+000
  4.2240000e+001  9.8453153e+002  4.4100000e+000
  4.2340000e+001  9.8727601e+002  4.1800000e+000
  4.2440000e+001  9.8995628e+002  3.9100000e+000
  4.2530000e+001  9.9202230e+002  3.7100000e+000
  4.2620000e+001  9.9395089e+002  4.0500000e+000
  4.2720000e+001  9.9609377e+002  3.9400000e+000
  4.2830000e+001  9.9845093e+002  3.8100000e+000
  4.2940000e+001  1.0008081e+003  4.0900000e+000
  4.3040000e+001  1.0031729e+003  4.4600000e+000
  4.3180000e+001  1.0065232e+003  4.4000000e+000
  4.3280000e+001  1.0086660e+003  4.3500000e+000
  4.3340000e+001  1.0099518e+003  4.3200000e+000
  4.3440000e+001  1.0120946e+003  4.2000000e+000
  4.3540000e+001  1.0142375e+003  4.2600000e+000
  4.3630000e+001  1.0161661e+003  3.5000000e+000
  4.3740000e+001  1.0185233e+003  3.9900000e+000
  4.3840000e+001  1.0207144e+003  3.9200000e+000
  4.3940000e+001  1.0231627e+003  3.8600000e+000
  4.4030000e+001  1.0256893e+003  3.6600000e+000
  4.4120000e+001  1.0282375e+003  3.8100000e+000
  4.4220000e+001  1.0317470e+003  4.2200000e+000
  4.4330000e+001  1.0356074e+003  4.4600000e+000
  4.4430000e+001  1.0394651e+003  4.4000000e+000
  4.4540000e+001  1.0438629e+003  4.3700000e+000
  4.4620000e+001  1.0464476e+003  4.2800000e+000
  4.4740000e+001  1.0502860e+003  4.2000000e+000
  4.4840000e+001  1.0534839e+003  4.2700000e+000
  4.4920000e+001  1.0556781e+003  4.1900000e+000
  4.5040000e+001  1.0587483e+003  4.1400000e+000
  4.5130000e+001  1.0609088e+003  4.1800000e+000
  4.5240000e+001  1.0630346e+003  4.2300000e+000
  4.5340000e+001  1.0649671e+003  3.6000000e+000
  4.5440000e+001  1.0669000e+003  3.7200000e+000
  4.5540000e+001  1.0688332e+003  3.3600000e+000
  4.5630000e+001  1.0705732e+003  3.3700000e+000
  4.5740000e+001  1.0726992e+003  3.5800000e+000
  4.5840000e+001  1.0746318e+003  3.4500000e+000
  4.5940000e+001  1.0766193e+003  3.3200000e+000
  4.6040000e+001  1.0795129e+003  3.4600000e+000
  4.6140000e+001  1.0829615e+003  4.0500000e+000
  4.6240000e+001  1.0865139e+003  3.8800000e+000
  4.6340000e+001  1.0901930e+003  4.1600000e+000
  4.6420000e+001  1.0931363e+003  3.8200000e+000
  4.6540000e+001  1.0975513e+003  4.2400000e+000
  4.6640000e+001  1.1012304e+003  4.1200000e+000
  4.6740000e+001  1.1049080e+003  4.0200000e+000
  4.6840000e+001  1.1085849e+003  3.8900000e+000
  4.6940000e+001  1.1122641e+003  3.9100000e+000
  4.7040000e+001  1.1159432e+003  4.2400000e+000
  4.7140000e+001  1.1196985e+003  4.4000000e+000
  4.7230000e+001  1.1223464e+003  4.5900000e+000
  4.7450000e+001  1.1271276e+003  4.3500000e+000
  4.7540000e+001  1.1287357e+003  4.4000000e+000
  4.7640000e+001  1.1305224e+003  4.3400000e+000
  4.7740000e+001  1.1321508e+003  4.2500000e+000
  4.7840000e+001  1.1335008e+003  4.3500000e+000
  4.7940000e+001  1.1346920e+003  4.3600000e+000
  4.8040000e+001  1.1358831e+003  4.1500000e+000
  4.8140000e+001  1.1370743e+003  4.2300000e+000
  4.8240000e+001  1.1382654e+003  4.0700000e+000
  4.8340000e+001  1.1394566e+003  4.1400000e+000
  4.8440000e+001  1.1406477e+003  4.0700000e+000
  4.8540000e+001  1.1418389e+003  3.8100000e+000
  4.8640000e+001  1.1431722e+003  4.5500000e+000
  4.8740000e+001  1.1445392e+003  4.0700000e+000
  4.8840000e+001  1.1457304e+003  3.5800000e+000
  4.8940000e+001  1.1469215e+003  3.9100000e+000
  4.9040000e+001  1.1481126e+003  4.0800000e+000
  4.9140000e+001  1.1492118e+003  4.1900000e+000
  4.9220000e+001  1.1500791e+003  3.5600000e+000
  4.9320000e+001  1.1511635e+003  3.3600000e+000
  4.9420000e+001  1.1522480e+003  3.6800000e+000
  4.9670000e+001  1.1549585e+003  4.1140000e+000
  4.9670000e+001  1.1549585e+003  3.7470000e+000
  4.9770000e+001  1.1560426e+003  3.9410000e+000
  4.9770000e+001  1.1560426e+003  3.9070000e+000
  4.9870000e+001  1.1571267e+003  3.9090000e+000
  4.9870000e+001  1.1571267e+003  3.7340000e+000
  4.9970000e+001  1.1582107e+003  4.0160000e+000
  4.9970000e+001  1.1582107e+003  4.4170000e+000
  5.0070000e+001  1.1592950e+003  4.1640000e+000
  5.0070000e+001  1.1592950e+003  4.0510000e+000
  5.0170000e+001  1.1603795e+003  3.6830000e+000
  5.0170000e+001  1.1603795e+003  3.7880000e+000
  5.0270000e+001  1.1614639e+003  3.5640000e+000
  5.0270000e+001  1.1614639e+003  3.6520000e+000
  5.0370000e+001  1.1625481e+003  3.5600000e+000
  5.0370000e+001  1.1625481e+003  4.5860000e+000
  5.0470000e+001  1.1636322e+003  4.0460000e+000
  5.0470000e+001  1.1636322e+003  4.3360000e+000
  5.0570000e+001  1.1647163e+003  3.9780000e+000
  5.0570000e+001  1.1647163e+003  3.6770000e+000
  5.0670000e+001  1.1658004e+003  3.2750000e+000
  5.0670000e+001  1.1658004e+003  3.6680000e+000
  5.0770000e+001  1.1668844e+003  3.9140000e+000
  5.0770000e+001  1.1668844e+003  3.6160000e+000
  5.0840000e+001  1.1676433e+003  3.9250000e+000
  5.0840000e+001  1.1676433e+003  3.9880000e+000
  5.0860000e+001  1.1678601e+003  3.7740000e+000
  5.0860000e+001  1.1678601e+003  3.7190000e+000
  5.0940000e+001  1.1687274e+003  3.8050000e+000
  5.0940000e+001  1.1687274e+003  3.7450000e+000
  5.0960000e+001  1.1689442e+003  3.8660000e+000
  5.0960000e+001  1.1689442e+003  3.9790000e+000
  5.1030000e+001  1.1697030e+003  3.6400000e+000
  5.1040000e+001  1.1698114e+003  3.7700000e+000
  5.1040000e+001  1.1698114e+003  4.5610000e+000
  5.1140000e+001  1.1708955e+003  3.9250000e+000
  5.1140000e+001  1.1708955e+003  4.0260000e+000
  5.1150000e+001  1.1710039e+003  3.9820000e+000
  5.1240000e+001  1.1719796e+003  4.3020000e+000
  5.1240000e+001  1.1719796e+003  4.0750000e+000
  5.1280000e+001  1.1724132e+003  3.9770000e+000
  5.1340000e+001  1.1730637e+003  4.2480000e+000
  5.1340000e+001  1.1730637e+003  4.3380000e+000
  5.1410000e+001  1.1738227e+003  3.6740000e+000
  5.1440000e+001  1.1741481e+003  4.3530000e+000
  5.1440000e+001  1.1741481e+003  4.2230000e+000
  5.1540000e+001  1.1752325e+003  4.1070000e+000
  5.1540000e+001  1.1752325e+003  4.4550000e+000
  5.1540000e+001  1.1752325e+003  4.0060000e+000
  5.1640000e+001  1.1763170e+003  4.0540000e+000
  5.1640000e+001  1.1763170e+003  3.7270000e+000
  5.1650000e+001  1.1764254e+003  4.0090000e+000
  5.1740000e+001  1.1774011e+003  4.5380000e+000
  5.1740000e+001  1.1774011e+003  3.8870000e+000
  5.1750000e+001  1.1775095e+003  3.9970000e+000
  5.1840000e+001  1.1784851e+003  4.0370000e+000
  5.1840000e+001  1.1784851e+003  3.9820000e+000
  5.1940000e+001  1.1796904e+003  3.6640000e+000
  5.1940000e+001  1.1796904e+003  3.8740000e+000
  5.2040000e+001  1.1810458e+003  3.5890000e+000
  5.2040000e+001  1.1810458e+003  3.8770000e+000
  5.2140000e+001  1.1824008e+003  4.0290000e+000
  5.2140000e+001  1.1824008e+003  4.0290000e+000
  5.2240000e+001  1.1837563e+003  3.7590000e+000
  5.2340000e+001  1.1851609e+003  3.7870000e+000
  5.2440000e+001  1.1867870e+003  3.9170000e+000
  5.2440000e+001  1.1867870e+003  3.9520000e+000
  5.2540000e+001  1.1887705e+003  4.1150000e+000
  5.2640000e+001  1.1907540e+003  4.0540000e+000
  5.2840000e+001  1.1947211e+003  4.5060000e+000
  5.2940000e+001  1.1964224e+003  4.7390000e+000
  5.3040000e+001  1.1978141e+003  4.5870000e+000
  5.3140000e+001  1.1991364e+003  4.5780000e+000
  5.3240000e+001  1.2004588e+003  4.3200000e+000
  5.3240000e+001  1.2004588e+003  3.6900000e+000
  5.3340000e+001  1.2017817e+003  3.8670000e+000
  5.3340000e+001  1.2017817e+003  3.9170000e+000
  5.3440000e+001  1.2031045e+003  3.6710000e+000
  5.3440000e+001  1.2031045e+003  3.7440000e+000
  5.3540000e+001  1.2044252e+003  4.6540000e+000
  5.3540000e+001  1.2044252e+003  4.4900000e+000
  5.3640000e+001  1.2056502e+003  4.2840000e+000
  5.3640000e+001  1.2056502e+003  4.0400000e+000
  5.3740000e+001  1.2068751e+003  4.1610000e+000
  5.3740000e+001  1.2068751e+003  4.3180000e+000
  5.3840000e+001  1.2081001e+003  4.4640000e+000
  5.3840000e+001  1.2081001e+003  4.4560000e+000
  5.3940000e+001  1.2093250e+003  4.5210000e+000
  5.3940000e+001  1.2093250e+003  4.4330000e+000
  5.4040000e+001  1.2105500e+003  4.3810000e+000
  5.4040000e+001  1.2105500e+003  4.3630000e+000
  5.4140000e+001  1.2117749e+003  4.3510000e+000
  5.4240000e+001  1.2129999e+003  5.0000000e+000
  5.4240000e+001  1.2129999e+003  3.5510000e+000
  5.4340000e+001  1.2142248e+003  4.0950000e+000
  5.4340000e+001  1.2142248e+003  4.0480000e+000
  5.4440000e+001  1.2154498e+003  3.8300000e+000
  5.4440000e+001  1.2154498e+003  3.7940000e+000
  5.4540000e+001  1.2166747e+003  3.9690000e+000
  5.4540000e+001  1.2166747e+003  4.1530000e+000
  5.4640000e+001  1.2179001e+003  3.9130000e+000
  5.4640000e+001  1.2179001e+003  3.7620000e+000
  5.4740000e+001  1.2191255e+003  3.9950000e+000
  5.4740000e+001  1.2191255e+003  3.7050000e+000
  5.4840000e+001  1.2203508e+003  4.4220000e+000
  5.4840000e+001  1.2203508e+003  4.3800000e+000
  5.4940000e+001  1.2215758e+003  4.1820000e+000
  5.4940000e+001  1.2215758e+003  4.1960000e+000
  5.5070000e+001  1.2231682e+003  3.8930000e+000
  5.5070000e+001  1.2231682e+003  4.0650000e+000
  5.5140000e+001  1.2240257e+003  4.2190000e+000
  5.5140000e+001  1.2240257e+003  3.9990000e+000
  5.5240000e+001  1.2252507e+003  3.5930000e+000
  5.5240000e+001  1.2252507e+003  3.5220000e+000
  5.5340000e+001  1.2264491e+003  4.1710000e+000
  5.5340000e+001  1.2264491e+003  4.5270000e+000
  5.5440000e+001  1.2278024e+003  4.4900000e+000
  5.5440000e+001  1.2278024e+003  4.3880000e+000
  5.5540000e+001  1.2295589e+003  3.9380000e+000
  5.5540000e+001  1.2295589e+003  3.6000000e+000
  5.5640000e+001  1.2315754e+003  3.8310000e+000
  5.5640000e+001  1.2315754e+003  3.5210000e+000
  5.5740000e+001  1.2352540e+003  3.6410000e+000
  5.5740000e+001  1.2352540e+003  3.8220000e+000
  5.5840000e+001  1.2408092e+003  3.6570000e+000
  5.5840000e+001  1.2408092e+003  3.4900000e+000
  5.5940000e+001  1.2470595e+003  4.5980000e+000
  5.5940000e+001  1.2470595e+003  4.5380000e+000
  5.6040000e+001  1.2521625e+003  4.4640000e+000
  5.6040000e+001  1.2521625e+003  4.1580000e+000
  5.6140000e+001  1.2554097e+003  3.8630000e+000
  5.6240000e+001  1.2568522e+003  3.8710000e+000
  5.6240000e+001  1.2568522e+003  3.7460000e+000
  5.6340000e+001  1.2578947e+003  3.8840000e+000
  5.6340000e+001  1.2578947e+003  3.7930000e+000
  5.6440000e+001  1.2588784e+003  3.7580000e+000
  5.6440000e+001  1.2588784e+003  3.4180000e+000
  5.6540000e+001  1.2598621e+003  3.6550000e+000
  5.6540000e+001  1.2598621e+003  3.8160000e+000
  5.6640000e+001  1.2610194e+003  4.6660000e+000
  5.6640000e+001  1.2610194e+003  4.5710000e+000
  5.6740000e+001  1.2622692e+003  3.7030000e+000
  5.6740000e+001  1.2622692e+003  4.1410000e+000
  5.6840000e+001  1.2635189e+003  4.0600000e+000
  5.6930000e+001  1.2646437e+003  4.2380000e+000
  5.6930000e+001  1.2646437e+003  4.4060000e+000
  5.7140000e+001  1.2672685e+003  4.6430000e+000
  5.7140000e+001  1.2672685e+003  4.3970000e+000
  5.7240000e+001  1.2684841e+003  4.2510000e+000
  5.7240000e+001  1.2684841e+003  4.5270000e+000
  5.7340000e+001  1.2696549e+003  4.4430000e+000
  5.7340000e+001  1.2696549e+003  4.1680000e+000
  5.7440000e+001  1.2708253e+003  4.2530000e+000
  5.7440000e+001  1.2708253e+003  4.1830000e+000
  5.7540000e+001  1.2719957e+003  4.3630000e+000
  5.7540000e+001  1.2719957e+003  4.3330000e+000
  5.7640000e+001  1.2734248e+003  4.0410000e+000
  5.7740000e+001  1.2751804e+003  3.5610000e+000
  5.7740000e+001  1.2751804e+003  3.8250000e+000
  5.7840000e+001  1.2769361e+003  3.8060000e+000
  5.7940000e+001  1.2786917e+003  3.6200000e+000
  5.8040000e+001  1.2804474e+003  3.5660000e+000
  5.8140000e+001  1.2822030e+003  3.6230000e+000
  5.8240000e+001  1.2839586e+003  3.5370000e+000
  5.8340000e+001  1.2857143e+003  4.4510000e+000
  5.8440000e+001  1.2874702e+003  4.5420000e+000
  5.8540000e+001  1.2892265e+003  4.6020000e+000
  5.8590000e+001  1.2901047e+003  4.9630000e+000
  5.8590000e+001  1.2901047e+003  4.6810000e+000
  5.8690000e+001  1.2919868e+003  4.2000000e+000
  5.8790000e+001  1.2941130e+003  4.2930000e+000
  5.8890000e+001  1.2962966e+003  4.3770000e+000
  5.8890000e+001  1.2962966e+003  3.8720000e+000
  5.8990000e+001  1.2994950e+003  4.2290000e+000
  5.9090000e+001  1.3029548e+003  4.1400000e+000
  5.9190000e+001  1.3064146e+003  4.2380000e+000
  5.9290000e+001  1.3098744e+003  4.0170000e+000
  5.9390000e+001  1.3133342e+003  3.9360000e+000
  5.9490000e+001  1.3168245e+003  3.9150000e+000
  5.9590000e+001  1.3204785e+003  4.2540000e+000
  5.9690000e+001  1.3228308e+003  4.2200000e+000
  5.9790000e+001  1.3248234e+003  4.3890000e+000
  5.9890000e+001  1.3263448e+003  4.1620000e+000
  5.9990000e+001  1.3275709e+003  4.2010000e+000
  6.0090000e+001  1.3287970e+003  4.2200000e+000
  6.0190000e+001  1.3300229e+003  4.1790000e+000
  6.0290000e+001  1.3312486e+003  3.8980000e+000
  6.0410000e+001  1.3327194e+003  3.9210000e+000
  6.0490000e+001  1.3339158e+003  4.4040000e+000
  6.0590000e+001  1.3356442e+003  4.3320000e+000
  6.0690000e+001  1.3376313e+003  4.3260000e+000
  6.0790000e+001  1.3396671e+003  4.2660000e+000
  6.0900000e+001  1.3424538e+003  4.2840000e+000
  6.0900000e+001  1.3424538e+003  4.2640000e+000
  6.0990000e+001  1.3447434e+003  4.3330000e+000
  6.1090000e+001  1.3482694e+003  3.9710000e+000
  6.1190000e+001  1.3525094e+003  3.8900000e+000
  6.1290000e+001  1.3568010e+003  3.7580000e+000
  6.1390000e+001  1.3609492e+003  4.1150000e+000
  6.1490000e+001  1.3646066e+003  4.4040000e+000
  6.1490000e+001  1.3646066e+003  4.4210000e+000
  6.1590000e+001  1.3681652e+003  4.3770000e+000
  6.1690000e+001  1.3718304e+003  4.3380000e+000
  6.1790000e+001  1.3756244e+003  4.3850000e+000
  6.1890000e+001  1.3795228e+003  4.2600000e+000
  6.1990000e+001  1.3835553e+003  4.0270000e+000
  6.2090000e+001  1.3875710e+003  3.8870000e+000
  6.2180000e+001  1.3923935e+003  3.9400000e+000
  6.2290000e+001  1.3986915e+003  3.7670000e+000
  6.2390000e+001  1.4030889e+003  4.0770000e+000
  6.2490000e+001  1.4067048e+003  4.3570000e+000
  6.2590000e+001  1.4107572e+003  4.3100000e+000
  6.2690000e+001  1.4145543e+003  4.4490000e+000
  6.2790000e+001  1.4183539e+003  4.2200000e+000
  6.2880000e+001  1.4217310e+003  4.0930000e+000
  6.2990000e+001  1.4259196e+003  3.9270000e+000
  6.3090000e+001  1.4298563e+003  3.7110000e+000
  6.3190000e+001  1.4336919e+003  3.6220000e+000
  6.3290000e+001  1.4371689e+003  3.8280000e+000
  6.3390000e+001  1.4402362e+003  3.6180000e+000
  6.3490000e+001  1.4433052e+003  3.8940000e+000
  6.3590000e+001  1.4458790e+003  3.4290000e+000
  6.3690000e+001  1.4483335e+003  3.4810000e+000
  6.3690000e+001  1.4483335e+003  3.4050000e+000
  6.3790000e+001  1.4508196e+003  3.3910000e+000
  6.3790000e+001  1.4508196e+003  4.2670000e+000
  6.3890000e+001  1.4539042e+003  4.4920000e+000
  6.3890000e+001  1.4539042e+003  4.6430000e+000
  6.3960000e+001  1.4563940e+003  4.2090000e+000
  6.4060000e+001  1.4602077e+003  4.3830000e+000
  6.4160000e+001  1.4640215e+003  4.3470000e+000
  6.4260000e+001  1.4677985e+003  4.0040000e+000
  6.4360000e+001  1.4708510e+003  3.8520000e+000
  6.4460000e+001  1.4739483e+003  3.8410000e+000
  6.4610000e+001  1.4798017e+003  4.0280000e+000
  6.4610000e+001  1.4798017e+003  3.4640000e+000
  6.4680000e+001  1.4825639e+003  3.7180000e+000
  6.4760000e+001  1.4859280e+003  3.6890000e+000
  6.4760000e+001  1.4859280e+003  3.7160000e+000
  6.4860000e+001  1.4899308e+003  3.5740000e+000
  6.4860000e+001  1.4899308e+003  3.5860000e+000
  6.4960000e+001  1.4942237e+003  4.6240000e+000
  6.4960000e+001  1.4942237e+003  4.5830000e+000
  6.4960000e+001  1.4942237e+003  4.2620000e+000
  6.5060000e+001  1.4984067e+003  4.6840000e+000
  6.5060000e+001  1.4984067e+003  4.4960000e+000
  6.5160000e+001  1.5025897e+003  4.4170000e+000
  6.5160000e+001  1.5025897e+003  4.4000000e+000
  6.5260000e+001  1.5067727e+003  4.4670000e+000
  6.5360000e+001  1.5105662e+003  3.9710000e+000
  6.5460000e+001  1.5141634e+003  4.1120000e+000
  6.5560000e+001  1.5180978e+003  3.9310000e+000
  6.5560000e+001  1.5180978e+003  4.1320000e+000
  6.5660000e+001  1.5220322e+003  3.7780000e+000
  6.5760000e+001  1.5258029e+003  3.9080000e+000
  6.5860000e+001  1.5294908e+003  4.2520000e+000
  6.5960000e+001  1.5326561e+003  4.7160000e+000
  6.6060000e+001  1.5349195e+003  4.6970000e+000
  6.6160000e+001  1.5371829e+003  4.7480000e+000
  6.6260000e+001  1.5394463e+003  4.5920000e+000
  6.6360000e+001  1.5417096e+003  4.6760000e+000
  6.6460000e+001  1.5439730e+003  4.3760000e+000
  6.6560000e+001  1.5462370e+003  4.3210000e+000
  6.6660000e+001  1.5485012e+003  4.4040000e+000
  6.6660000e+001  1.5485012e+003  4.2930000e+000
  6.6760000e+001  1.5507705e+003  4.0130000e+000
  6.6760000e+001  1.5507705e+003  4.0470000e+000
  6.6860000e+001  1.5535986e+003  3.9970000e+000
  6.6860000e+001  1.5535986e+003  3.8970000e+000
  6.6960000e+001  1.5570951e+003  4.1580000e+000
  6.6960000e+001  1.5570951e+003  3.9230000e+000
  6.7060000e+001  1.5606320e+003  3.9560000e+000
  6.7060000e+001  1.5606320e+003  4.2290000e+000
  6.7160000e+001  1.5641688e+003  3.8660000e+000
  6.7160000e+001  1.5641688e+003  3.8380000e+000
  6.7260000e+001  1.5677057e+003  3.9580000e+000
  6.7260000e+001  1.5677057e+003  4.0140000e+000
  6.7260000e+001  1.5677057e+003  4.0750000e+000
  6.7360000e+001  1.5706338e+003  3.9060000e+000
  6.7360000e+001  1.5706338e+003  4.4520000e+000
  6.7460000e+001  1.5733416e+003  4.3680000e+000
  6.7460000e+001  1.5733416e+003  4.3920000e+000
  6.7560000e+001  1.5760474e+003  4.4780000e+000
  6.7560000e+001  1.5760474e+003  4.5240000e+000
  6.7660000e+001  1.5787558e+003  4.2390000e+000
  6.7660000e+001  1.5787558e+003  4.2390000e+000
  6.7760000e+001  1.5823235e+003  4.3800000e+000
  6.7760000e+001  1.5823235e+003  4.2300000e+000
  6.7860000e+001  1.5861512e+003  3.9540000e+000
  6.7860000e+001  1.5861512e+003  4.2280000e+000
  6.7960000e+001  1.5904059e+003  4.1450000e+000
  6.7960000e+001  1.5904059e+003  3.9880000e+000
  6.8060000e+001  1.5949888e+003  4.2510000e+000
  6.8060000e+001  1.5949888e+003  3.7570000e+000
  6.8160000e+001  1.5996626e+003  3.8820000e+000
  6.8160000e+001  1.5996626e+003  3.7130000e+000
  6.8260000e+001  1.6043161e+003  3.8530000e+000
  6.8260000e+001  1.6043161e+003  3.8700000e+000
  6.8360000e+001  1.6085408e+003  3.7340000e+000
  6.8370000e+001  1.6089637e+003  4.1630000e+000
  6.8370000e+001  1.6089637e+003  3.8830000e+000
  6.8450000e+001  1.6123466e+003  4.1120000e+000
  6.8470000e+001  1.6131635e+003  3.8430000e+000
  6.8470000e+001  1.6131635e+003  4.0030000e+000
  6.8540000e+001  1.6157938e+003  3.9810000e+000
  6.8570000e+001  1.6169211e+003  3.8420000e+000
  6.8570000e+001  1.6169211e+003  3.9930000e+000
  6.8630000e+001  1.6191755e+003  4.0510000e+000
  6.8670000e+001  1.6206776e+003  3.8460000e+000
  6.8670000e+001  1.6206776e+003  3.8240000e+000
  6.8720000e+001  1.6225552e+003  3.9220000e+000
  6.8770000e+001  1.6244328e+003  4.1000000e+000
  6.8770000e+001  1.6244328e+003  4.0530000e+000
  6.8810000e+001  1.6259355e+003  3.9880000e+000
  6.8870000e+001  1.6282187e+003  4.0500000e+000
  6.8870000e+001  1.6282187e+003  4.1790000e+000
  6.8900000e+001  1.6293603e+003  4.0360000e+000
  6.8970000e+001  1.6320242e+003  3.9970000e+000
  6.8970000e+001  1.6320242e+003  4.0800000e+000
  6.8990000e+001  1.6327853e+003  4.0410000e+000
  6.9070000e+001  1.6358296e+003  3.8150000e+000
  6.9070000e+001  1.6358296e+003  3.8140000e+000
  6.9090000e+001  1.6365907e+003  3.8210000e+000
  6.9170000e+001  1.6396335e+003  3.9620000e+000
  6.9170000e+001  1.6396335e+003  3.8280000e+000
  6.9270000e+001  1.6434367e+003  4.2080000e+000
  6.9270000e+001  1.6434367e+003  4.0580000e+000
  6.9370000e+001  1.6472422e+003  4.7150000e+000
  6.9370000e+001  1.6472422e+003  4.3840000e+000
  6.9470000e+001  1.6510477e+003  4.5800000e+000
  6.9470000e+001  1.6510477e+003  4.5600000e+000
  6.9570000e+001  1.6548523e+003  4.4770000e+000
  6.9670000e+001  1.6586519e+003  4.3670000e+000
  6.9770000e+001  1.6624509e+003  4.5020000e+000
  6.9870000e+001  1.6662482e+003  4.4100000e+000
  6.9970000e+001  1.6704520e+003  4.4100000e+000
  7.0070000e+001  1.6754543e+003  3.9680000e+000
  7.0170000e+001  1.6806720e+003  3.9890000e+000
  7.0270000e+001  1.6872901e+003  3.9730000e+000
  7.0370000e+001  1.6934397e+003  4.1540000e+000
  7.0470000e+001  1.6980156e+003  4.2640000e+000
  7.0570000e+001  1.7024456e+003  4.5750000e+000
  7.0670000e+001  1.7064094e+003  4.5300000e+000
  7.0770000e+001  1.7103750e+003  4.3820000e+000
  7.0870000e+001  1.7143413e+003  4.0980000e+000
  7.0970000e+001  1.7183036e+003  3.8040000e+000
  7.1070000e+001  1.7220805e+003  4.0700000e+000
  7.1170000e+001  1.7258562e+003  4.3460000e+000
  7.1270000e+001  1.7296341e+003  4.1520000e+000
  7.1370000e+001  1.7335092e+003  4.1840000e+000
  7.1470000e+001  1.7378125e+003  4.0610000e+000
  7.1570000e+001  1.7424753e+003  4.0180000e+000
  7.1670000e+001  1.7473592e+003  4.5040000e+000
  7.1770000e+001  1.7522838e+003  4.2170000e+000
  7.1870000e+001  1.7569925e+003  4.1790000e+000
  7.1970000e+001  1.7618439e+003  3.9520000e+000
  7.2070000e+001  1.7680840e+003  3.7850000e+000
  7.2170000e+001  1.7744483e+003  3.8800000e+000
  7.2270000e+001  1.7795359e+003  4.0160000e+000
  7.2370000e+001  1.7832851e+003  4.2050000e+000
  7.2470000e+001  1.7866810e+003  4.0920000e+000
  7.2580000e+001  1.7902735e+003  4.1730000e+000
  7.2580000e+001  1.7902735e+003  4.1940000e+000
  7.2640000e+001  1.7921834e+003  4.2310000e+000
  7.2740000e+001  1.7953028e+003  4.3240000e+000
  7.2840000e+001  1.7976196e+003  4.4510000e+000
  7.2940000e+001  1.7996691e+003  4.2110000e+000
  7.3040000e+001  1.8016101e+003  4.0470000e+000
  7.3140000e+001  1.8034321e+003  3.7130000e+000
  7.3240000e+001  1.8052532e+003  3.6280000e+000
  7.3340000e+001  1.8070744e+003  4.1090000e+000
  7.3440000e+001  1.8088965e+003  3.9940000e+000
  7.3540000e+001  1.8107185e+003  3.7880000e+000
  7.3640000e+001  1.8125641e+003  3.8050000e+000
  7.3740000e+001  1.8146668e+003  3.8590000e+000
  7.3840000e+001  1.8167695e+003  4.2870000e+000
  7.3940000e+001  1.8188722e+003  4.4170000e+000
  7.4040000e+001  1.8209737e+003  4.1810000e+000
  7.4140000e+001  1.8231513e+003  4.0380000e+000
  7.4240000e+001  1.8255164e+003  3.8240000e+000
  7.4340000e+001  1.8280068e+003  4.0190000e+000
  7.4440000e+001  1.8316544e+003  4.0570000e+000
  7.4540000e+001  1.8354577e+003  3.9960000e+000
  7.4640000e+001  1.8392400e+003  3.9980000e+000
  7.4740000e+001  1.8431470e+003  3.8280000e+000
  7.4840000e+001  1.8474928e+003  3.8520000e+000
  7.4940000e+001  1.8518861e+003  3.8480000e+000
  7.5040000e+001  1.8562806e+003  3.9430000e+000
  7.5140000e+001  1.8603256e+003  4.2240000e+000
  7.5240000e+001  1.8642235e+003  4.4390000e+000
  7.5340000e+001  1.8681236e+003  4.4810000e+000
  7.5340000e+001  1.8681236e+003  4.3740000e+000
  7.5440000e+001  1.8720237e+003  4.5230000e+000
  7.5540000e+001  1.8759238e+003  3.9830000e+000
  7.5640000e+001  1.8798239e+003  4.2570000e+000
  7.5740000e+001  1.8836059e+003  4.0110000e+000
  7.5840000e+001  1.8871212e+003  3.8990000e+000
  7.5940000e+001  1.8906350e+003  3.7930000e+000
  7.6040000e+001  1.8941484e+003  3.9550000e+000
  7.6140000e+001  1.8976637e+003  3.6900000e+000
  7.6240000e+001  1.9011791e+003  3.9480000e+000
  7.6340000e+001  1.9046944e+003  4.2070000e+000
  7.6310000e+001  1.9036398e+003  4.0530000e+000
  7.6420000e+001  1.9075051e+003  4.1020000e+000
  7.6420000e+001  1.9075051e+003  4.0260000e+000
  7.6640000e+001  1.9150849e+003  4.0940000e+000
  7.6640000e+001  1.9150849e+003  4.1550000e+000
  7.6740000e+001  1.9185042e+003  4.0910000e+000
  7.6840000e+001  1.9219234e+003  3.8840000e+000
  7.6840000e+001  1.9219234e+003  3.8440000e+000
  7.6940000e+001  1.9254249e+003  3.8490000e+000
  7.7040000e+001  1.9289832e+003  3.7450000e+000
  7.7140000e+001  1.9325405e+003  3.5430000e+000
  7.7240000e+001  1.9361900e+003  3.6150000e+000
  7.7340000e+001  1.9397920e+003  3.7530000e+000
  7.7440000e+001  1.9434456e+003  4.2380000e+000
  7.7540000e+001  1.9470975e+003  4.3770000e+000
  7.7640000e+001  1.9507508e+003  4.2610000e+000
  7.7740000e+001  1.9544050e+003  4.0570000e+000
  7.7840000e+001  1.9591632e+003  4.1650000e+000
  7.7940000e+001  1.9645760e+003  4.0610000e+000
  7.8040000e+001  1.9719075e+003  4.0500000e+000
  7.8140000e+001  1.9793359e+003  3.6330000e+000
  7.8240000e+001  1.9868692e+003  3.8490000e+000
  7.8340000e+001  1.9931023e+003  3.9260000e+000
  7.8440000e+001  1.9981337e+003  3.7140000e+000
  7.8540000e+001  2.0037707e+003  4.2380000e+000
  7.8640000e+001  2.0091283e+003  3.7070000e+000
  7.8740000e+001  2.0138421e+003  4.0400000e+000
  7.8840000e+001  2.0185549e+003  3.9420000e+000
  7.8940000e+001  2.0232561e+003  3.9660000e+000
  7.9040000e+001  2.0279552e+003  3.7870000e+000
  7.9140000e+001  2.0336558e+003  3.6710000e+000
  7.9240000e+001  2.0405017e+003  4.1300000e+000
  7.9340000e+001  2.0452960e+003  4.1660000e+000
  7.9440000e+001  2.0496464e+003  4.4550000e+000
  7.9440000e+001  2.0496464e+003  4.3550000e+000
  7.9540000e+001  2.0561326e+003  3.8430000e+000
  7.9570000e+001  2.0580770e+003  4.0400000e+000
  7.9570000e+001  2.0580770e+003  4.0560000e+000
  7.9670000e+001  2.0643218e+003  4.5630000e+000
  7.9770000e+001  2.0694875e+003  4.2900000e+000
  7.9870000e+001  2.0744333e+003  4.4400000e+000
  8.0070000e+001  2.0844414e+003  3.9550000e+000
  8.0170000e+001  2.0895558e+003  3.9660000e+000
  8.0270000e+001  2.0942300e+003  3.8280000e+000
  8.0370000e+001  2.0984903e+003  3.8470000e+000
  8.0470000e+001  2.1028227e+003  3.9950000e+000
  8.0470000e+001  2.1028227e+003  3.7420000e+000
  8.0570000e+001  2.1071552e+003  3.8740000e+000
  8.0670000e+001  2.1114876e+003  4.0300000e+000
  8.0770000e+001  2.1158201e+003  4.0440000e+000
  8.0770000e+001  2.1158201e+003  3.7910000e+000
  8.0970000e+001  2.1240262e+003  3.6370000e+000
  8.1070000e+001  2.1274708e+003  3.8700000e+000
  8.1170000e+001  2.1308007e+003  3.9580000e+000
  8.1270000e+001  2.1342981e+003  3.6750000e+000
  8.1370000e+001  2.1384602e+003  3.9790000e+000
  8.1370000e+001  2.1384602e+003  3.9840000e+000
  8.1470000e+001  2.1426223e+003  3.6450000e+000
  8.1470000e+001  2.1426223e+003  4.1680000e+000
  8.1770000e+001  2.1538696e+003  4.1660000e+000
  8.1770000e+001  2.1538696e+003  3.7060000e+000
  8.1870000e+001  2.1578820e+003  4.3290000e+000
  8.1970000e+001  2.1623463e+003  4.0300000e+000
  8.2070000e+001  2.1671586e+003  4.0860000e+000
  8.2170000e+001  2.1719754e+003  3.9450000e+000
  8.2170000e+001  2.1719754e+003  3.8650000e+000
  8.2270000e+001  2.1769606e+003  3.9630000e+000
  8.2270000e+001  2.1769606e+003  3.3440000e+000
  8.2370000e+001  2.1819487e+003  4.0250000e+000
  8.2470000e+001  2.1867180e+003  4.1020000e+000
  8.2570000e+001  2.1908866e+003  3.9270000e+000
  8.2670000e+001  2.1947202e+003  4.0340000e+000
  8.2770000e+001  2.1986648e+003  4.1440000e+000
  8.2870000e+001  2.2024682e+003  4.0530000e+000
  8.2970000e+001  2.2059955e+003  3.7750000e+000
  8.3070000e+001  2.2093684e+003  3.7390000e+000
  8.3170000e+001  2.2127413e+003  4.0320000e+000
  8.3270000e+001  2.2160914e+003  3.8390000e+000
  8.3370000e+001  2.2193693e+003  3.7450000e+000
  8.3370000e+001  2.2193693e+003  3.7670000e+000
  8.3470000e+001  2.2226473e+003  3.6600000e+000
  8.3570000e+001  2.2259253e+003  3.5110000e+000
  8.3670000e+001  2.2292033e+003  3.6660000e+000
  8.3770000e+001  2.2324813e+003  3.5650000e+000
  8.3870000e+001  2.2359506e+003  3.9100000e+000
  8.3940000e+001  2.2382210e+003  3.9430000e+000
  8.4040000e+001  2.2410254e+003  4.2940000e+000
  8.4140000e+001  2.2439211e+003  4.1030000e+000
  8.4240000e+001  2.2474265e+003  3.8350000e+000
  8.4340000e+001  2.2509320e+003  3.9910000e+000
  8.4440000e+001  2.2546717e+003  3.4710000e+000
  8.4540000e+001  2.2586002e+003  3.5660000e+000
  8.4640000e+001  2.2628073e+003  3.5890000e+000
  8.4740000e+001  2.2668853e+003  3.9000000e+000
  8.4840000e+001  2.2706250e+003  3.7830000e+000
  8.4940000e+001  2.2742067e+003  4.1110000e+000
  8.5040000e+001  2.2777120e+003  4.1160000e+000
  8.5240000e+001  2.2836390e+003  4.4060000e+000
  8.5240000e+001  2.2836390e+003  4.2140000e+000
  8.5340000e+001  2.2864448e+003  4.1420000e+000
  8.5410000e+001  2.2883805e+003  3.8890000e+000
  8.5510000e+001  2.2910670e+003  3.9310000e+000
  8.5510000e+001  2.2910670e+003  3.9600000e+000
  8.5640000e+001  2.2954179e+003  3.7200000e+000
  8.5740000e+001  2.2987746e+003  3.7000000e+000
  8.5840000e+001  2.3021313e+003  3.6560000e+000
  8.5940000e+001  2.3054922e+003  3.6200000e+000
  8.6040000e+001  2.3090710e+003  3.8040000e+000
  8.6140000e+001  2.3126507e+003  3.9350000e+000
  8.6240000e+001  2.3162317e+003  3.9890000e+000
  8.6340000e+001  2.3198127e+003  3.8920000e+000
  8.6440000e+001  2.3233937e+003  3.9020000e+000
  8.6540000e+001  2.3270053e+003  4.0820000e+000
  8.6640000e+001  2.3306896e+003  3.9770000e+000
  8.6740000e+001  2.3343732e+003  3.6480000e+000
  8.6840000e+001  2.3382253e+003  3.6640000e+000
  8.6840000e+001  2.3382253e+003  3.5550000e+000
  8.6940000e+001  2.3421763e+003  3.5030000e+000
  8.7040000e+001  2.3461272e+003  3.6670000e+000
  8.7040000e+001  2.3461272e+003  3.5500000e+000
  8.7140000e+001  2.3500782e+003  3.6120000e+000
  8.7240000e+001  2.3540291e+003  4.1760000e+000
  8.7340000e+001  2.3579801e+003  3.9860000e+000
  8.7440000e+001  2.3619295e+003  3.9050000e+000
  8.7440000e+001  2.3619295e+003  3.9380000e+000
  8.7540000e+001  2.3658780e+003  4.0740000e+000
  8.7640000e+001  2.3695669e+003  4.0290000e+000
  8.7640000e+001  2.3695669e+003  3.9260000e+000
  8.7640000e+001  2.3695669e+003  3.9610000e+000
  8.7740000e+001  2.3730986e+003  4.6060000e+000
  8.7740000e+001  2.3730986e+003  3.8880000e+000
  8.7840000e+001  2.3766130e+003  3.6990000e+000
  8.7940000e+001  2.3804944e+003  3.6400000e+000
  8.8040000e+001  2.3844485e+003  3.5340000e+000
  8.8140000e+001  2.3884008e+003  3.7810000e+000
  8.8240000e+001  2.3923545e+003  3.5160000e+000
  8.8240000e+001  2.3923545e+003  3.9190000e+000
  8.8340000e+001  2.3960548e+003  3.8830000e+000
  8.8340000e+001  2.3960548e+003  3.7460000e+000
  8.8440000e+001  2.3995692e+003  3.9470000e+000
  8.8540000e+001  2.4021526e+003  4.1860000e+000
  8.8640000e+001  2.4047016e+003  4.1140000e+000
  8.8730000e+001  2.4074746e+003  3.6280000e+000
  8.8830000e+001  2.4106639e+003  3.7300000e+000
  8.8940000e+001  2.4143224e+003  3.7540000e+000
  8.9030000e+001  2.4173813e+003  3.7550000e+000
  8.9030000e+001  2.4173813e+003  3.6000000e+000
  8.9130000e+001  2.4207820e+003  3.6590000e+000
  8.9230000e+001  2.4243395e+003  4.1920000e+000
  8.9330000e+001  2.4281123e+003  3.4170000e+000
  8.9430000e+001  2.4322711e+003  4.4430000e+000
  8.9530000e+001  2.4376864e+003  4.3980000e+000
  8.9630000e+001  2.4433456e+003  4.2140000e+000
  8.9730000e+001  2.4483136e+003  4.0100000e+000
  8.9830000e+001  2.4530280e+003  3.7670000e+000
  8.9930000e+001  2.4578120e+003  3.7380000e+000
  8.9930000e+001  2.4578120e+003  3.6340000e+000
  9.0030000e+001  2.4626458e+003  3.6010000e+000
  9.0130000e+001  2.4673043e+003  3.6880000e+000
  9.0330000e+001  2.4753785e+003  3.9220000e+000
  9.0330000e+001  2.4753785e+003  3.8120000e+000
  9.0430000e+001  2.4790108e+003  4.0340000e+000
  9.0630000e+001  2.4857257e+003  4.6060000e+000
  9.0730000e+001  2.4885725e+003  4.3360000e+000
  9.0830000e+001  2.4914221e+003  4.2520000e+000
  9.0930000e+001  2.4948948e+003  4.0650000e+000
  9.1030000e+001  2.4983948e+003  3.8670000e+000
  9.1130000e+001  2.5020989e+003  3.4850000e+000
  9.1230000e+001  2.5058935e+003  3.9130000e+000
  9.1330000e+001  2.5096861e+003  4.0270000e+000
  9.1430000e+001  2.5133427e+003  4.4640000e+000
  9.1530000e+001  2.5168999e+003  4.4600000e+000
  9.1630000e+001  2.5201409e+003  4.4540000e+000
  9.1730000e+001  2.5229858e+003  4.4300000e+000
  9.1830000e+001  2.5264355e+003  4.4320000e+000
  9.1930000e+001  2.5299927e+003  4.2510000e+000
  9.2030000e+001  2.5335499e+003  4.2520000e+000
  9.2130000e+001  2.5371594e+003  4.1240000e+000
  9.2130000e+001  2.5371594e+003  4.0830000e+000
  9.2230000e+001  2.5404128e+003  3.7590000e+000
  9.2320000e+001  2.5424285e+003  3.5720000e+000
  9.2430000e+001  2.5448921e+003  3.4520000e+000
  9.2530000e+001  2.5467187e+003  3.5390000e+000
  9.2630000e+001  2.5485110e+003  3.4260000e+000
  9.2730000e+001  2.5502252e+003  3.4690000e+000
  9.2830000e+001  2.5516598e+003  3.8050000e+000
  9.2930000e+001  2.5528542e+003  3.8600000e+000
  9.3030000e+001  2.5540485e+003  3.6740000e+000
  9.3030000e+001  2.5540485e+003  3.8410000e+000
  9.3130000e+001  2.5552429e+003  3.7350000e+000
  9.3230000e+001  2.5564372e+003  3.7010000e+000
  9.3330000e+001  2.5576316e+003  3.7800000e+000
  9.3330000e+001  2.5576316e+003  3.6150000e+000
  9.3430000e+001  2.5588263e+003  3.7450000e+000
  9.3430000e+001  2.5588263e+003  3.7130000e+000
  9.3530000e+001  2.5600211e+003  3.7290000e+000
  9.3630000e+001  2.5612159e+003  3.6220000e+000
  9.3730000e+001  2.5624102e+003  3.7800000e+000
  9.3820000e+001  2.5634545e+003  3.5170000e+000
  9.3930000e+001  2.5647246e+003  3.6650000e+000
  9.4030000e+001  2.5658793e+003  3.8470000e+000
  9.4130000e+001  2.5670339e+003  3.7730000e+000
  9.4130000e+001  2.5670339e+003  3.9270000e+000
  9.4230000e+001  2.5681885e+003  4.0910000e+000
  9.4430000e+001  2.5704979e+003  3.9930000e+000
  9.4530000e+001  2.5716530e+003  4.0800000e+000
  9.4630000e+001  2.5728081e+003  4.0390000e+000
  9.4630000e+001  2.5728081e+003  3.8150000e+000
  9.4730000e+001  2.5742793e+003  3.3670000e+000
  9.4730000e+001  2.5742793e+003  4.0730000e+000
  9.4830000e+001  2.5760112e+003  3.8680000e+000
  9.4830000e+001  2.5760112e+003  3.8580000e+000
  9.4930000e+001  2.5777432e+003  3.6200000e+000
  9.4930000e+001  2.5777432e+003  3.9140000e+000
  9.5030000e+001  2.5796457e+003  3.5640000e+000
  9.5030000e+001  2.5796457e+003  3.4310000e+000
  9.5100000e+001  2.5809931e+003  3.6450000e+000
  9.5100000e+001  2.5809931e+003  3.5900000e+000
  9.5200000e+001  2.5831549e+003  3.6240000e+000
  9.5300000e+001  2.5853201e+003  4.1590000e+000
  9.5300000e+001  2.5853201e+003  4.0230000e+000
  9.5400000e+001  2.5874852e+003  3.8380000e+000
  9.5400000e+001  2.5874852e+003  3.7380000e+000
  9.5500000e+001  2.5895044e+003  3.8530000e+000
  9.5500000e+001  2.5895044e+003  3.4300000e+000
  9.5500000e+001  2.5895044e+003  3.6890000e+000
  9.5600000e+001  2.5915460e+003  3.8990000e+000
  9.5600000e+001  2.5915460e+003  4.2060000e+000
  9.5700000e+001  2.5936234e+003  3.8160000e+000
  9.5700000e+001  2.5936234e+003  4.0630000e+000
  9.5800000e+001  2.5957319e+003  3.6260000e+000
  9.5800000e+001  2.5957319e+003  3.3750000e+000
  9.5900000e+001  2.5983276e+003  4.0050000e+000
  9.5900000e+001  2.5983276e+003  4.0840000e+000
  9.6000000e+001  2.6009260e+003  3.7810000e+000
  9.6000000e+001  2.6009260e+003  3.3700000e+000
  9.6100000e+001  2.6035237e+003  4.1390000e+000
  9.6100000e+001  2.6035237e+003  3.7570000e+000
  9.6200000e+001  2.6061201e+003  3.7100000e+000
  9.6200000e+001  2.6061201e+003  3.6340000e+000
  9.6300000e+001  2.6085787e+003  3.8260000e+000
  9.6400000e+001  2.6106568e+003  3.8930000e+000
  9.6400000e+001  2.6106568e+003  3.7650000e+000
  9.6500000e+001  2.6127350e+003  4.0020000e+000
  9.6500000e+001  2.6127350e+003  3.8910000e+000
  9.6600000e+001  2.6151247e+003  3.9270000e+000
  9.6600000e+001  2.6151247e+003  3.9280000e+000
  9.6700000e+001  2.6177205e+003  3.6490000e+000
  9.6800000e+001  2.6203344e+003  3.5180000e+000
  9.6800000e+001  2.6203344e+003  3.5400000e+000
  9.6900000e+001  2.6229462e+003  3.7780000e+000
  9.6900000e+001  2.6229462e+003  3.6620000e+000
  9.7000000e+001  2.6255603e+003  3.7970000e+000
  9.7000000e+001  2.6255603e+003  3.5680000e+000
  9.7100000e+001  2.6281718e+003  3.4960000e+000
  9.7100000e+001  2.6281718e+003  3.7830000e+000
  9.7200000e+001  2.6307844e+003  3.6840000e+000
  9.7300000e+001  2.6333229e+003  3.8090000e+000
  9.7300000e+001  2.6333229e+003  3.8320000e+000
  9.7400000e+001  2.6354129e+003  4.0490000e+000
  9.7500000e+001  2.6375029e+003  3.6180000e+000
  9.7600000e+001  2.6398427e+003  3.6360000e+000
  9.7600000e+001  2.6398427e+003  3.7840000e+000
  9.7700000e+001  2.6424569e+003  3.8980000e+000
  9.7700000e+001  2.6424569e+003  3.9990000e+000
  9.7800000e+001  2.6450684e+003  4.0190000e+000
  9.7800000e+001  2.6450684e+003  4.0400000e+000
  9.7900000e+001  2.6476825e+003  4.1720000e+000
  9.7900000e+001  2.6476825e+003  3.8990000e+000
  9.8000000e+001  2.6508737e+003  3.8870000e+000
  9.8000000e+001  2.6508737e+003  4.0000000e+000
  9.8100000e+001  2.6542582e+003  3.5990000e+000
  9.8200000e+001  2.6576426e+003  3.4020000e+000
  9.8200000e+001  2.6576426e+003  3.7150000e+000
  9.8300000e+001  2.6610270e+003  3.5460000e+000
  9.8300000e+001  2.6610270e+003  3.6580000e+000
  9.8400000e+001  2.6644115e+003  3.4450000e+000
  9.8500000e+001  2.6677959e+003  3.6330000e+000
  9.8600000e+001  2.6711804e+003  3.5940000e+000
  9.8600000e+001  2.6711804e+003  3.5340000e+000
  9.8700000e+001  2.6745648e+003  3.5560000e+000
  9.8700000e+001  2.6745648e+003  3.6820000e+000
  9.8800000e+001  2.6779492e+003  3.7570000e+000
  9.8800000e+001  2.6779492e+003  3.9710000e+000
  9.8900000e+001  2.6813337e+003  3.8900000e+000
  9.8900000e+001  2.6813337e+003  3.6290000e+000
  9.9000000e+001  2.6847181e+003  3.9290000e+000
  9.9000000e+001  2.6847181e+003  3.8660000e+000
  9.9100000e+001  2.6879603e+003  3.8830000e+000
  9.9100000e+001  2.6879603e+003  3.6390000e+000
  9.9200000e+001  2.6911955e+003  3.7530000e+000
  9.9200000e+001  2.6911955e+003  3.7510000e+000
  9.9300000e+001  2.6944307e+003  4.0730000e+000
  9.9300000e+001  2.6944307e+003  4.1180000e+000
  9.9400000e+001  2.6976659e+003  3.5330000e+000
  9.9400000e+001  2.6976659e+003  3.6300000e+000
  9.9500000e+001  2.7010812e+003  3.6250000e+000
  9.9500000e+001  2.7010812e+003  3.4000000e+000
  9.9600000e+001  2.7046334e+003  3.9430000e+000
  9.9600000e+001  2.7046334e+003  4.0360000e+000
  9.9700000e+001  2.7085145e+003  4.0520000e+000
  9.9700000e+001  2.7085145e+003  3.3880000e+000
  9.9800000e+001  2.7123981e+003  4.0310000e+000
  9.9800000e+001  2.7123981e+003  4.2030000e+000
  9.9900000e+001  2.7161838e+003  4.0210000e+000
  9.9900000e+001  2.7161838e+003  3.8800000e+000
  1.0000000e+002  2.7199612e+003  3.9010000e+000
  1.0000000e+002  2.7199612e+003  3.9800000e+000
  1.0010000e+002  2.7238032e+003  4.0780000e+000
  1.0010000e+002  2.7238032e+003  4.0230000e+000
  1.0020000e+002  2.7278284e+003  3.5050000e+000
  1.0020000e+002  2.7278284e+003  3.7690000e+000
  1.0025000e+002  2.7298521e+003  3.8270000e+000
  1.0025000e+002  2.7298521e+003  3.6020000e+000
  1.0030000e+002  2.7318820e+003  3.6990000e+000
  1.0035000e+002  2.7339012e+003  3.8500000e+000
  1.0040000e+002  2.7359121e+003  3.6180000e+000
  1.0040000e+002  2.7359121e+003  3.6130000e+000
  1.0041000e+002  2.7363142e+003  3.4280000e+000
  1.0041000e+002  2.7363142e+003  3.4160000e+000
  1.0051000e+002  2.7405112e+003  3.0040000e+000
  1.0051000e+002  2.7405112e+003  3.4560000e+000
  1.0061000e+002  2.7444061e+003  3.3090000e+000
  1.0061000e+002  2.7444061e+003  3.6580000e+000
  1.0071000e+002  2.7482078e+003  3.4600000e+000
  1.0071000e+002  2.7482078e+003  3.2060000e+000
  1.0081000e+002  2.7521872e+003  3.3850000e+000
  1.0091000e+002  2.7561666e+003  3.6250000e+000
  1.0101000e+002  2.7601460e+003  3.4520000e+000
  1.0111000e+002  2.7641253e+003  3.6450000e+000
  1.0121000e+002  2.7680882e+003  3.3760000e+000
  1.0131000e+002  2.7719236e+003  3.7950000e+000
  1.0131000e+002  2.7719236e+003  3.6570000e+000
  1.0141000e+002  2.7750811e+003  3.7960000e+000
  1.0151000e+002  2.7780523e+003  3.5430000e+000
  1.0161000e+002  2.7809569e+003  3.6150000e+000
  1.0173000e+002  2.7838070e+003  3.5440000e+000
  1.0181000e+002  2.7856212e+003  3.4890000e+000
  1.0191000e+002  2.7877221e+003  3.6710000e+000
  1.0201000e+002  2.7898185e+003  3.4930000e+000
  1.0211000e+002  2.7919148e+003  3.5550000e+000
  1.0221000e+002  2.7945728e+003  3.6440000e+000
  1.0231000e+002  2.7978576e+003  3.5080000e+000
  1.0241000e+002  2.8011637e+003  3.9130000e+000
  1.0251000e+002  2.8046620e+003  4.0620000e+000
  1.0261000e+002  2.8081603e+003  4.1320000e+000
  1.0271000e+002  2.8122516e+003  3.9260000e+000
  1.0281000e+002  2.8164522e+003  3.8360000e+000
  1.0291000e+002  2.8203902e+003  3.6580000e+000
  1.0301000e+002  2.8237975e+003  3.6500000e+000
  1.0311000e+002  2.8270953e+003  3.0890000e+000
  1.0321000e+002  2.8307113e+003  3.5130000e+000
  1.0331000e+002  2.8339068e+003  3.7730000e+000
  1.0341000e+002  2.8362341e+003  3.4680000e+000
  1.0351000e+002  2.8385613e+003  3.5580000e+000
  1.0361000e+002  2.8408853e+003  3.6330000e+000
  1.0371000e+002  2.8432038e+003  3.6770000e+000
  1.0381000e+002  2.8455223e+003  3.7610000e+000
  1.0391000e+002  2.8478471e+003  3.9270000e+000
  1.0403000e+002  2.8506398e+003  3.6900000e+000
  1.0411000e+002  2.8525016e+003  3.8040000e+000
  1.0421000e+002  2.8548288e+003  3.8890000e+000
  1.0431000e+002  2.8571561e+003  3.5400000e+000
  1.0441000e+002  2.8596934e+003  3.6240000e+000
  1.0451000e+002  2.8628898e+003  3.6600000e+000
  1.0451000e+002  2.8628898e+003  3.6830000e+000
  1.0461000e+002  2.8662162e+003  3.4520000e+000
  1.0468000e+002  2.8685386e+003  3.4390000e+000
  1.0469000e+002  2.8688729e+003  3.4580000e+000
  1.0478000e+002  2.8718811e+003  3.5420000e+000
  1.0478000e+002  2.8718811e+003  3.5580000e+000
  1.0488000e+002  2.8751902e+003  3.5200000e+000
  1.0498000e+002  2.8785110e+003  3.8350000e+000
  1.0498000e+002  2.8785110e+003  4.0640000e+000
  1.0508000e+002  2.8816832e+003  3.8440000e+000
  1.0508000e+002  2.8816832e+003  3.7460000e+000
  1.0518000e+002  2.8848679e+003  3.7710000e+000
  1.0528000e+002  2.8880324e+003  3.7610000e+000
  1.0528000e+002  2.8880324e+003  3.8780000e+000
  1.0538000e+002  2.8910769e+003  3.8210000e+000
  1.0538000e+002  2.8910769e+003  3.5030000e+000
  1.0548000e+002  2.8939462e+003  3.5130000e+000
  1.0548000e+002  2.8939462e+003  3.7390000e+000
  1.0558000e+002  2.8968247e+003  3.5150000e+000
  1.0568000e+002  2.8997139e+003  3.6270000e+000
  1.0568000e+002  2.8997139e+003  3.6640000e+000
  1.0578000e+002  2.9025994e+003  3.3930000e+000
  1.0578000e+002  2.9025994e+003  3.5220000e+000
  1.0588000e+002  2.9054400e+003  3.5060000e+000
  1.0588000e+002  2.9054400e+003  3.7430000e+000
  1.0598000e+002  2.9080670e+003  3.6780000e+000
  1.0598000e+002  2.9080670e+003  3.2290000e+000
  1.0598000e+002  2.9080670e+003  3.6310000e+000
  1.0608000e+002  2.9107206e+003  3.6230000e+000
  1.0608000e+002  2.9107206e+003  3.5900000e+000
  1.0618000e+002  2.9133491e+003  3.6540000e+000
  1.0638000e+002  2.9199310e+003  3.9310000e+000
  1.0648000e+002  2.9232324e+003  3.9110000e+000
  1.0658000e+002  2.9265338e+003  3.8620000e+000
  1.0658000e+002  2.9265338e+003  3.6990000e+000
  1.0668000e+002  2.9292783e+003  3.9350000e+000
  1.0678000e+002  2.9313932e+003  3.9590000e+000
  1.0688000e+002  2.9335537e+003  3.6770000e+000
  1.0698000e+002  2.9361998e+003  3.5940000e+000
  1.0698000e+002  2.9361998e+003  3.7300000e+000
  1.0708000e+002  2.9398710e+003  3.3460000e+000
  1.0708000e+002  2.9398710e+003  3.3120000e+000
  1.0718000e+002  2.9435578e+003  3.2310000e+000
  1.0718000e+002  2.9435578e+003  3.4760000e+000
  1.0728000e+002  2.9472445e+003  3.2070000e+000
  1.0728000e+002  2.9472445e+003  3.1230000e+000
  1.0738000e+002  2.9509313e+003  3.1320000e+000
  1.0738000e+002  2.9509313e+003  3.3400000e+000
  1.0748000e+002  2.9543649e+003  3.6310000e+000
  1.0748000e+002  2.9543649e+003  3.4330000e+000
  1.0758000e+002  2.9577001e+003  3.7580000e+000
  1.0768000e+002  2.9610353e+003  3.6240000e+000
  1.0778000e+002  2.9643704e+003  3.3150000e+000
  1.0788000e+002  2.9677056e+003  3.8710000e+000
  1.0798000e+002  2.9710149e+003  3.6140000e+000
  1.0808000e+002  2.9743076e+003  3.7270000e+000
  1.0818000e+002  2.9776002e+003  3.9440000e+000
  1.0818000e+002  2.9776002e+003  4.0050000e+000
  1.0828000e+002  2.9809357e+003  3.8680000e+000
  1.0828000e+002  2.9809357e+003  3.8330000e+000
  1.0838000e+002  2.9844424e+003  3.5510000e+000
  1.0838000e+002  2.9844424e+003  3.5280000e+000
  1.0848000e+002  2.9879491e+003  3.4560000e+000
  1.0858000e+002  2.9915608e+003  3.5290000e+000
