  0.0000000e+000  5.6600000e+000  2.9810000e+000
  1.0000000e-001  7.1112821e+000  3.3080000e+000
  8.0000000e-001  1.7014831e+001  4.8700000e+000
  9.0000000e-001  1.8320985e+001  4.7990000e+000
  1.3000000e+000  2.3545600e+001  4.6890000e+000
  1.6000000e+000  2.7464062e+001  4.6770000e+000
  1.7000000e+000  2.8770215e+001  4.6780000e+000
  1.8000000e+000  3.0076369e+001  4.5600000e+000
  2.0000000e+000  3.2523231e+001  4.6560000e+000
  2.2000000e+000  3.4325723e+001  4.0020000e+000
  2.3000000e+000  3.5196492e+001  4.3950000e+000
  2.4000000e+000  3.6067262e+001  4.3560000e+000
  2.5000000e+000  3.6938031e+001  4.4540000e+000
  2.7000000e+000  3.8679569e+001  4.4430000e+000
  2.8000000e+000  3.9550338e+001  4.5100000e+000
  2.9000000e+000  4.0421108e+001  4.4020000e+000
  3.0000000e+000  4.1291877e+001  4.4290000e+000
  3.1000000e+000  4.2162646e+001  4.4770000e+000
  3.2000000e+000  4.3033415e+001  4.5520000e+000
  3.3000000e+000  4.3904185e+001  4.3760000e+000
  3.4000000e+000  4.4774954e+001  4.1090000e+000
  3.5000000e+000  4.5645723e+001  4.1010000e+000
  3.6000000e+000  4.6516492e+001  4.2850000e+000
  3.7000000e+000  4.7387262e+001  4.1570000e+000
  3.8000000e+000  4.8258031e+001  4.2780000e+000
  3.9000000e+000  4.9128800e+001  4.2790000e+000
  4.0000000e+000  4.9999569e+001  4.1660000e+000
  4.1000000e+000  5.0870338e+001  4.2050000e+000
  4.2000000e+000  5.1741108e+001  4.2360000e+000
  4.3000000e+000  5.2611877e+001  4.1660000e+000
  4.4000000e+000  5.3552308e+001  4.0590000e+000
  4.5000000e+000  5.4701723e+001  4.2700000e+000
  4.6000000e+000  5.6007877e+001  4.2530000e+000
  4.7000000e+000  5.7314031e+001  4.2060000e+000
  4.8000000e+000  5.8718872e+001  3.9180000e+000
  4.9000000e+000  6.0204985e+001  4.3480000e+000
  5.2000000e+000  6.5656000e+001  4.3300000e+000
  5.3000000e+000  6.7832923e+001  3.8550000e+000
  5.4000000e+000  7.0009846e+001  4.1650000e+000
  5.5000000e+000  7.2186769e+001  3.8970000e+000
  5.6000000e+000  7.4363692e+001  4.0630000e+000
  5.7000000e+000  7.6540615e+001  3.7560000e+000
  5.8000000e+000  7.8717538e+001  3.9920000e+000
  5.9000000e+000  8.0894462e+001  3.8350000e+000
  6.0000000e+000  8.3071385e+001  3.7770000e+000
  6.2000000e+000  8.7425231e+001  3.7560000e+000
  6.3000000e+000  8.9602154e+001  3.8050000e+000
  6.4000000e+000  9.1779077e+001  4.0110000e+000
  6.5000000e+000  9.3956000e+001  3.3920000e+000
  6.6000000e+000  9.6132923e+001  3.8080000e+000
  6.7000000e+000  9.7891877e+001  4.0350000e+000
  6.8000000e+000  9.9633415e+001  3.7040000e+000
  6.9000000e+000  1.0137495e+002  3.6240000e+000
  7.0000000e+000  1.0311649e+002  3.8160000e+000
  7.1000000e+000  1.0485803e+002  3.3630000e+000
  7.2000000e+000  1.0693046e+002  3.8930000e+000
  7.3000000e+000  1.0910738e+002  3.9290000e+000
  7.4000000e+000  1.1128431e+002  3.9720000e+000
  7.5000000e+000  1.1346123e+002  3.9170000e+000
  7.6000000e+000  1.1563815e+002  3.5660000e+000
  7.7000000e+000  1.1781508e+002  3.6520000e+000
  8.1000000e+000  1.2634862e+002  3.0540000e+000
  8.2000000e+000  1.2809015e+002  4.0330000e+000
  8.4000000e+000  1.3157323e+002  4.1610000e+000
  8.5000000e+000  1.3331477e+002  4.0290000e+000
  8.8000000e+000  1.3853938e+002  4.7100000e+000
  8.9000000e+000  1.4028092e+002  4.7890000e+000
  9.0000000e+000  1.4202246e+002  4.5170000e+000
  9.1000000e+000  1.4376400e+002  4.7510000e+000
  9.2000000e+000  1.4550554e+002  4.5380000e+000
  9.3000000e+000  1.4724708e+002  4.5460000e+000
  9.4000000e+000  1.4898862e+002  4.5730000e+000
  9.5000000e+000  1.5073015e+002  4.5940000e+000
  9.6000000e+000  1.5247169e+002  4.5110000e+000
  9.9000000e+000  1.5769631e+002  4.6790000e+000
  1.0200000e+001  1.6292092e+002  4.6200000e+000
  1.0300000e+001  1.6466246e+002  4.6890000e+000
  1.0400000e+001  1.6640400e+002  4.4360000e+000
  1.0500000e+001  1.6814554e+002  4.6460000e+000
  1.0600000e+001  1.6988708e+002  4.6980000e+000
  1.0700000e+001  1.7162862e+002  4.5820000e+000
  1.0800000e+001  1.7337015e+002  4.4070000e+000
  1.0900000e+001  1.7511169e+002  4.5700000e+000
  1.1000000e+001  1.7685323e+002  4.3950000e+000
  1.1100000e+001  1.7859477e+002  4.4960000e+000
  1.1200000e+001  1.8033631e+002  4.2550000e+000
  1.1300000e+001  1.8207785e+002  4.3730000e+000
  1.1400000e+001  1.8381938e+002  4.5770000e+000
  1.1500000e+001  1.8556092e+002  4.3110000e+000
  1.1700000e+001  1.8904400e+002  4.2670000e+000
  1.1800000e+001  1.9067669e+002  4.4470000e+000
  1.1820000e+001  1.9100323e+002  3.9350000e+000
  1.1920000e+001  1.9263592e+002  3.5890000e+000
  1.2020000e+001  1.9426862e+002  3.8120000e+000
  1.2120000e+001  1.9590131e+002  3.7040000e+000
  1.2220000e+001  1.9753400e+002  3.7350000e+000
  1.2320000e+001  1.9916669e+002  3.5210000e+000
  1.2420000e+001  2.0079938e+002  3.3210000e+000
  1.2820000e+001  2.0718503e+002  4.0980000e+000
  1.2920000e+001  2.0863631e+002  4.3350000e+000
  1.3020000e+001  2.1008759e+002  3.7960000e+000
  1.3220000e+001  2.1297274e+002  4.2850000e+000
  1.3420000e+001  2.1558505e+002  4.0660000e+000
  1.3520000e+001  2.1689120e+002  3.7470000e+000
  1.3620000e+001  2.1819735e+002  4.3610000e+000
  1.3920000e+001  2.2150628e+002  4.2590000e+000
  1.4120000e+001  2.2324782e+002  4.5390000e+000
  1.4220000e+001  2.2411858e+002  4.5590000e+000
  1.4320000e+001  2.2498935e+002  4.2870000e+000
  1.4520000e+001  2.2673089e+002  4.3090000e+000
  1.4720000e+001  2.2871625e+002  3.6340000e+000
  1.4820000e+001  2.3002240e+002  4.1870000e+000
  1.4920000e+001  2.3132855e+002  4.3740000e+000
  1.5020000e+001  2.3263471e+002  4.1960000e+000
  1.5120000e+001  2.3394086e+002  4.1140000e+000
  1.5220000e+001  2.3524702e+002  3.6300000e+000
  1.5320000e+001  2.3667508e+002  3.5470000e+000
  1.5620000e+001  2.4144254e+002  3.6440000e+000
  1.5720000e+001  2.4307523e+002  3.7970000e+000
  1.5820000e+001  2.4470792e+002  4.2490000e+000
  1.5920000e+001  2.4634062e+002  4.1980000e+000
  1.6020000e+001  2.4797331e+002  4.3090000e+000
  1.6220000e+001  2.5123869e+002  4.4810000e+000
  1.6410000e+001  2.5434081e+002  4.3070000e+000
  1.6500000e+001  2.5568687e+002  4.3360000e+000
  1.6600000e+001  2.5713815e+002  4.3580000e+000
  1.6700000e+001  2.5858944e+002  4.2630000e+000
  1.6900000e+001  2.6149200e+002  4.1860000e+000
  1.7000000e+001  2.6294328e+002  4.3210000e+000
  1.7100000e+001  2.6439456e+002  4.3540000e+000
  1.7300000e+001  2.6729713e+002  4.4070000e+000
  1.7400000e+001  2.6874841e+002  4.6150000e+000
  1.7500000e+001  2.7019969e+002  4.5510000e+000
  1.7600000e+001  2.7165097e+002  4.2030000e+000
  1.7800000e+001  2.7455354e+002  4.3980000e+000
  1.7900000e+001  2.7600482e+002  4.0190000e+000
  1.8100000e+001  2.7890738e+002  4.0880000e+000
  1.8200000e+001  2.8035867e+002  4.3190000e+000
  1.8300000e+001  2.8180995e+002  4.0430000e+000
  1.8500000e+001  2.8471251e+002  3.8310000e+000
  1.8600000e+001  2.8616379e+002  3.6880000e+000
  1.8700000e+001  2.8776746e+002  3.5880000e+000
  1.8800000e+001  2.8940015e+002  3.9350000e+000
  1.8900000e+001  2.9111557e+002  3.9430000e+000
  1.9000000e+001  2.9285711e+002  3.5930000e+000
  1.9100000e+001  2.9459865e+002  4.0440000e+000
  1.9200000e+001  2.9634018e+002  3.8670000e+000
  1.9300000e+001  2.9808172e+002  4.0490000e+000
  1.9400000e+001  2.9982326e+002  4.0720000e+000
  1.9500000e+001  3.0156480e+002  3.9200000e+000
  1.9600000e+001  3.0330634e+002  3.8460000e+000
  1.9700000e+001  3.0504788e+002  3.8230000e+000
  1.9800000e+001  3.0678942e+002  4.0770000e+000
  1.9900000e+001  3.0853095e+002  3.9830000e+000
  2.0000000e+001  3.1027249e+002  3.7100000e+000
  2.0100000e+001  3.1201403e+002  3.5880000e+000
  2.0200000e+001  3.1375557e+002  3.7120000e+000
  2.0500000e+001  3.1898018e+002  3.4140000e+000
  2.0600000e+001  3.2072172e+002  3.2490000e+000
  2.0700000e+001  3.2246326e+002  3.2710000e+000
  2.0800000e+001  3.2420480e+002  3.0600000e+000
  2.0900000e+001  3.2594634e+002  3.0830000e+000
  2.1000000e+001  3.2768788e+002  2.9850000e+000
  2.1800000e+001  3.4212523e+002  4.5150000e+000
  2.2000000e+001  3.4647908e+002  4.3820000e+000
  2.2320000e+001  3.5344523e+002  4.5430000e+000
  2.2420000e+001  3.5562215e+002  4.3950000e+000
  2.2520000e+001  3.5779908e+002  4.5960000e+000
  2.2620000e+001  3.5997600e+002  4.4080000e+000
  2.2720000e+001  3.6215292e+002  4.4040000e+000
  2.2920000e+001  3.6650677e+002  4.3030000e+000
  2.3020000e+001  3.6868369e+002  4.1760000e+000
  2.3120000e+001  3.7086062e+002  4.4610000e+000
  2.3220000e+001  3.7303754e+002  4.2870000e+000
  2.3320000e+001  3.7521446e+002  4.1060000e+000
  2.3420000e+001  3.7707791e+002  4.0880000e+000
  2.3520000e+001  3.7881945e+002  4.2570000e+000
  2.3660000e+001  3.8125760e+002  4.0470000e+000
  2.3760000e+001  3.8299914e+002  4.1210000e+000
  2.3860000e+001  3.8474068e+002  4.1590000e+000
  2.3960000e+001  3.8648222e+002  4.0740000e+000
  2.4060000e+001  3.8822375e+002  4.0190000e+000
  2.4160000e+001  3.9010462e+002  3.9940000e+000
  2.4260000e+001  3.9228154e+002  3.9010000e+000
  2.4360000e+001  3.9445846e+002  3.9260000e+000
  2.4660000e+001  4.0098923e+002  3.2270000e+000
  2.4760000e+001  4.0316615e+002  3.0770000e+000
  2.4860000e+001  4.0534308e+002  3.0830000e+000
  2.4960000e+001  4.0752000e+002  3.1860000e+000
  2.5060000e+001  4.0969692e+002  3.0670000e+000
  2.5120000e+001  4.1100308e+002  2.9480000e+000
  2.5220000e+001  4.1346300e+002  3.1160000e+000
  2.5320000e+001  4.1618415e+002  3.7260000e+000
  2.5420000e+001  4.1890531e+002  3.8200000e+000
  2.5520000e+001  4.2162646e+002  4.2480000e+000
  2.5620000e+001  4.2441292e+002  4.0270000e+000
  2.5720000e+001  4.2731549e+002  4.5350000e+000
  2.5820000e+001  4.3021805e+002  5.0500000e+000
  2.5920000e+001  4.3312062e+002  4.8750000e+000
  2.6020000e+001  4.3602318e+002  5.0990000e+000
  2.6320000e+001  4.4473087e+002  5.0020000e+000
  2.6520000e+001  4.5053600e+002  4.8360000e+000
  2.6620000e+001  4.5325715e+002  3.9910000e+000
  2.6760000e+001  4.5706677e+002  4.3570000e+000
  2.6860000e+001  4.5978792e+002  4.3290000e+000
  2.6960000e+001  4.6237846e+002  4.4830000e+000
  2.7060000e+001  4.6424191e+002  3.8280000e+000
  2.7160000e+001  4.6598345e+002  4.4520000e+000
  2.7260000e+001  4.6771192e+002  4.0920000e+000
  2.7360000e+001  4.6934462e+002  4.1430000e+000
  2.7460000e+001  4.7097731e+002  4.2680000e+000
  2.7560000e+001  4.7261000e+002  4.2660000e+000
  2.7660000e+001  4.7424269e+002  4.4920000e+000
  2.7760000e+001  4.7570123e+002  4.1910000e+000
  2.7960000e+001  4.7860379e+002  3.8430000e+000
  2.8560000e+001  4.8731149e+002  3.8630000e+000
  2.8660000e+001  4.8876277e+002  3.7280000e+000
  2.8760000e+001  4.9021405e+002  3.5540000e+000
  2.8860000e+001  4.9166533e+002  3.4090000e+000
  2.8960000e+001  4.9311662e+002  3.5400000e+000
  2.9260000e+001  4.9747046e+002  3.7670000e+000
  2.9460000e+001  5.0037303e+002  3.8060000e+000
  2.9660000e+001  5.0350054e+002  3.5410000e+000
  2.9760000e+001  5.0515065e+002  3.6310000e+000
  3.0060000e+001  5.1037526e+002  4.1520000e+000
  3.0260000e+001  5.1385834e+002  3.9900000e+000
  3.0360000e+001  5.1559988e+002  3.7780000e+000
  3.0460000e+001  5.1734142e+002  3.8440000e+000
  3.0560000e+001  5.1908295e+002  3.8900000e+000
  3.0660000e+001  5.2082449e+002  4.0270000e+000
  3.0760000e+001  5.2256603e+002  3.9860000e+000
  3.0860000e+001  5.2463846e+002  3.3320000e+000
  3.0960000e+001  5.2681538e+002  3.8930000e+000
  3.1060000e+001  5.2899231e+002  4.1910000e+000
  3.1160000e+001  5.3151754e+002  3.4340000e+000
  3.1260000e+001  5.3423869e+002  4.3720000e+000
  3.1360000e+001  5.3695985e+002  4.2310000e+000
  3.1460000e+001  5.3968100e+002  4.3850000e+000
  3.1560000e+001  5.4240215e+002  4.3230000e+000
  3.1660000e+001  5.4512331e+002  4.5790000e+000
  3.1760000e+001  5.4784446e+002  4.2160000e+000
  3.1860000e+001  5.5056562e+002  4.3770000e+000
  3.1960000e+001  5.5328677e+002  4.2330000e+000
  3.2160000e+001  5.5872908e+002  3.9460000e+000
  3.2260000e+001  5.6145023e+002  4.1350000e+000
  3.2460000e+001  5.6598258e+002  3.6790000e+000
  3.2660000e+001  5.6946566e+002  3.8720000e+000
  3.2760000e+001  5.7120720e+002  3.5920000e+000
  3.2860000e+001  5.7294874e+002  3.6560000e+000
  3.3160000e+001  5.7817335e+002  3.7120000e+000
  3.3260000e+001  5.7991489e+002  3.5170000e+000
  3.3360000e+001  5.8165643e+002  4.0650000e+000
  3.3460000e+001  5.8350246e+002  4.0580000e+000
  3.3560000e+001  5.8567938e+002  4.1790000e+000
  3.3660000e+001  5.8785631e+002  4.1280000e+000
  3.3760000e+001  5.9003323e+002  4.1400000e+000
  3.3860000e+001  5.9221015e+002  3.9240000e+000
  3.3960000e+001  5.9438708e+002  3.8090000e+000
  3.4060000e+001  5.9656400e+002  3.5340000e+000
  3.4160000e+001  5.9874092e+002  4.0670000e+000
  3.4260000e+001  6.0091785e+002  4.0350000e+000
  3.4460000e+001  6.0527169e+002  3.6970000e+000
  3.4560000e+001  6.0744862e+002  3.7350000e+000
  3.4660000e+001  6.0962554e+002  3.4150000e+000
  3.4760000e+001  6.1180246e+002  3.2390000e+000
  3.4860000e+001  6.1397938e+002  3.5860000e+000
  3.4960000e+001  6.1615631e+002  3.5570000e+000
  3.5060000e+001  6.1833323e+002  3.8880000e+000
  3.5160000e+001  6.2051015e+002  4.3040000e+000
  3.5260000e+001  6.2270885e+002  4.4640000e+000
  3.5460000e+001  6.2815115e+002  4.7010000e+000
  3.5660000e+001  6.3359346e+002  4.6840000e+000
  3.5760000e+001  6.3631462e+002  4.7590000e+000
  3.5860000e+001  6.3903577e+002  4.7190000e+000
  3.5960000e+001  6.4175692e+002  4.8560000e+000
  3.6060000e+001  6.4447808e+002  4.5640000e+000
  3.6160000e+001  6.4719923e+002  4.6640000e+000
  3.6260000e+001  6.4992038e+002  4.5370000e+000
  3.6360000e+001  6.5264154e+002  4.6080000e+000
  3.6460000e+001  6.5536269e+002  4.4760000e+000
  3.6560000e+001  6.5808385e+002  4.3370000e+000
  3.6660000e+001  6.6080500e+002  4.3780000e+000
  3.6760000e+001  6.6352615e+002  4.2840000e+000
  3.6860000e+001  6.6624731e+002  4.2680000e+000
  3.6960000e+001  6.6875077e+002  4.2570000e+000
  3.7060000e+001  6.7092769e+002  4.2930000e+000
  3.7160000e+001  6.7310462e+002  4.3100000e+000
  3.7560000e+001  6.8128985e+002  4.0910000e+000
  3.7660000e+001  6.8303138e+002  4.0660000e+000
  3.7760000e+001  6.8477292e+002  3.5300000e+000
  3.7860000e+001  6.8651446e+002  4.1640000e+000
  3.7960000e+001  6.8825600e+002  4.0410000e+000
  3.8060000e+001  6.8999754e+002  3.7730000e+000
  3.8160000e+001  6.9173908e+002  3.5220000e+000
  3.8260000e+001  6.9348062e+002  3.7830000e+000
  3.8460000e+001  6.9696369e+002  3.6760000e+000
  3.8560000e+001  6.9870523e+002  3.6310000e+000
  3.8740000e+001  7.0184000e+002  3.6670000e+000
  3.8840000e+001  7.0358154e+002  3.7920000e+000
  3.8940000e+001  7.0532308e+002  3.7420000e+000
  3.9040000e+001  7.0706462e+002  4.0060000e+000
  3.9140000e+001  7.0880615e+002  4.1180000e+000
  3.9240000e+001  7.1054769e+002  4.1410000e+000
  3.9440000e+001  7.1403077e+002  4.4450000e+000
  3.9640000e+001  7.1751385e+002  4.4100000e+000
  3.9740000e+001  7.1925538e+002  4.2980000e+000
  3.9840000e+001  7.2125815e+002  4.2700000e+000
  3.9940000e+001  7.2343508e+002  4.5090000e+000
  4.0040000e+001  7.2561200e+002  4.3760000e+000
  4.0140000e+001  7.2778892e+002  4.4180000e+000
  4.0240000e+001  7.2996585e+002  4.1950000e+000
  4.0340000e+001  7.3214277e+002  3.9400000e+000
  4.0440000e+001  7.3431969e+002  4.2170000e+000
  4.0540000e+001  7.3649662e+002  4.4540000e+000
  4.0640000e+001  7.3867354e+002  4.2650000e+000
  4.0740000e+001  7.4085046e+002  4.3070000e+000
  4.0840000e+001  7.4302738e+002  4.1210000e+000
  4.0940000e+001  7.4520431e+002  4.3460000e+000
  4.1040000e+001  7.4738123e+002  4.3900000e+000
  4.1140000e+001  7.4955815e+002  4.0500000e+000
  4.1240000e+001  7.5173508e+002  4.1860000e+000
  4.1340000e+001  7.5391200e+002  4.3010000e+000
  4.1740000e+001  7.6261969e+002  4.2200000e+000
  4.1840000e+001  7.6479662e+002  3.9710000e+000
  4.1940000e+001  7.6697354e+002  4.2530000e+000
  4.2040000e+001  7.6915046e+002  3.9750000e+000
  4.2140000e+001  7.7132738e+002  3.9730000e+000
  4.2240000e+001  7.7350431e+002  3.7060000e+000
  4.2340000e+001  7.7568123e+002  3.7000000e+000
  4.2440000e+001  7.7785815e+002  3.3730000e+000
  4.2540000e+001  7.8003508e+002  3.5890000e+000
  4.2640000e+001  7.8221200e+002  3.6270000e+000
  4.2740000e+001  7.8438892e+002  3.6830000e+000
  4.2840000e+001  7.8656585e+002  3.5670000e+000
  4.2940000e+001  7.8896046e+002  3.8190000e+000
  4.3040000e+001  7.9168162e+002  4.2990000e+000
  4.3140000e+001  7.9446082e+002  4.5800000e+000
  4.3240000e+001  7.9736338e+002  4.3800000e+000
  4.3340000e+001  8.0026595e+002  4.3130000e+000
  4.3440000e+001  8.0316851e+002  4.4730000e+000
  4.3540000e+001  8.0607108e+002  4.4020000e+000
  4.3640000e+001  8.0897364e+002  4.0800000e+000
  4.3740000e+001  8.1187621e+002  4.2240000e+000
  4.3840000e+001  8.1477877e+002  4.1590000e+000
  4.3940000e+001  8.1768133e+002  4.1170000e+000
  4.4040000e+001  8.2058390e+002  3.7890000e+000
  4.4140000e+001  8.2348646e+002  4.4850000e+000
  4.4240000e+001  8.2638903e+002  4.0530000e+000
  4.4340000e+001  8.2929159e+002  3.7420000e+000
  4.4440000e+001  8.3219415e+002  3.8860000e+000
  4.4540000e+001  8.3509672e+002  3.9780000e+000
  4.4640000e+001  8.3799928e+002  3.9310000e+000
  4.4740000e+001  8.4090185e+002  4.0900000e+000
  4.4840000e+001  8.4380441e+002  3.7730000e+000
  4.4940000e+001  8.4670697e+002  3.6000000e+000
  4.5040000e+001  8.4960954e+002  3.4220000e+000
  4.5340000e+001  8.5823015e+002  3.4670000e+000
  4.5440000e+001  8.6095131e+002  3.8810000e+000
  4.5540000e+001  8.6345477e+002  3.5860000e+000
  4.5640000e+001  8.6563169e+002  4.0530000e+000
  4.6040000e+001  8.7433938e+002  4.6120000e+000
  4.6140000e+001  8.7651631e+002  4.3140000e+000
  4.6240000e+001  8.7869323e+002  4.7270000e+000
  4.6340000e+001  8.8087015e+002  4.5580000e+000
  4.6440000e+001  8.8304708e+002  4.5030000e+000
  4.6540000e+001  8.8522400e+002  4.5300000e+000
  4.6640000e+001  8.8740092e+002  4.3350000e+000
  4.6740000e+001  8.8957785e+002  4.3580000e+000
  4.6860000e+001  8.9219015e+002  4.3370000e+000
  4.6960000e+001  8.9436708e+002  4.3270000e+000
  4.7060000e+001  8.9654400e+002  4.3650000e+000
  4.7160000e+001  8.9872092e+002  4.4820000e+000
  4.7460000e+001  9.0525169e+002  4.3190000e+000
  4.7560000e+001  9.0742862e+002  4.1160000e+000
  4.7660000e+001  9.0960554e+002  4.0530000e+000
  4.7760000e+001  9.1178246e+002  3.9920000e+000
  4.7860000e+001  9.1395938e+002  4.1350000e+000
  4.7960000e+001  9.1613631e+002  4.0780000e+000
  4.8060000e+001  9.1831323e+002  4.0920000e+000
  4.8160000e+001  9.2049015e+002  4.1300000e+000
  4.8260000e+001  9.2266708e+002  4.2910000e+000
  4.8460000e+001  9.2702092e+002  4.3840000e+000
  4.8660000e+001  9.3137477e+002  3.7940000e+000
  4.8760000e+001  9.3355169e+002  4.0230000e+000
  4.8860000e+001  9.3572862e+002  3.8180000e+000
  4.8960000e+001  9.3790554e+002  3.8170000e+000
  4.9160000e+001  9.4225938e+002  3.6790000e+000
  4.9260000e+001  9.4443631e+002  3.5470000e+000
  4.9360000e+001  9.4661323e+002  3.6500000e+000
  4.9460000e+001  9.4879015e+002  3.4100000e+000
  4.9560000e+001  9.5096708e+002  3.4400000e+000
  4.9660000e+001  9.5314400e+002  3.3130000e+000
  4.9760000e+001  9.5532092e+002  3.2180000e+000
  4.9860000e+001  9.5749785e+002  3.4760000e+000
  4.9960000e+001  9.5989246e+002  4.1140000e+000
  5.0160000e+001  9.6533477e+002  4.1810000e+000
  5.0260000e+001  9.6805592e+002  3.9520000e+000
  5.0360000e+001  9.7077708e+002  3.7760000e+000
  5.0460000e+001  9.7349823e+002  3.7730000e+000
  5.0560000e+001  9.7621938e+002  3.8430000e+000
  5.0660000e+001  9.7894054e+002  3.3170000e+000
  5.0760000e+001  9.8166169e+002  4.0650000e+000
  5.0860000e+001  9.8438285e+002  3.9000000e+000
  5.0960000e+001  9.8710400e+002  3.9860000e+000
  5.1060000e+001  9.8982515e+002  4.0840000e+000
  5.1160000e+001  9.9254631e+002  3.8990000e+000
  5.1260000e+001  9.9526746e+002  3.8680000e+000
  5.1360000e+001  9.9798862e+002  4.0410000e+000
  5.1460000e+001  1.0007082e+003  3.7610000e+000
  5.1660000e+001  1.0061481e+003  4.2170000e+000
  5.1760000e+001  1.0088692e+003  4.1930000e+000
  5.1960000e+001  1.0143115e+003  3.8960000e+000
  5.2060000e+001  1.0170327e+003  3.9450000e+000
  5.2160000e+001  1.0197538e+003  3.9180000e+000
  5.2260000e+001  1.0224750e+003  3.6150000e+000
  5.2360000e+001  1.0251962e+003  3.6680000e+000
  5.2460000e+001  1.0279173e+003  3.8190000e+000
  5.2560000e+001  1.0306385e+003  3.7690000e+000
  5.2660000e+001  1.0333596e+003  4.2110000e+000
  5.2760000e+001  1.0360808e+003  4.2300000e+000
  5.2860000e+001  1.0388019e+003  4.2860000e+000
  5.2960000e+001  1.0415231e+003  4.1580000e+000
  5.3060000e+001  1.0442442e+003  4.1050000e+000
  5.3160000e+001  1.0469654e+003  4.1620000e+000
  5.3260000e+001  1.0496231e+003  4.1280000e+000
  5.3360000e+001  1.0518038e+003  4.1960000e+000
  5.3460000e+001  1.0539769e+003  4.0610000e+000
  5.3560000e+001  1.0561600e+003  3.8910000e+000
  5.3660000e+001  1.0583331e+003  4.1700000e+000
  5.3760000e+001  1.0605062e+003  4.0950000e+000
  5.3860000e+001  1.0626892e+003  3.8990000e+000
  5.3960000e+001  1.0648623e+003  3.8280000e+000
  5.4060000e+001  1.0672108e+003  3.3490000e+000
  5.4160000e+001  1.0699319e+003  3.2980000e+000
  5.4260000e+001  1.0726531e+003  3.2260000e+000
  5.4360000e+001  1.0753742e+003  3.3050000e+000
  5.4560000e+001  1.0808165e+003  3.8510000e+000
  5.4760000e+001  1.0856769e+003  3.9590000e+000
  5.4860000e+001  1.0878500e+003  4.0020000e+000
  5.4960000e+001  1.0900323e+003  4.0150000e+000
  5.5060000e+001  1.0922062e+003  4.0420000e+000
  5.5160000e+001  1.0943792e+003  3.8710000e+000
  5.5360000e+001  1.0987354e+003  4.3400000e+000
  5.5460000e+001  1.1009138e+003  4.3200000e+000
  5.5660000e+001  1.1052646e+003  3.9680000e+000
  5.5760000e+001  1.1074477e+003  3.7370000e+000
  5.5860000e+001  1.1096208e+003  3.8830000e+000
  5.5960000e+001  1.1117954e+003  3.7200000e+000
  5.6060000e+001  1.1139769e+003  4.1540000e+000
  5.6160000e+001  1.1161500e+003  4.0570000e+000
  5.6360000e+001  1.1205062e+003  4.3620000e+000
  5.6560000e+001  1.1248623e+003  4.2950000e+000
  5.6660000e+001  1.1270354e+003  4.3050000e+000
  5.6760000e+001  1.1292138e+003  4.3370000e+000
  5.6860000e+001  1.1313915e+003  3.8190000e+000
  5.6960000e+001  1.1335646e+003  4.0530000e+000
  5.7160000e+001  1.1382715e+003  4.0660000e+000
  5.7260000e+001  1.1409927e+003  3.8210000e+000
  5.7360000e+001  1.1437138e+003  4.0250000e+000
  5.7560000e+001  1.1491562e+003  3.9920000e+000
  5.7760000e+001  1.1545985e+003  3.7650000e+000
  5.7860000e+001  1.1573196e+003  3.6780000e+000
  5.7960000e+001  1.1600408e+003  3.6250000e+000
  5.8060000e+001  1.1627619e+003  3.6550000e+000
  5.8160000e+001  1.1654831e+003  3.5090000e+000
  5.8260000e+001  1.1682042e+003  3.4690000e+000
  5.8360000e+001  1.1708377e+003  3.7830000e+000
  5.8460000e+001  1.1730108e+003  3.8850000e+000
  5.8560000e+001  1.1751938e+003  4.0080000e+000
  5.9060000e+001  1.1860769e+003  3.6720000e+000
  5.9360000e+001  1.1926085e+003  4.1830000e+000
  5.9460000e+001  1.1947815e+003  4.3270000e+000
  5.9560000e+001  1.1970642e+003  4.3120000e+000
  5.9660000e+001  1.1997854e+003  4.3320000e+000
  5.9860000e+001  1.2052277e+003  4.3840000e+000
  5.9960000e+001  1.2079488e+003  4.2980000e+000
  6.0060000e+001  1.2106700e+003  4.1870000e+000
  6.0160000e+001  1.2133912e+003  4.1160000e+000
  6.0260000e+001  1.2161123e+003  3.8930000e+000
  6.0360000e+001  1.2188335e+003  3.8460000e+000
  6.0560000e+001  1.2242758e+003  3.6090000e+000
  6.0660000e+001  1.2265685e+003  3.3860000e+000
  6.0860000e+001  1.2309185e+003  3.5010000e+000
  6.0960000e+001  1.2330977e+003  3.4780000e+000
  6.1060000e+001  1.2352708e+003  3.2930000e+000
  6.1160000e+001  1.2374538e+003  3.3870000e+000
  6.1260000e+001  1.2396269e+003  3.2460000e+000
  6.1560000e+001  1.2461562e+003  4.0510000e+000
  6.1660000e+001  1.2483369e+003  4.3180000e+000
  6.1760000e+001  1.2505123e+003  4.2910000e+000
  6.1860000e+001  1.2526854e+003  4.1740000e+000
  6.1960000e+001  1.2548685e+003  3.7520000e+000
  6.2060000e+001  1.2570415e+003  4.3070000e+000
  6.2160000e+001  1.2592185e+003  4.3380000e+000
  6.2260000e+001  1.2613977e+003  4.1340000e+000
  6.2360000e+001  1.2635708e+003  4.2080000e+000
  6.2460000e+001  1.2657538e+003  4.2400000e+000
  6.2560000e+001  1.2679269e+003  3.9800000e+000
  6.2660000e+001  1.2701000e+003  3.9260000e+000
  6.2760000e+001  1.2722831e+003  3.7070000e+000
  6.2860000e+001  1.2744562e+003  3.7520000e+000
  6.2960000e+001  1.2766369e+003  3.6290000e+000
  6.3060000e+001  1.2788123e+003  3.6250000e+000
  6.3160000e+001  1.2809854e+003  3.6380000e+000
  6.3260000e+001  1.2831685e+003  2.9970000e+000
  6.3360000e+001  1.2854731e+003  3.8890000e+000
  6.3460000e+001  1.2881942e+003  4.1630000e+000
  6.3560000e+001  1.2909154e+003  4.1740000e+000
  6.3660000e+001  1.2936365e+003  3.5870000e+000
  6.3760000e+001  1.2963577e+003  4.2680000e+000
  6.3860000e+001  1.2990788e+003  3.9860000e+000
  6.4060000e+001  1.3045212e+003  4.1460000e+000
  6.4260000e+001  1.3094592e+003  3.3630000e+000
  6.4360000e+001  1.3116423e+003  3.9370000e+000
  6.4660000e+001  1.3181715e+003  3.6200000e+000
  6.4960000e+001  1.3247008e+003  3.9540000e+000
  6.5060000e+001  1.3268754e+003  4.1020000e+000
  6.5160000e+001  1.3290569e+003  4.1120000e+000
  6.5260000e+001  1.3312300e+003  4.1380000e+000
  6.5360000e+001  1.3334123e+003  4.0000000e+000
  6.5460000e+001  1.3355862e+003  4.2060000e+000
  6.5560000e+001  1.3377592e+003  4.2260000e+000
  6.5660000e+001  1.3399423e+003  4.2740000e+000
  6.5760000e+001  1.3421154e+003  4.0270000e+000
  6.5860000e+001  1.3442938e+003  4.1350000e+000
  6.5960000e+001  1.3464715e+003  3.9640000e+000
  6.6060000e+001  1.3486446e+003  4.0940000e+000
  6.6160000e+001  1.3508277e+003  3.4590000e+000
  6.6260000e+001  1.3530008e+003  3.1330000e+000
  6.6360000e+001  1.3551754e+003  3.1910000e+000
  6.6760000e+001  1.3638862e+003  3.9910000e+000
  6.6860000e+001  1.3660592e+003  4.2240000e+000
  6.6960000e+001  1.3682423e+003  4.1440000e+000
  6.7060000e+001  1.3704154e+003  3.9830000e+000
  6.7160000e+001  1.3725938e+003  4.4790000e+000
  6.7260000e+001  1.3747715e+003  3.9390000e+000
  6.7360000e+001  1.3769446e+003  4.2000000e+000
  6.7460000e+001  1.3791277e+003  4.1120000e+000
  6.7560000e+001  1.3813008e+003  3.9860000e+000
  6.7660000e+001  1.3834754e+003  3.7220000e+000
  6.7860000e+001  1.3878300e+003  3.6910000e+000
  6.7960000e+001  1.3900123e+003  3.5560000e+000
  6.8060000e+001  1.3921862e+003  3.5240000e+000
  6.8260000e+001  1.3965423e+003  3.6700000e+000
  6.8420000e+001  1.4000192e+003  3.5280000e+000
  6.8520000e+001  1.4022023e+003  3.6990000e+000
  6.8620000e+001  1.4043754e+003  4.0350000e+000
  6.8720000e+001  1.4065538e+003  4.0340000e+000
  6.8920000e+001  1.4109046e+003  4.3640000e+000
  6.9120000e+001  1.4152608e+003  3.9420000e+000
  6.9220000e+001  1.4174354e+003  3.9730000e+000
  6.9320000e+001  1.4196169e+003  3.9630000e+000
  6.9420000e+001  1.4217900e+003  3.8220000e+000
  6.9520000e+001  1.4239723e+003  3.6620000e+000
  6.9620000e+001  1.4261462e+003  3.4600000e+000
  6.9720000e+001  1.4285385e+003  3.5730000e+000
  6.9820000e+001  1.4312596e+003  3.5070000e+000
  7.0120000e+001  1.4394231e+003  3.3100000e+000
  7.0220000e+001  1.4421442e+003  3.3380000e+000
  7.0420000e+001  1.4475865e+003  3.2560000e+000
  7.0520000e+001  1.4502638e+003  3.7120000e+000
  7.0720000e+001  1.4546200e+003  4.4770000e+000
  7.0820000e+001  1.4567931e+003  4.4440000e+000
  7.0920000e+001  1.4589762e+003  4.3040000e+000
  7.1020000e+001  1.4611492e+003  4.4480000e+000
  7.1220000e+001  1.4655054e+003  4.1140000e+000
  7.1320000e+001  1.4676785e+003  3.9320000e+000
  7.1420000e+001  1.4698615e+003  3.7310000e+000
  7.1520000e+001  1.4720346e+003  3.7870000e+000
  7.1620000e+001  1.4742108e+003  3.4690000e+000
  7.1720000e+001  1.4763908e+003  3.6680000e+000
  7.1820000e+001  1.4786077e+003  3.8010000e+000
  7.1920000e+001  1.4813288e+003  3.3570000e+000
  7.2020000e+001  1.4840500e+003  3.7690000e+000
  7.2120000e+001  1.4867712e+003  3.6430000e+000
  7.2220000e+001  1.4894923e+003  3.4620000e+000
  7.2420000e+001  1.4949346e+003  4.3120000e+000
  7.2520000e+001  1.4972015e+003  4.5400000e+000
  7.2620000e+001  1.4993785e+003  4.5710000e+000
  7.2720000e+001  1.5015515e+003  4.4370000e+000
  7.2820000e+001  1.5037346e+003  4.5330000e+000
  7.2920000e+001  1.5059077e+003  4.4740000e+000
  7.3020000e+001  1.5080831e+003  4.4490000e+000
  7.3120000e+001  1.5103077e+003  4.1840000e+000
  7.3220000e+001  1.5130288e+003  3.8800000e+000
  7.3320000e+001  1.5157500e+003  3.9550000e+000
  7.3420000e+001  1.5184712e+003  3.7890000e+000
  7.3520000e+001  1.5211923e+003  3.6780000e+000
  7.3620000e+001  1.5239135e+003  4.0420000e+000
  7.3720000e+001  1.5266346e+003  3.9640000e+000
  7.3820000e+001  1.5288954e+003  4.6030000e+000
  7.3920000e+001  1.5310738e+003  4.3860000e+000
  7.4020000e+001  1.5332515e+003  4.5650000e+000
  7.4120000e+001  1.5354246e+003  4.5090000e+000
  7.4220000e+001  1.5376077e+003  4.6240000e+000
  7.4320000e+001  1.5397808e+003  4.4770000e+000
  7.4420000e+001  1.5419554e+003  4.4500000e+000
  7.4520000e+001  1.5441369e+003  4.2200000e+000
  7.4620000e+001  1.5463100e+003  4.1720000e+000
  7.4720000e+001  1.5484923e+003  4.0310000e+000
  7.4820000e+001  1.5506662e+003  3.9710000e+000
  7.4920000e+001  1.5528392e+003  3.9590000e+000
  7.5020000e+001  1.5550223e+003  4.0120000e+000
  7.5120000e+001  1.5571954e+003  4.2220000e+000
  7.5220000e+001  1.5593738e+003  4.1200000e+000
  7.5320000e+001  1.5615515e+003  3.8610000e+000
  7.5420000e+001  1.5637246e+003  3.5530000e+000
  7.5520000e+001  1.5659077e+003  3.7720000e+000
  7.5620000e+001  1.5680291e+003  3.9560000e+000
  7.5720000e+001  1.5697714e+003  3.7630000e+000
  7.5820000e+001  1.5715137e+003  3.8840000e+000
  7.5920000e+001  1.5732560e+003  4.4170000e+000
  7.6020000e+001  1.5749983e+003  4.3920000e+000
  7.6120000e+001  1.5767406e+003  4.3290000e+000
  7.6240000e+001  1.5788271e+003  4.0560000e+000
  7.6340000e+001  1.5805655e+003  4.1300000e+000
  7.6440000e+001  1.5825400e+003  3.9830000e+000
  7.6540000e+001  1.5847131e+003  3.9430000e+000
  7.6640000e+001  1.5868862e+003  3.7340000e+000
  7.6840000e+001  1.5912423e+003  4.1140000e+000
  7.6940000e+001  1.5934215e+003  4.0630000e+000
  7.7040000e+001  1.5955985e+003  3.8470000e+000
  7.7140000e+001  1.5977715e+003  3.6530000e+000
  7.7240000e+001  1.5999546e+003  3.5390000e+000
  7.7340000e+001  1.6021277e+003  3.5540000e+000
  7.7440000e+001  1.6043031e+003  3.3500000e+000
  7.7540000e+001  1.6064838e+003  3.8240000e+000
  7.7640000e+001  1.6086569e+003  3.1150000e+000
  7.7840000e+001  1.6130131e+003  3.9210000e+000
  7.7940000e+001  1.6151862e+003  3.7760000e+000
  7.8040000e+001  1.6173692e+003  3.8530000e+000
  7.8140000e+001  1.6195423e+003  3.6510000e+000
  7.8240000e+001  1.6217215e+003  3.6960000e+000
  7.8340000e+001  1.6238985e+003  3.6000000e+000
  7.8440000e+001  1.6262031e+003  3.7560000e+000
  7.8540000e+001  1.6289242e+003  3.6540000e+000
  7.8640000e+001  1.6316454e+003  3.7130000e+000
  7.8740000e+001  1.6343665e+003  3.7070000e+000
  7.8940000e+001  1.6398088e+003  3.5310000e+000
  7.9040000e+001  1.6425300e+003  4.3230000e+000
  7.9140000e+001  1.6447123e+003  4.1540000e+000
  7.9240000e+001  1.6468862e+003  4.1650000e+000
  7.9340000e+001  1.6490592e+003  4.3930000e+000
  7.9480000e+001  1.6521115e+003  4.0840000e+000
  7.9580000e+001  1.6542846e+003  4.1740000e+000
  7.9680000e+001  1.6564677e+003  4.2280000e+000
  7.9780000e+001  1.6586408e+003  4.2830000e+000
  7.9880000e+001  1.6608154e+003  3.9050000e+000
  7.9980000e+001  1.6629969e+003  4.3200000e+000
  8.0080000e+001  1.6651700e+003  4.1470000e+000
  8.0180000e+001  1.6673523e+003  4.2320000e+000
  8.0280000e+001  1.6695262e+003  4.1120000e+000
  8.0380000e+001  1.6716992e+003  3.9950000e+000
  8.0480000e+001  1.6738823e+003  3.7310000e+000
  8.0580000e+001  1.6760554e+003  3.5880000e+000
  8.0680000e+001  1.6782338e+003  3.4260000e+000
  8.0780000e+001  1.6804115e+003  3.7750000e+000
  8.0880000e+001  1.6825846e+003  3.7080000e+000
  8.0980000e+001  1.6847677e+003  3.6750000e+000
  8.1080000e+001  1.6869408e+003  3.7550000e+000
  8.1180000e+001  1.6891154e+003  3.8590000e+000
  8.1280000e+001  1.6912969e+003  3.8500000e+000
  8.1380000e+001  1.6934700e+003  3.7530000e+000
  8.1480000e+001  1.6956523e+003  3.8070000e+000
  8.1580000e+001  1.6978262e+003  3.7920000e+000
  8.1680000e+001  1.6999992e+003  4.3600000e+000
  8.1780000e+001  1.7021823e+003  4.2300000e+000
  8.1880000e+001  1.7043554e+003  4.1270000e+000
  8.1980000e+001  1.7065338e+003  4.0870000e+000
  8.2080000e+001  1.7087115e+003  4.1680000e+000
  8.2180000e+001  1.7108846e+003  3.9580000e+000
  8.2280000e+001  1.7130677e+003  3.7810000e+000
  8.2380000e+001  1.7152408e+003  3.8210000e+000
  8.2480000e+001  1.7174154e+003  3.5610000e+000
  8.2580000e+001  1.7195969e+003  3.5910000e+000
  8.2680000e+001  1.7217700e+003  3.5830000e+000
  8.2780000e+001  1.7239523e+003  3.9340000e+000
  8.2880000e+001  1.7261262e+003  4.0000000e+000
  8.2980000e+001  1.7282992e+003  3.9030000e+000
  8.3080000e+001  1.7304823e+003  3.7600000e+000
  8.3180000e+001  1.7326554e+003  3.9050000e+000
  8.3280000e+001  1.7348338e+003  3.6680000e+000
  8.3380000e+001  1.7370115e+003  3.8140000e+000
  8.3480000e+001  1.7391846e+003  3.4760000e+000
  8.3580000e+001  1.7413677e+003  3.5600000e+000
  8.3680000e+001  1.7438915e+003  3.8450000e+000
  8.3780000e+001  1.7466127e+003  3.6500000e+000
  8.3880000e+001  1.7493338e+003  3.7310000e+000
  8.3980000e+001  1.7520550e+003  3.6610000e+000
  8.4080000e+001  1.7547762e+003  3.7990000e+000
  8.4180000e+001  1.7574973e+003  4.0490000e+000
  8.4280000e+001  1.7602185e+003  3.6240000e+000
  8.4380000e+001  1.7629396e+003  3.4960000e+000
  8.4480000e+001  1.7656608e+003  3.5800000e+000
  8.4580000e+001  1.7683819e+003  3.7400000e+000
  8.4680000e+001  1.7711031e+003  3.3220000e+000
  8.4780000e+001  1.7738242e+003  3.3730000e+000
  8.4880000e+001  1.7765454e+003  3.7050000e+000
  8.4980000e+001  1.7792665e+003  3.8700000e+000
  8.5080000e+001  1.7819877e+003  3.4850000e+000
  8.5180000e+001  1.7847088e+003  3.7370000e+000
  8.5280000e+001  1.7874300e+003  3.8040000e+000
  8.5380000e+001  1.7903338e+003  3.8330000e+000
  8.5480000e+001  1.7932349e+003  3.8400000e+000
  8.5580000e+001  1.7961323e+003  3.9960000e+000
  8.5680000e+001  1.7990354e+003  4.1690000e+000
  8.5780000e+001  1.8019392e+003  4.2100000e+000
  8.5880000e+001  1.8048431e+003  3.9470000e+000
  8.5980000e+001  1.8077469e+003  3.7830000e+000
  8.6080000e+001  1.8106508e+003  4.2150000e+000
  8.6180000e+001  1.8135546e+003  3.9030000e+000
  8.6280000e+001  1.8164544e+003  3.9170000e+000
  8.6380000e+001  1.8193523e+003  3.7130000e+000
  8.6480000e+001  1.8222562e+003  3.7120000e+000
  8.6580000e+001  1.8251600e+003  3.5430000e+000
  8.6680000e+001  1.8280638e+003  3.6690000e+000
  8.6780000e+001  1.8309677e+003  3.3700000e+000
  8.6880000e+001  1.8338715e+003  3.6440000e+000
  8.6980000e+001  1.8367754e+003  3.5760000e+000
  8.7080000e+001  1.8395258e+003  3.6330000e+000
  8.7180000e+001  1.8422469e+003  3.6080000e+000
  8.7280000e+001  1.8449681e+003  3.6500000e+000
  8.7380000e+001  1.8476892e+003  3.4970000e+000
  8.7480000e+001  1.8504104e+003  3.5180000e+000
  8.7580000e+001  1.8531315e+003  3.4010000e+000
  8.7680000e+001  1.8558527e+003  3.7750000e+000
  8.7780000e+001  1.8585738e+003  3.8620000e+000
  8.7880000e+001  1.8612950e+003  4.0510000e+000
  8.7980000e+001  1.8640162e+003  3.9730000e+000
  8.8080000e+001  1.8664962e+003  3.8590000e+000
  8.8180000e+001  1.8684969e+003  3.6380000e+000
  8.8280000e+001  1.8702392e+003  3.7180000e+000
  8.8380000e+001  1.8719815e+003  3.7800000e+000
  8.8480000e+001  1.8736338e+003  3.6150000e+000
  8.8580000e+001  1.8752637e+003  3.7380000e+000
  8.8680000e+001  1.8767677e+003  3.6860000e+000
  8.8780000e+001  1.8781986e+003  3.8500000e+000
  8.8880000e+001  1.8795025e+003  3.7850000e+000
  8.8980000e+001  1.8808063e+003  3.7030000e+000
  8.9080000e+001  1.8821123e+003  3.7000000e+000
  8.9180000e+001  1.8834200e+003  3.7680000e+000
  8.9280000e+001  1.8847277e+003  3.7680000e+000
  8.9380000e+001  1.8860354e+003  3.5280000e+000
  8.9480000e+001  1.8873431e+003  3.6960000e+000
  8.9580000e+001  1.8886494e+003  3.7440000e+000
  8.9680000e+001  1.8899532e+003  3.7090000e+000
  8.9780000e+001  1.8912571e+003  3.5730000e+000
  8.9880000e+001  1.8925638e+003  3.5760000e+000
  8.9920000e+001  1.8930869e+003  3.5070000e+000
  9.0020000e+001  1.8943946e+003  3.6740000e+000
  9.0120000e+001  1.8957002e+003  3.5710000e+000
  9.0220000e+001  1.8970040e+003  3.5690000e+000
  9.0320000e+001  1.8983078e+003  3.7520000e+000
  9.0420000e+001  1.8996154e+003  3.8560000e+000
  9.0520000e+001  1.9009231e+003  3.7680000e+000
  9.0620000e+001  1.9022308e+003  4.0190000e+000
  9.0720000e+001  1.9035385e+003  4.1930000e+000
  9.0820000e+001  1.9048462e+003  4.0580000e+000
  9.0920000e+001  1.9061509e+003  4.2290000e+000
  9.1020000e+001  1.9074548e+003  3.9720000e+000
  9.1120000e+001  1.9087828e+003  4.1590000e+000
  9.1220000e+001  1.9102379e+003  3.8900000e+000
  9.1320000e+001  1.9117979e+003  3.9490000e+000
  9.1420000e+001  1.9134277e+003  3.9750000e+000
  9.1520000e+001  1.9151160e+003  3.7550000e+000
  9.1620000e+001  1.9168583e+003  3.7440000e+000
  9.1720000e+001  1.9186006e+003  3.7560000e+000
  9.1820000e+001  1.9203429e+003  3.7200000e+000
  9.1920000e+001  1.9220852e+003  3.5230000e+000
  9.2020000e+001  1.9239654e+003  3.7250000e+000
  9.2120000e+001  1.9261385e+003  3.6020000e+000
  9.2220000e+001  1.9283215e+003  3.3970000e+000
  9.2320000e+001  1.9304946e+003  3.5020000e+000
  9.2420000e+001  1.9326708e+003  3.5190000e+000
  9.2520000e+001  1.9352015e+003  3.3270000e+000
  9.2620000e+001  1.9379227e+003  3.4110000e+000
  9.2720000e+001  1.9407426e+003  3.4390000e+000
  9.2820000e+001  1.9436400e+003  3.8190000e+000
  9.2920000e+001  1.9465438e+003  3.9630000e+000
  9.3020000e+001  1.9494477e+003  3.8950000e+000
  9.3120000e+001  1.9523515e+003  3.8660000e+000
  9.3220000e+001  1.9552554e+003  3.9040000e+000
  9.3320000e+001  1.9581592e+003  3.8440000e+000
  9.3420000e+001  1.9610631e+003  3.8540000e+000
  9.3520000e+001  1.9639621e+003  3.8260000e+000
  9.3620000e+001  1.9668608e+003  3.7410000e+000
  9.3720000e+001  1.9697646e+003  3.5230000e+000
  9.3820000e+001  1.9726685e+003  3.4240000e+000
  9.3920000e+001  1.9755723e+003  3.3100000e+000
  9.4020000e+001  1.9784762e+003  3.2450000e+000
  9.4120000e+001  1.9813800e+003  3.3380000e+000
  9.4220000e+001  1.9842838e+003  3.3270000e+000
  9.4320000e+001  1.9871815e+003  3.4530000e+000
  9.4420000e+001  1.9900815e+003  3.5340000e+000
  9.4520000e+001  1.9929854e+003  3.4220000e+000
  9.4620000e+001  1.9957358e+003  3.8710000e+000
  9.4720000e+001  1.9984569e+003  4.0640000e+000
  9.4820000e+001  2.0011781e+003  3.8360000e+000
  9.4920000e+001  2.0038992e+003  3.7400000e+000
  9.5020000e+001  2.0066204e+003  3.9030000e+000
  9.5120000e+001  2.0093415e+003  3.7210000e+000
  9.5220000e+001  2.0120627e+003  3.6770000e+000
  9.5320000e+001  2.0147838e+003  4.2270000e+000
  9.5520000e+001  2.0202262e+003  3.4420000e+000
  9.5620000e+001  2.0229473e+003  3.4530000e+000
  9.5720000e+001  2.0256685e+003  3.2760000e+000
  9.5820000e+001  2.0283896e+003  3.1470000e+000
  9.5920000e+001  2.0311108e+003  3.4140000e+000
  9.6020000e+001  2.0336785e+003  3.5100000e+000
  9.6120000e+001  2.0358615e+003  3.5960000e+000
  9.6220000e+001  2.0380346e+003  3.7550000e+000
  9.6320000e+001  2.0402108e+003  3.5410000e+000
  9.6420000e+001  2.0423908e+003  3.6730000e+000
  9.6520000e+001  2.0445638e+003  3.6960000e+000
  9.6620000e+001  2.0467469e+003  4.0030000e+000
  9.6720000e+001  2.0489200e+003  3.8250000e+000
  9.6820000e+001  2.0510931e+003  3.1410000e+000
  9.6920000e+001  2.0532762e+003  3.6220000e+000
  9.7020000e+001  2.0552769e+003  3.6530000e+000
  9.7120000e+001  2.0570192e+003  3.6810000e+000
  9.7220000e+001  2.0587615e+003  3.4720000e+000
  9.7320000e+001  2.0605038e+003  3.8320000e+000
  9.7420000e+001  2.0622462e+003  3.9600000e+000
  9.7520000e+001  2.0639877e+003  3.9640000e+000
  9.7620000e+001  2.0657262e+003  4.1450000e+000
  9.7720000e+001  2.0674646e+003  4.2260000e+000
  9.7820000e+001  2.0692054e+003  4.1450000e+000
  9.7920000e+001  2.0709477e+003  4.0930000e+000
  9.8020000e+001  2.0726900e+003  4.2580000e+000
  9.8120000e+001  2.0748723e+003  4.3140000e+000
  9.8300000e+001  2.0787846e+003  3.9610000e+000
  9.8400000e+001  2.0809677e+003  4.1600000e+000
  9.8500000e+001  2.0831408e+003  4.1230000e+000
  9.8600000e+001  2.0853154e+003  3.7840000e+000
  9.8700000e+001  2.0874969e+003  4.0200000e+000
  9.8800000e+001  2.0896700e+003  3.7660000e+000
  9.8900000e+001  2.0918523e+003  3.8080000e+000
  9.9000000e+001  2.0940262e+003  3.7500000e+000
  9.9100000e+001  2.0961992e+003  3.5630000e+000
  9.9200000e+001  2.0983823e+003  3.4840000e+000
  9.9300000e+001  2.1005554e+003  3.6890000e+000
  9.9400000e+001  2.1027338e+003  3.6340000e+000
  9.9500000e+001  2.1049115e+003  3.7320000e+000
  9.9600000e+001  2.1070846e+003  3.6510000e+000
  9.9700000e+001  2.1092677e+003  3.6290000e+000
  9.9800000e+001  2.1114408e+003  3.4910000e+000
  9.9900000e+001  2.1136577e+003  3.6220000e+000
  1.0000000e+002  2.1163788e+003  3.8220000e+000
  1.0010000e+002  2.1191000e+003  3.5040000e+000
  1.0020000e+002  2.1218212e+003  3.7240000e+000
  1.0030000e+002  2.1245423e+003  3.8530000e+000
  1.0040000e+002  2.1272635e+003  3.6700000e+000
  1.0050000e+002  2.1299846e+003  3.3970000e+000
  1.0060000e+002  2.1327058e+003  3.4460000e+000
  1.0070000e+002  2.1354269e+003  3.5280000e+000
  1.0080000e+002  2.1381481e+003  3.4920000e+000
  1.0090000e+002  2.1408692e+003  3.5280000e+000
  1.0100000e+002  2.1432277e+003  3.8540000e+000
  1.0110000e+002  2.1454008e+003  3.8360000e+000
  1.0120000e+002  2.1475754e+003  3.9590000e+000
  1.0130000e+002  2.1497569e+003  4.3800000e+000
  1.0140000e+002  2.1519300e+003  4.1550000e+000
  1.0150000e+002  2.1541123e+003  4.3880000e+000
  1.0160000e+002  2.1562862e+003  4.2320000e+000
  1.0170000e+002  2.1584592e+003  4.2490000e+000
  1.0180000e+002  2.1606423e+003  4.1800000e+000
  1.0190000e+002  2.1628154e+003  4.1580000e+000
  1.0200000e+002  2.1649938e+003  4.2630000e+000
  1.0210000e+002  2.1671715e+003  4.0300000e+000
  1.0220000e+002  2.1693446e+003  3.9180000e+000
  1.0230000e+002  2.1715277e+003  3.7350000e+000
  1.0240000e+002  2.1737008e+003  3.9080000e+000
  1.0250000e+002  2.1758754e+003  3.6270000e+000
  1.0260000e+002  2.1780569e+003  3.5480000e+000
  1.0270000e+002  2.1802300e+003  3.3370000e+000
  1.0280000e+002  2.1824123e+003  3.6580000e+000
  1.0290000e+002  2.1845862e+003  3.5010000e+000
  1.0300000e+002  2.1867592e+003  3.6920000e+000
  1.0310000e+002  2.1889423e+003  3.5770000e+000
  1.0320000e+002  2.1911154e+003  3.7570000e+000
  1.0330000e+002  2.1932938e+003  3.9900000e+000
  1.0340000e+002  2.1954715e+003  4.0010000e+000
  1.0350000e+002  2.1976446e+003  3.9930000e+000
  1.0360000e+002  2.1999154e+003  3.7270000e+000
  1.0370000e+002  2.2026365e+003  3.8900000e+000
  1.0390000e+002  2.2080788e+003  3.5990000e+000
  1.0400000e+002  2.2108000e+003  3.4870000e+000
  1.0410000e+002  2.2135212e+003  3.5700000e+000
  1.0420000e+002  2.2162423e+003  3.5890000e+000
  1.0430000e+002  2.2189635e+003  3.6000000e+000
  1.0440000e+002  2.2216846e+003  3.3340000e+000
  1.0450000e+002  2.2244058e+003  3.3470000e+000
  1.0460000e+002  2.2271269e+003  3.4710000e+000
  1.0470000e+002  2.2298481e+003  3.3070000e+000
  1.0480000e+002  2.2325692e+003  3.5330000e+000
  1.0490000e+002  2.2352904e+003  3.4630000e+000
  1.0508000e+002  2.2401885e+003  4.0990000e+000
  1.0518000e+002  2.2429096e+003  3.9660000e+000
  1.0528000e+002  2.2456308e+003  3.7690000e+000
  1.0538000e+002  2.2483519e+003  3.6760000e+000
  1.0548000e+002  2.2510731e+003  3.7650000e+000
  1.0568000e+002  2.2565154e+003  3.4360000e+000
  1.0578000e+002  2.2592365e+003  3.3060000e+000
  1.0588000e+002  2.2619577e+003  3.3980000e+000
  1.0648000e+002  2.2772323e+003  4.0780000e+000
  1.0658000e+002  2.2794154e+003  4.1150000e+000
  1.0668000e+002  2.2815885e+003  4.2280000e+000
  1.0678000e+002  2.2837662e+003  4.0210000e+000
  1.0688000e+002  2.2859446e+003  3.9610000e+000
  1.0698000e+002  2.2881177e+003  3.8250000e+000
  1.0708000e+002  2.2903008e+003  3.5580000e+000
  1.0718000e+002  2.2924738e+003  3.5450000e+000
  1.0728000e+002  2.2946477e+003  3.4970000e+000
  1.0738000e+002  2.2968300e+003  3.4420000e+000
  1.0748000e+002  2.2995512e+003  3.3700000e+000
  1.0758000e+002  2.3022723e+003  3.3860000e+000
  1.0768000e+002  2.3049935e+003  3.5260000e+000
  1.0778000e+002  2.3077146e+003  3.7140000e+000
  1.0788000e+002  2.3104358e+003  3.7370000e+000
  1.0798000e+002  2.3131569e+003  3.8780000e+000
  1.0808000e+002  2.3158781e+003  3.8170000e+000
  1.0818000e+002  2.3185992e+003  3.7860000e+000
  1.0828000e+002  2.3213204e+003  3.8030000e+000
  1.0838000e+002  2.3240415e+003  3.5910000e+000
  1.0848000e+002  2.3267627e+003  3.9600000e+000
  1.0858000e+002  2.3294838e+003  3.9170000e+000
  1.0868000e+002  2.3322050e+003  3.6560000e+000
  1.0888000e+002  2.3376473e+003  3.3130000e+000
  1.0898000e+002  2.3403685e+003  3.1500000e+000
  1.0904000e+002  2.3420012e+003  3.1510000e+000
  1.0918000e+002  2.3458108e+003  3.1650000e+000
  1.0928000e+002  2.3485319e+003  3.3120000e+000
  1.0938000e+002  2.3512531e+003  3.4300000e+000
  1.0948000e+002  2.3539742e+003  3.9330000e+000
  1.0958000e+002  2.3566954e+003  3.9410000e+000
  1.0970000e+002  2.3597854e+003  3.9670000e+000
  1.0978000e+002  2.3615238e+003  3.5830000e+000
  1.0988000e+002  2.3637069e+003  3.7450000e+000
  1.0998000e+002  2.3658800e+003  3.6940000e+000
  1.1008000e+002  2.3680531e+003  3.6980000e+000
  1.1018000e+002  2.3702362e+003  3.7400000e+000
  1.1038000e+002  2.3745892e+003  3.4770000e+000
  1.1048000e+002  2.3767654e+003  3.3090000e+000
  1.1058000e+002  2.3789385e+003  2.9940000e+000
  1.1068000e+002  2.3811215e+003  3.2980000e+000
  1.1078000e+002  2.3832946e+003  2.7270000e+000
  1.1088000e+002  2.3854708e+003  2.9960000e+000
  1.1098000e+002  2.3876508e+003  3.1940000e+000
  1.1108000e+002  2.3898238e+003  3.6640000e+000
  1.1114000e+002  2.3911308e+003  4.0660000e+000
  1.1124000e+002  2.3936615e+003  3.9140000e+000
  1.1128000e+002  2.3947500e+003  3.2710000e+000
  1.1134000e+002  2.3963827e+003  3.8660000e+000
  1.1138000e+002  2.3974712e+003  3.5360000e+000
  1.1144000e+002  2.3991038e+003  3.7620000e+000
  1.1154000e+002  2.4018250e+003  3.9010000e+000
  1.1164000e+002  2.4046308e+003  3.8710000e+000
  1.1174000e+002  2.4075282e+003  3.8240000e+000
  1.1188000e+002  2.4121759e+003  3.2240000e+000
  1.1194000e+002  2.4143528e+003  3.5110000e+000
  1.1198000e+002  2.4158041e+003  3.4300000e+000
  1.1204000e+002  2.4179810e+003  3.4260000e+000
  1.1218000e+002  2.4230605e+003  3.7410000e+000
  1.1224000e+002  2.4252374e+003  3.5330000e+000
  1.1228000e+002  2.4266887e+003  3.9120000e+000
  1.1234000e+002  2.4288656e+003  3.2310000e+000
  1.1238000e+002  2.4303169e+003  4.0580000e+000
  1.1248000e+002  2.4339451e+003  4.0050000e+000
  1.1254000e+002  2.4361221e+003  4.3310000e+000
  1.1258000e+002  2.4375733e+003  4.2130000e+000
  1.1264000e+002  2.4397215e+003  3.8390000e+000
  1.1270000e+002  2.4416831e+003  3.9490000e+000
  1.1278000e+002  2.4442942e+003  3.9850000e+000
  1.1284000e+002  2.4462500e+003  3.7410000e+000
  1.1298000e+002  2.4506954e+003  4.0330000e+000
  1.1304000e+002  2.4524377e+003  3.5800000e+000
  1.1308000e+002  2.4535992e+003  3.8240000e+000
  1.1314000e+002  2.4553390e+003  3.5120000e+000
  1.1318000e+002  2.4564979e+003  3.6160000e+000
  1.1324000e+002  2.4582364e+003  3.5340000e+000
  1.1328000e+002  2.4593969e+003  3.7900000e+000
  1.1334000e+002  2.4611392e+003  3.3680000e+000
  1.1344000e+002  2.4639919e+003  3.3080000e+000
  1.1348000e+002  2.4650804e+003  3.5670000e+000
  1.1354000e+002  2.4667131e+003  3.5220000e+000
  1.1358000e+002  2.4678015e+003  3.2250000e+000
  1.1364000e+002  2.4693246e+003  3.6880000e+000
  1.1368000e+002  2.4701594e+003  3.1710000e+000
  1.1384000e+002  2.4729471e+003  4.3300000e+000
  1.1394000e+002  2.4746808e+003  4.2970000e+000
  1.1396000e+002  2.4750077e+003  3.7930000e+000
  1.1404000e+002  2.4763154e+003  4.3260000e+000
  1.1406000e+002  2.4766423e+003  3.5940000e+000
  1.1414000e+002  2.4779500e+003  3.3600000e+000
  1.1424000e+002  2.4795798e+003  3.7350000e+000
  1.1434000e+002  2.4812096e+003  4.0630000e+000
  1.1444000e+002  2.4828438e+003  4.1470000e+000
  1.1454000e+002  2.4844785e+003  3.8050000e+000
  1.1464000e+002  2.4861131e+003  4.2120000e+000
  1.1474000e+002  2.4877477e+003  4.3100000e+000
  1.1484000e+002  2.4894612e+003  4.2220000e+000
  1.1494000e+002  2.4911997e+003  3.0780000e+000
  1.1504000e+002  2.4929388e+003  3.4560000e+000
  1.1524000e+002  2.4964234e+003  3.4980000e+000
  1.1534000e+002  2.4981657e+003  3.5070000e+000
  1.1544000e+002  2.4999080e+003  2.9640000e+000
  1.1564000e+002  2.5033926e+003  3.3900000e+000
  1.1574000e+002  2.5051349e+003  3.6160000e+000
  1.1584000e+002  2.5068772e+003  3.6860000e+000
  1.1594000e+002  2.5086195e+003  3.1270000e+000
  1.1604000e+002  2.5103618e+003  3.7670000e+000
  1.1614000e+002  2.5121012e+003  4.2220000e+000
  1.1624000e+002  2.5138397e+003  4.1750000e+000
  1.1634000e+002  2.5155788e+003  4.1830000e+000
  1.1644000e+002  2.5173211e+003  4.2000000e+000
  1.1654000e+002  2.5190634e+003  4.1730000e+000
  1.1664000e+002  2.5208057e+003  4.1780000e+000
  1.1674000e+002  2.5225480e+003  4.2270000e+000
  1.1684000e+002  2.5242903e+003  4.0770000e+000
  1.1694000e+002  2.5260326e+003  3.9530000e+000
  1.1704000e+002  2.5277749e+003  4.0870000e+000
  1.1714000e+002  2.5295172e+003  4.0730000e+000
  1.1724000e+002  2.5312595e+003  4.0250000e+000
  1.1734000e+002  2.5330018e+003  3.8650000e+000
  1.1744000e+002  2.5347412e+003  3.6550000e+000
  1.1754000e+002  2.5364797e+003  3.8490000e+000
  1.1764000e+002  2.5382188e+003  3.5350000e+000
  1.1784000e+002  2.5417034e+003  3.7190000e+000
  1.1804000e+002  2.5461550e+003  3.1840000e+000
  1.1814000e+002  2.5488762e+003  3.1740000e+000
  1.1824000e+002  2.5515973e+003  3.0300000e+000
  1.1834000e+002  2.5543185e+003  3.3750000e+000
  1.1844000e+002  2.5570396e+003  3.5290000e+000
  1.1854000e+002  2.5597608e+003  3.5910000e+000
  1.1864000e+002  2.5624819e+003  3.4580000e+000
  1.1870000e+002  2.5641146e+003  3.5280000e+000
  1.1880000e+002  2.5668358e+003  3.5470000e+000
  1.1890000e+002  2.5695569e+003  3.5100000e+000
  1.1900000e+002  2.5722781e+003  3.1520000e+000
  1.1930000e+002  2.5789608e+003  2.7370000e+000
  1.1940000e+002  2.5811338e+003  3.2380000e+000
  1.1950000e+002  2.5833077e+003  3.3060000e+000
  1.1960000e+002  2.5854900e+003  3.2500000e+000
  1.1980000e+002  2.5898446e+003  3.2680000e+000
  1.1990000e+002  2.5920192e+003  2.7650000e+000
  1.2000000e+002  2.5941923e+003  3.2080000e+000
  1.2010000e+002  2.5963754e+003  3.5720000e+000
  1.2020000e+002  2.5985485e+003  3.7870000e+000
  1.2030000e+002  2.6007262e+003  3.8130000e+000
  1.2040000e+002  2.6029046e+003  3.8140000e+000
  1.2050000e+002  2.6050777e+003  4.0250000e+000
  1.2060000e+002  2.6072608e+003  3.8720000e+000
  1.2070000e+002  2.6094338e+003  3.8310000e+000
  1.2080000e+002  2.6116077e+003  3.7550000e+000
  1.2090000e+002  2.6137900e+003  3.6300000e+000
  1.2100000e+002  2.6159631e+003  3.3040000e+000
  1.2110000e+002  2.6181446e+003  3.4000000e+000
  1.2120000e+002  2.6203192e+003  3.2210000e+000
  1.2130000e+002  2.6224923e+003  3.3090000e+000
  1.2140000e+002  2.6246754e+003  3.1780000e+000
  1.2150000e+002  2.6268485e+003  3.1380000e+000
  1.2160000e+002  2.6290262e+003  3.1950000e+000
  1.2170000e+002  2.6312046e+003  3.2760000e+000
  1.2180000e+002  2.6333777e+003  3.4190000e+000
  1.2190000e+002  2.6355608e+003  3.4980000e+000
  1.2200000e+002  2.6377338e+003  3.4620000e+000
  1.2210000e+002  2.6399077e+003  3.5560000e+000
  1.2220000e+002  2.6420900e+003  3.6310000e+000
  1.2230000e+002  2.6442631e+003  3.7170000e+000
  1.2240000e+002  2.6464446e+003  3.8030000e+000
  1.2250000e+002  2.6486192e+003  3.7780000e+000
  1.2260000e+002  2.6507923e+003  3.7940000e+000
  1.2270000e+002  2.6529754e+003  3.4200000e+000
  1.2280000e+002  2.6551485e+003  3.3850000e+000
  1.2290000e+002  2.6573262e+003  3.2470000e+000
  1.2300000e+002  2.6595046e+003  3.3720000e+000
  1.2310000e+002  2.6616777e+003  2.9920000e+000
  1.2320000e+002  2.6638608e+003  3.0670000e+000
  1.2340000e+002  2.6682077e+003  3.2610000e+000
  1.2350000e+002  2.6703900e+003  3.0730000e+000
  1.2360000e+002  2.6725631e+003  3.1950000e+000
  1.2370000e+002  2.6747446e+003  3.2510000e+000
  1.2400000e+002  2.6812754e+003  3.4070000e+000
  1.2410000e+002  2.6834485e+003  3.8510000e+000
  1.2420000e+002  2.6856262e+003  3.7780000e+000
  1.2430000e+002  2.6878046e+003  3.8330000e+000
  1.2440000e+002  2.6899777e+003  3.7720000e+000
  1.2450000e+002  2.6921608e+003  3.7100000e+000
  1.2460000e+002  2.6943338e+003  3.7100000e+000
  1.2470000e+002  2.6965077e+003  3.5060000e+000
  1.2480000e+002  2.6986900e+003  3.5720000e+000
  1.2490000e+002  2.7008631e+003  3.5960000e+000
  1.2500000e+002  2.7030446e+003  3.5150000e+000
  1.2510000e+002  2.7052192e+003  3.6550000e+000
  1.2520000e+002  2.7073923e+003  3.5090000e+000
  1.2530000e+002  2.7095754e+003  3.8330000e+000
  1.2540000e+002  2.7117485e+003  3.7740000e+000
  1.2546000e+002  2.7130523e+003  3.8390000e+000
  1.2550000e+002  2.7139262e+003  3.9010000e+000
  1.2556000e+002  2.7152354e+003  3.7140000e+000
  1.2560000e+002  2.7161046e+003  3.9020000e+000
  1.2566000e+002  2.7174085e+003  3.7140000e+000
  1.2570000e+002  2.7182777e+003  3.8720000e+000
  1.2576000e+002  2.7195862e+003  3.6350000e+000
  1.2580000e+002  2.7204608e+003  3.8630000e+000
  1.2586000e+002  2.7217646e+003  3.5760000e+000
  1.2590000e+002  2.7226338e+003  3.8230000e+000
  1.2596000e+002  2.7239377e+003  3.5930000e+000
  1.2600000e+002  2.7248077e+003  3.8950000e+000
  1.2606000e+002  2.7261208e+003  3.3990000e+000
  1.2610000e+002  2.7269900e+003  3.6900000e+000
  1.2616000e+002  2.7282938e+003  3.2950000e+000
  1.2620000e+002  2.7291631e+003  3.6520000e+000
  1.2626000e+002  2.7304677e+003  3.2490000e+000
  1.2630000e+002  2.7313446e+003  3.4970000e+000
  1.2636000e+002  2.7326500e+003  3.1680000e+000
  1.2646000e+002  2.7348231e+003  3.1610000e+000
  1.2656000e+002  2.7370046e+003  3.2200000e+000
  1.2666000e+002  2.7391792e+003  3.2100000e+000
  1.2676000e+002  2.7418346e+003  3.1160000e+000
  1.2686000e+002  2.7445558e+003  3.2300000e+000
  1.2696000e+002  2.7472769e+003  3.1970000e+000
  1.2706000e+002  2.7499981e+003  3.2810000e+000
  1.2716000e+002  2.7527192e+003  3.2170000e+000
  1.2726000e+002  2.7554404e+003  3.4920000e+000
  1.2736000e+002  2.7581615e+003  3.4350000e+000
  1.2746000e+002  2.7608827e+003  3.3540000e+000
  1.2756000e+002  2.7636038e+003  3.1870000e+000
  1.2766000e+002  2.7663250e+003  3.2400000e+000
  1.2776000e+002  2.7690462e+003  3.2310000e+000
  1.2786000e+002  2.7717673e+003  3.0700000e+000
  1.2796000e+002  2.7744885e+003  3.1520000e+000
  1.2806000e+002  2.7772096e+003  3.1590000e+000
  1.2816000e+002  2.7799308e+003  3.2050000e+000
  1.2826000e+002  2.7826519e+003  3.0600000e+000
  1.2836000e+002  2.7853731e+003  3.2110000e+000
  1.2906000e+002  2.8044212e+003  3.2790000e+000
  1.2916000e+002  2.8071423e+003  3.7260000e+000
  1.2926000e+002  2.8098635e+003  3.6810000e+000
  1.2936000e+002  2.8125846e+003  3.6220000e+000
  1.2946000e+002  2.8153058e+003  3.5190000e+000
  1.2956000e+002  2.8180269e+003  3.5940000e+000
  1.2966000e+002  2.8207481e+003  3.4500000e+000
  1.2976000e+002  2.8234692e+003  3.1910000e+000
  1.2986000e+002  2.8261904e+003  3.3720000e+000
  1.2996000e+002  2.8289115e+003  3.1200000e+000
  1.3006000e+002  2.8317526e+003  3.2150000e+000
  1.3026000e+002  2.8375947e+003  2.8390000e+000
  1.3036000e+002  2.8405158e+003  3.1890000e+000
  1.3046000e+002  2.8434680e+003  3.2240000e+000
  1.3056000e+002  2.8471310e+003  3.3910000e+000
  1.3066000e+002  2.8507940e+003  3.4220000e+000
  1.3076000e+002  2.8544200e+003  3.5140000e+000
  1.3086000e+002  2.8580830e+003  3.4840000e+000
  1.3096000e+002  2.8617460e+003  3.5240000e+000
  1.3106000e+002  2.8654090e+003  3.4270000e+000
  1.3116000e+002  2.8699327e+003  2.9270000e+000
  1.3126000e+002  2.8744819e+003  2.9910000e+000
  1.3136000e+002  2.8790510e+003  2.9890000e+000
  1.3146000e+002  2.8836257e+003  3.0020000e+000
  1.3156000e+002  2.8881787e+003  3.2750000e+000
  1.3166000e+002  2.8927655e+003  3.3110000e+000
  1.3176000e+002  2.8973188e+003  3.2880000e+000
  1.3186000e+002  2.9018931e+003  3.0130000e+000
  1.3196000e+002  2.9064626e+003  3.4490000e+000
  1.3206000e+002  2.9110208e+003  3.4090000e+000
  1.3216000e+002  2.9156065e+003  3.5630000e+000
  1.3226000e+002  2.9201557e+003  3.5330000e+000
  1.3236000e+002  2.9247353e+003  3.2950000e+000
  1.3246000e+002  2.9292995e+003  3.3080000e+000
  1.3256000e+002  2.9338630e+003  3.2480000e+000
  1.3266000e+002  2.9384434e+003  3.1150000e+000
  1.3276000e+002  2.9429925e+003  3.1340000e+000
  1.3286000e+002  2.9475417e+003  3.2300000e+000
  1.3296000e+002  2.9521183e+003  3.2960000e+000
  1.3306000e+002  2.9566856e+003  3.3090000e+000
  1.3316000e+002  2.9612460e+003  3.3850000e+000
  1.3326000e+002  2.9658294e+003  3.3180000e+000
  1.3336000e+002  2.9703786e+003  3.4920000e+000
  1.3346000e+002  2.9749605e+003  3.5380000e+000
  1.3356000e+002  2.9795225e+003  3.5200000e+000
  1.3366000e+002  2.9840882e+003  3.4580000e+000
  1.3376000e+002  2.9886663e+003  3.4550000e+000
  1.3386000e+002  2.9932159e+003  3.3370000e+000
  1.3396000e+002  2.9978026e+003  3.5240000e+000
  1.3406000e+002  3.0023593e+003  3.4990000e+000
  1.3416000e+002  3.0069085e+003  3.4550000e+000
  1.3426000e+002  3.0114712e+003  3.4540000e+000
  1.3436000e+002  3.0160524e+003  3.3510000e+000
  1.3446000e+002  3.0206016e+003  3.2130000e+000
  1.3456000e+002  3.0243240e+003  3.1660000e+000
  1.3466000e+002  3.0279870e+003  3.2380000e+000
  1.3476000e+002  3.0316500e+003  3.2060000e+000
  1.3486000e+002  3.0352784e+003  3.1990000e+000
  1.3496000e+002  3.0389390e+003  3.3700000e+000
  1.3506000e+002  3.0426020e+003  3.3020000e+000
  1.3516000e+002  3.0460703e+003  3.3180000e+000
  1.3526000e+002  3.0489913e+003  3.2920000e+000
  1.3536000e+002  3.0519124e+003  3.2280000e+000
  1.3556000e+002  3.0577545e+003  3.1150000e+000
  1.3566000e+002  3.0606755e+003  3.1610000e+000
  1.3576000e+002  3.0635966e+003  2.6940000e+000
  1.3586000e+002  3.0665176e+003  3.1000000e+000
  1.3596000e+002  3.0694387e+003  2.9750000e+000
  1.3606000e+002  3.0723597e+003  3.0400000e+000
  1.3616000e+002  3.0752808e+003  3.0680000e+000
  1.3626000e+002  3.0782136e+003  3.2240000e+000
  1.3636000e+002  3.0811521e+003  3.1240000e+000
  1.3646000e+002  3.0840732e+003  3.1900000e+000
  1.3656000e+002  3.0869942e+003  3.1370000e+000
  1.3666000e+002  3.0899153e+003  3.2760000e+000
  1.3676000e+002  3.0928363e+003  3.1850000e+000
  1.3686000e+002  3.0957574e+003  3.2790000e+000
  1.3696000e+002  3.0986784e+003  3.2400000e+000
  1.3706000e+002  3.1015995e+003  3.3290000e+000
  1.3716000e+002  3.1045205e+003  3.2040000e+000
  1.3726000e+002  3.1074416e+003  2.8440000e+000
  1.3736000e+002  3.1103626e+003  3.2490000e+000
  1.3746000e+002  3.1132837e+003  3.2050000e+000
  1.3756000e+002  3.1162047e+003  3.3360000e+000
  1.3766000e+002  3.1191258e+003  3.3130000e+000
  1.3776000e+002  3.1220468e+003  3.2670000e+000
  1.3786000e+002  3.1249679e+003  3.3290000e+000
  1.3796000e+002  3.1278889e+003  3.4200000e+000
  1.3812000e+002  3.1325626e+003  3.2790000e+000
  1.3822000e+002  3.1354926e+003  3.5220000e+000
  1.3832000e+002  3.1384330e+003  3.5160000e+000
  1.3842000e+002  3.1413550e+003  3.2630000e+000
  1.3852000e+002  3.1442761e+003  3.1220000e+000
  1.3882000e+002  3.1530392e+003  2.9150000e+000
  1.3892000e+002  3.1559603e+003  2.6420000e+000
  1.3902000e+002  3.1588813e+003  2.9170000e+000
  1.3912000e+002  3.1618024e+003  2.9470000e+000
  1.3922000e+002  3.1647234e+003  3.1540000e+000
  1.3932000e+002  3.1676445e+003  3.1810000e+000
  1.3942000e+002  3.1705655e+003  3.1730000e+000
  1.3952000e+002  3.1734866e+003  3.0800000e+000
  1.3962000e+002  3.1764076e+003  2.9060000e+000
  1.3972000e+002  3.1793287e+003  3.1830000e+000
  1.3982000e+002  3.1822497e+003  3.1730000e+000
  1.3992000e+002  3.1851708e+003  3.2010000e+000
  1.4002000e+002  3.1880918e+003  3.2150000e+000
  1.4012000e+002  3.1910129e+003  3.0560000e+000
  1.4022000e+002  3.1939339e+003  3.0630000e+000
  1.4032000e+002  3.1968587e+003  3.1060000e+000
  1.4042000e+002  3.1997991e+003  3.2220000e+000
  1.4052000e+002  3.2027263e+003  3.1940000e+000
  1.4062000e+002  3.2056474e+003  3.1140000e+000
  1.4072000e+002  3.2085684e+003  2.9630000e+000
  1.4082000e+002  3.2114895e+003  3.1370000e+000
  1.4092000e+002  3.2144105e+003  3.1120000e+000
  1.4102000e+002  3.2173316e+003  2.4580000e+000
  1.4112000e+002  3.2202526e+003  3.0630000e+000
  1.4122000e+002  3.2231737e+003  3.0480000e+000
  1.4132000e+002  3.2260947e+003  3.0360000e+000
  1.4142000e+002  3.2290158e+003  3.1040000e+000
  1.4162000e+002  3.2348579e+003  3.2280000e+000
  1.4172000e+002  3.2377789e+003  3.0700000e+000
  1.4182000e+002  3.2407000e+003  3.1040000e+000
  1.4202000e+002  3.2465421e+003  3.1670000e+000
  1.4232000e+002  3.2553138e+003  3.1400000e+000
  1.4242000e+002  3.2582542e+003  3.7690000e+000
  1.4252000e+002  3.2609984e+003  2.8490000e+000
  1.4272000e+002  3.2664685e+003  3.5280000e+000
  1.4282000e+002  3.2691331e+003  3.3710000e+000
  1.4302000e+002  3.2736714e+003  3.1960000e+000
  1.4312000e+002  3.2758622e+003  3.1650000e+000
  1.4332000e+002  3.2802437e+003  3.1720000e+000
  1.4364000e+002  3.2872543e+003  3.5800000e+000
  1.4374000e+002  3.2894451e+003  3.5350000e+000
  1.4394000e+002  3.2938266e+003  3.8060000e+000
  1.4404000e+002  3.2960174e+003  3.6380000e+000
  1.4414000e+002  3.2982082e+003  3.7270000e+000
  1.4424000e+002  3.3003990e+003  3.6100000e+000
  1.4434000e+002  3.3026027e+003  3.5980000e+000
  1.4444000e+002  3.3048025e+003  3.4280000e+000
  1.4454000e+002  3.3069933e+003  3.6050000e+000
  1.4464000e+002  3.3091841e+003  3.5080000e+000
  1.4474000e+002  3.3113749e+003  3.4200000e+000
  1.4494000e+002  3.3157564e+003  2.9370000e+000
  1.4504000e+002  3.3179472e+003  3.0660000e+000
  1.4524000e+002  3.3225229e+003  3.0750000e+000
  1.4544000e+002  3.3279588e+003  3.2060000e+000
  1.4554000e+002  3.3307010e+003  3.1930000e+000
  1.4564000e+002  3.3334355e+003  3.3700000e+000
  1.4574000e+002  3.3361873e+003  3.1500000e+000
  1.4584000e+002  3.3389168e+003  3.1830000e+000
  1.4594000e+002  3.3416463e+003  2.8840000e+000
  1.4604000e+002  3.3443887e+003  3.2650000e+000
  1.4614000e+002  3.3471326e+003  3.3320000e+000
  1.4624000e+002  3.3498653e+003  3.0590000e+000
  1.4646000e+002  3.3558943e+003  3.1070000e+000
  1.4656000e+002  3.3586444e+003  3.0490000e+000
  1.4666000e+002  3.3613807e+003  2.9520000e+000
  1.4676000e+002  3.3641210e+003  3.0400000e+000
  1.4686000e+002  3.3668670e+003  2.9280000e+000
  1.4696000e+002  3.3695976e+003  2.8880000e+000
  1.4706000e+002  3.3723497e+003  3.0930000e+000
  1.4716000e+002  3.3750828e+003  3.3530000e+000
  1.4726000e+002  3.3778263e+003  3.1350000e+000
  1.4736000e+002  3.3805691e+003  3.3170000e+000
  1.4746000e+002  3.3832986e+003  3.3600000e+000
  1.4756000e+002  3.3860281e+003  3.3820000e+000
  1.4766000e+002  3.3887795e+003  3.2460000e+000
  1.4776000e+002  3.3915144e+003  3.1740000e+000
  1.4786000e+002  3.3942561e+003  3.0000000e+000
  1.4796000e+002  3.3970007e+003  3.0670000e+000
  1.4806000e+002  3.3997327e+003  2.8290000e+000
  1.4816000e+002  3.4024848e+003  3.0450000e+000
  1.4826000e+002  3.4052166e+003  3.1670000e+000
  1.4836000e+002  3.4079614e+003  2.9920000e+000
  1.4846000e+002  3.4107029e+003  3.1260000e+000
  1.4856000e+002  3.4134380e+003  2.8950000e+000
  1.4866000e+002  3.4161892e+003  2.8930000e+000
  1.4876000e+002  3.4189187e+003  2.7790000e+000
  1.4886000e+002  3.4216667e+003  3.0370000e+000
  1.4896000e+002  3.4244050e+003  2.9510000e+000
  1.4906000e+002  3.4271345e+003  3.1040000e+000
  1.4916000e+002  3.4298679e+003  3.0700000e+000
  1.4928000e+002  3.4331667e+003  2.9160000e+000
  1.4948000e+002  3.4386469e+003  2.9130000e+000
  1.4958000e+002  3.4413825e+003  2.8930000e+000
  1.4968000e+002  3.4441236e+003  2.9330000e+000
  1.4978000e+002  3.4468689e+003  2.9490000e+000
  1.4988000e+002  3.4496002e+003  3.0120000e+000
  1.4998000e+002  3.4523522e+003  2.8670000e+000
  1.5008000e+002  3.4550847e+003  2.7930000e+000
  1.5018000e+002  3.4578288e+003  2.9340000e+000
  1.5028000e+002  3.4605710e+003  3.2940000e+000
  1.5038000e+002  3.4633055e+003  3.1950000e+000
  1.5048000e+002  3.4660573e+003  3.0900000e+000
  1.5058000e+002  3.4687868e+003  3.1360000e+000
  1.5068000e+002  3.4712873e+003  2.9420000e+000
  1.5078000e+002  3.4735079e+003  2.8880000e+000
  1.5098000e+002  3.4778895e+003  2.8870000e+000
  1.5108000e+002  3.4800803e+003  2.7710000e+000
  1.5118000e+002  3.4822711e+003  2.8950000e+000
  1.5128000e+002  3.4844618e+003  2.9780000e+000
  1.5138000e+002  3.4866526e+003  2.9890000e+000
  1.5148000e+002  3.4888434e+003  2.9790000e+000
  1.5158000e+002  3.4910342e+003  3.0270000e+000
  1.5168000e+002  3.4932250e+003  2.8560000e+000
  1.5178000e+002  3.4954158e+003  3.1130000e+000
  1.5188000e+002  3.4976066e+003  2.9710000e+000
  1.5198000e+002  3.4997974e+003  2.8640000e+000
  1.5208000e+002  3.5019911e+003  2.8670000e+000
  1.5218000e+002  3.5041964e+003  2.7640000e+000
  1.5228000e+002  3.5063916e+003  2.5480000e+000
  1.5238000e+002  3.5085824e+003  2.6380000e+000
  1.5248000e+002  3.5107732e+003  2.7330000e+000
  1.5258000e+002  3.5129640e+003  2.7960000e+000
  1.5268000e+002  3.5151871e+003  2.9080000e+000
  1.5278000e+002  3.5176905e+003  3.1470000e+000
  1.5288000e+002  3.5204200e+003  3.0130000e+000
  1.5298000e+002  3.5231721e+003  2.8120000e+000
  1.5308000e+002  3.5259063e+003  3.2400000e+000
  1.5318000e+002  3.5286358e+003  2.9850000e+000
  1.5328000e+002  3.5313732e+003  2.8180000e+000
  1.5338000e+002  3.5341221e+003  2.8510000e+000
  1.5348000e+002  3.5368516e+003  2.8030000e+000
  1.5358000e+002  3.5396019e+003  2.8240000e+000
  1.5368000e+002  3.5423380e+003  2.5890000e+000
  1.5378000e+002  3.5450785e+003  2.8150000e+000
  1.5398000e+002  3.5505551e+003  2.9040000e+000
  1.5408000e+002  3.5533072e+003  3.1290000e+000
  1.5418000e+002  3.5560401e+003  3.1390000e+000
  1.5428000e+002  3.5587838e+003  3.0070000e+000
  1.5438000e+002  3.5615264e+003  3.0050000e+000
  1.5448000e+002  3.5642604e+003  2.7700000e+000
  1.5458000e+002  3.5670125e+003  2.8420000e+000
  1.5468000e+002  3.5697422e+003  2.8260000e+000
  1.5478000e+002  3.5724717e+003  2.8960000e+000
  1.5488000e+002  3.5752136e+003  3.0490000e+000
  1.5498000e+002  3.5779580e+003  2.9430000e+000
  1.5508000e+002  3.5806902e+003  3.1900000e+000
  1.5518000e+002  3.5834423e+003  3.0380000e+000
  1.5528000e+002  3.5861739e+003  3.2720000e+000
  1.5538000e+002  3.5889189e+003  3.2760000e+000
  1.5548000e+002  3.5916602e+003  3.2410000e+000
  1.5558000e+002  3.5944395e+003  3.0460000e+000
  1.5568000e+002  3.5973605e+003  2.9560000e+000
  1.5578000e+002  3.6002816e+003  2.8520000e+000
  1.5588000e+002  3.6032026e+003  2.9810000e+000
  1.5598000e+002  3.6061237e+003  2.9940000e+000
  1.5608000e+002  3.6090583e+003  3.1060000e+000
  1.5618000e+002  3.6119950e+003  2.7150000e+000
  1.5628000e+002  3.6149161e+003  3.1220000e+000
  1.5638000e+002  3.6178371e+003  3.2540000e+000
  1.5648000e+002  3.6208571e+003  3.2250000e+000
  1.5658000e+002  3.6252829e+003  3.1240000e+000
  1.5668000e+002  3.6300538e+003  3.5460000e+000
  1.5678000e+002  3.6354209e+003  2.8270000e+000
  1.5688000e+002  3.6417323e+003  2.6150000e+000
  1.5698000e+002  3.6507085e+003  2.8640000e+000
  1.5708000e+002  3.6598069e+003  3.0440000e+000
  1.5718000e+002  3.6689052e+003  3.4430000e+000
  1.5728000e+002  3.6780946e+003  2.7830000e+000
  1.5742000e+002  3.6880422e+003  2.9520000e+000
  1.5752000e+002  3.6941411e+003  3.0380000e+000
  1.5762000e+002  3.7002400e+003  3.0360000e+000
  1.5772000e+002  3.7056990e+003  3.2570000e+000
  1.5782000e+002  3.7111082e+003  3.3370000e+000
  1.5792000e+002  3.7158983e+003  3.0830000e+000
  1.5802000e+002  3.7204050e+003  2.8800000e+000
  1.5812000e+002  3.7235208e+003  2.8650000e+000
  1.5822000e+002  3.7264418e+003  2.8520000e+000
  1.5842000e+002  3.7322839e+003  3.4780000e+000
  1.5852000e+002  3.7352050e+003  2.9480000e+000
  1.5862000e+002  3.7381261e+003  2.8120000e+000
  1.5872000e+002  3.7410471e+003  2.6880000e+000
  1.5882000e+002  3.7439682e+003  2.9100000e+000
  1.5892000e+002  3.7468892e+003  3.0070000e+000
  1.5902000e+002  3.7498103e+003  3.2670000e+000
  1.5912000e+002  3.7527313e+003  3.1730000e+000
  1.5922000e+002  3.7556524e+003  2.9000000e+000
  1.5932000e+002  3.7585734e+003  3.0490000e+000
  1.5942000e+002  3.7614945e+003  2.8610000e+000
  1.5952000e+002  3.7644155e+003  2.9310000e+000
  1.5962000e+002  3.7673366e+003  2.9120000e+000
  1.5982000e+002  3.7731986e+003  2.5980000e+000
  1.5992000e+002  3.7761289e+003  2.8000000e+000
  1.6002000e+002  3.7790500e+003  2.7680000e+000
  1.6012000e+002  3.7819711e+003  3.0510000e+000
  1.6022000e+002  3.7852290e+003  2.9710000e+000
  1.6032000e+002  3.7888920e+003  2.7870000e+000
  1.6042000e+002  3.7925490e+003  2.7380000e+000
  1.6052000e+002  3.7961810e+003  2.9440000e+000
  1.6062000e+002  3.7998440e+003  2.7000000e+000
  1.6072000e+002  3.8035058e+003  2.8070000e+000
  1.6082000e+002  3.8071581e+003  2.8910000e+000
  1.6092000e+002  3.8107960e+003  2.8030000e+000
  1.6112000e+002  3.8181148e+003  3.0580000e+000
  1.6122000e+002  3.8217671e+003  2.9990000e+000
  1.6132000e+002  3.8250274e+003  3.2880000e+000
  1.6142000e+002  3.8279640e+003  3.1790000e+000
  1.6152000e+002  3.8316139e+003  3.0400000e+000
  1.6162000e+002  3.8352661e+003  2.9550000e+000
  1.6172000e+002  3.8389160e+003  2.6300000e+000
  1.6182000e+002  3.8425790e+003  2.7690000e+000
  1.6192000e+002  3.8462229e+003  2.6630000e+000
  1.6202000e+002  3.8498752e+003  2.6920000e+000
  1.6212000e+002  3.8535310e+003  2.8560000e+000
  1.6232000e+002  3.8608319e+003  2.6940000e+000
  1.6242000e+002  3.8644842e+003  3.0140000e+000
  1.6252000e+002  3.8684830e+003  2.8840000e+000
  1.6262000e+002  3.8730634e+003  3.1930000e+000
  1.6272000e+002  3.8776125e+003  3.2150000e+000
  1.6292000e+002  3.8867564e+003  2.8460000e+000
  1.6302000e+002  3.8913251e+003  2.7800000e+000
  1.6312000e+002  3.8959002e+003  3.0230000e+000
  1.6322000e+002  3.9004528e+003  2.8160000e+000
  1.6332000e+002  3.9050396e+003  2.8920000e+000
  1.6342000e+002  3.9095933e+003  2.8380000e+000
  1.6352000e+002  3.9141673e+003  2.9250000e+000
  1.6362000e+002  3.9187371e+003  2.9930000e+000
  1.6372000e+002  3.9232863e+003  2.8350000e+000
  1.6382000e+002  3.9278359e+003  2.7150000e+000
  1.6392000e+002  3.9324226e+003  2.8860000e+000
  1.6402000e+002  3.9369793e+003  3.0120000e+000
  1.6412000e+002  3.9415503e+003  3.0470000e+000
  1.6422000e+002  3.9461232e+003  3.0640000e+000
  1.6432000e+002  3.9506780e+003  3.0460000e+000
  1.6450000e+002  3.9589064e+003  2.7740000e+000
  1.6460000e+002  3.9634751e+003  2.8990000e+000
  1.6470000e+002  3.9680502e+003  3.0140000e+000
  1.6480000e+002  3.9726291e+003  3.0950000e+000
  1.6490000e+002  3.9775082e+003  2.8900000e+000
  1.6500000e+002  3.9823874e+003  2.9110000e+000
  1.6510000e+002  3.9872665e+003  2.3720000e+000
  1.6520000e+002  3.9924066e+003  3.5790000e+000
  1.6530000e+002  3.9978656e+003  3.5790000e+000
  1.6550000e+002  4.0088382e+003  2.9480000e+000
  1.6560000e+002  4.0141870e+003  3.0190000e+000
  1.6570000e+002  4.0189738e+003  3.0680000e+000
  1.6580000e+002  4.0234720e+003  3.1550000e+000
  1.6590000e+002  4.0271350e+003  3.2090000e+000
  1.6600000e+002  4.0307980e+003  3.1300000e+000
  1.6610000e+002  4.0344574e+003  3.1460000e+000
  1.6620000e+002  4.0380870e+003  3.1470000e+000
  1.6630000e+002  4.0417500e+003  3.2510000e+000
  1.6640000e+002  4.0454130e+003  3.0650000e+000
  1.6650000e+002  4.0490665e+003  3.2000000e+000
  1.6660000e+002  4.0527020e+003  2.6640000e+000
  1.6670000e+002  4.0563650e+003  2.9880000e+000
  1.6680000e+002  4.0600232e+003  3.0020000e+000
  1.6690000e+002  4.0636755e+003  2.9080000e+000
  1.6700000e+002  4.0673170e+003  2.9210000e+000
  1.6712000e+002  4.0717200e+003  2.9420000e+000
  1.6722000e+002  4.0753484e+003  2.9540000e+000
  1.6732000e+002  4.0790090e+003  3.1000000e+000
  1.6742000e+002  4.0826720e+003  3.0230000e+000
  1.6752000e+002  4.0863350e+003  3.0570000e+000
  1.6762000e+002  4.0899610e+003  3.0290000e+000
  1.6772000e+002  4.0936240e+003  2.8410000e+000
  1.6782000e+002  4.0972870e+003  2.8800000e+000
  1.6792000e+002  4.1009500e+003  2.8250000e+000
  1.6802000e+002  4.1045760e+003  2.9250000e+000
  1.6812000e+002  4.1082390e+003  2.7110000e+000
  1.6822000e+002  4.1119020e+003  2.8030000e+000
  1.6833000e+002  4.1159171e+003  2.8910000e+000
  1.6843000e+002  4.1195610e+003  2.8800000e+000
  1.6853000e+002  4.1232216e+003  2.9820000e+000
  1.6863000e+002  4.1268739e+003  2.9540000e+000
  1.6873000e+002  4.1305261e+003  2.8230000e+000
  1.6883000e+002  4.1341760e+003  2.9660000e+000
  1.6893000e+002  4.1378306e+003  2.9960000e+000
  1.6903000e+002  4.1414829e+003  2.8320000e+000
  1.6913000e+002  4.1451352e+003  2.9310000e+000
  1.6923000e+002  4.1487910e+003  2.9470000e+000
  1.6933000e+002  4.1519224e+003  2.7530000e+000
  1.6943000e+002  4.1548434e+003  3.0070000e+000
  1.6953000e+002  4.1577645e+003  3.0750000e+000
  1.6963000e+002  4.1611860e+003  3.0500000e+000
  1.6973000e+002  4.1648287e+003  2.9540000e+000
  1.6985000e+002  4.1698974e+003  2.9930000e+000
  1.6995000e+002  4.1744669e+003  2.7450000e+000
  1.7005000e+002  4.1790412e+003  2.8480000e+000
  1.7015000e+002  4.1835945e+003  2.9540000e+000
  1.7025000e+002  4.1881813e+003  2.8840000e+000
  1.7035000e+002  4.1927343e+003  2.9030000e+000
  1.7045000e+002  4.1973090e+003  2.8640000e+000
  1.7055000e+002  4.2018781e+003  2.7890000e+000
  1.7065000e+002  4.2064367e+003  2.7020000e+000
  1.7075000e+002  4.2110220e+003  2.9760000e+000
  1.7085000e+002  4.2155711e+003  3.0710000e+000
  1.7095000e+002  4.2201512e+003  2.9370000e+000
  1.7105000e+002  4.2247150e+003  2.9810000e+000
  1.7115000e+002  4.2292788e+003  2.6760000e+000
  1.7125000e+002  4.2338589e+003  2.9500000e+000
  1.7135000e+002  4.2384080e+003  2.6250000e+000
  1.7145000e+002  4.2429572e+003  2.9160000e+000
  1.7155000e+002  4.2475342e+003  2.8540000e+000
  1.7159000e+002  4.2493689e+003  2.9790000e+000
  1.7169000e+002  4.2539207e+003  2.8180000e+000
  1.7179000e+002  4.2584966e+003  2.8790000e+000
  1.7199000e+002  4.2676243e+003  2.8310000e+000
  1.7209000e+002  4.2722084e+003  3.1520000e+000
  1.7219000e+002  4.2767576e+003  3.0290000e+000
  1.7229000e+002  4.2813388e+003  2.7900000e+000
  1.7239000e+002  4.2859015e+003  2.6400000e+000
  1.7249000e+002  4.2904664e+003  2.8270000e+000
  1.7259000e+002  4.2950453e+003  2.5830000e+000
  1.7269000e+002  4.2995945e+003  2.9840000e+000
  1.7279000e+002  4.3041809e+003  2.8030000e+000
  1.7289000e+002  4.3087384e+003  2.8250000e+000
  1.7299000e+002  4.3132875e+003  2.8420000e+000
  1.7309000e+002  4.3178495e+003  3.0020000e+000
  1.7319000e+002  4.3224314e+003  3.0060000e+000
  1.7329000e+002  4.3269806e+003  2.9930000e+000
  1.7339000e+002  4.3315640e+003  3.1650000e+000
  1.7349000e+002  4.3361244e+003  3.1270000e+000
  1.7359000e+002  4.3406917e+003  2.9720000e+000
  1.7369000e+002  4.3452683e+003  2.8350000e+000
  1.7379000e+002  4.3498193e+003  2.9020000e+000
  1.7389000e+002  4.3544061e+003  2.8120000e+000
  1.7399000e+002  4.3589613e+003  2.8210000e+000
  1.7419000e+002  4.3681052e+003  3.1110000e+000
  1.7439000e+002  4.3772483e+003  2.8870000e+000
  1.7449000e+002  4.3817982e+003  2.8720000e+000
  1.7479000e+002  4.3954912e+003  3.1440000e+000
  1.7489000e+002  4.4000445e+003  2.7590000e+000
  1.7499000e+002  4.4046313e+003  2.9700000e+000
  1.7509000e+002  4.4091843e+003  2.8990000e+000
  1.7519000e+002  4.4137590e+003  3.3140000e+000
  1.7539000e+002  4.4228867e+003  2.9860000e+000
  1.7559000e+002  4.4320211e+003  2.9230000e+000
  1.7569000e+002  4.4366012e+003  2.9130000e+000
  1.7579000e+002  4.4411650e+003  2.9010000e+000
  1.7589000e+002  4.4457142e+003  2.9580000e+000
  1.7599000e+002  4.4502698e+003  2.8110000e+000
  1.7609000e+002  4.4548565e+003  2.8380000e+000
  1.7619000e+002  4.4594072e+003  3.0160000e+000
  1.7629000e+002  4.4639842e+003  2.9380000e+000
  1.7639000e+002  4.4685511e+003  3.0520000e+000
  1.7649000e+002  4.4731119e+003  2.6250000e+000
  1.7659000e+002  4.4776949e+003  2.9250000e+000
  1.7667000e+002  4.4813343e+003  3.0730000e+000
  1.7677000e+002  4.4859090e+003  3.0490000e+000
  1.7687000e+002  4.4904781e+003  3.0360000e+000
  1.7697000e+002  4.4950367e+003  3.2800000e+000
  1.7707000e+002  4.4996220e+003  3.0160000e+000
  1.7717000e+002  4.5041711e+003  3.1040000e+000
  1.7727000e+002  4.5087512e+003  2.8820000e+000
  1.7737000e+002  4.5133150e+003  2.9920000e+000
  1.7757000e+002  4.5224198e+003  2.9980000e+000
  1.7767000e+002  4.5270065e+003  2.9520000e+000
  1.7777000e+002  4.5315572e+003  2.9660000e+000
  1.7787000e+002  4.5361342e+003  2.9840000e+000
  1.7797000e+002  4.5407011e+003  2.8920000e+000
  1.7807000e+002  4.5452619e+003  2.8530000e+000
  1.7817000e+002  4.5498449e+003  2.9860000e+000
  1.7827000e+002  4.5543941e+003  2.9360000e+000
  1.7837000e+002  4.5589764e+003  2.9640000e+000
  1.7847000e+002  4.5635380e+003  2.9850000e+000
  1.7857000e+002  4.5676871e+003  3.0190000e+000
  1.7867000e+002  4.5713394e+003  2.9480000e+000
  1.7877000e+002  4.5749940e+003  3.0460000e+000
  1.7887000e+002  4.5786570e+003  2.8060000e+000
  1.7897000e+002  4.5822961e+003  2.9920000e+000
  1.7907000e+002  4.5859484e+003  2.8440000e+000
  1.7917000e+002  4.5896090e+003  2.9770000e+000
  1.7927000e+002  4.5932720e+003  2.7320000e+000
  1.7937000e+002  4.5969052e+003  2.9440000e+000
  1.7947000e+002  4.6005610e+003  2.9860000e+000
  1.7957000e+002  4.6042240e+003  2.6920000e+000
  1.7967000e+002  4.6078870e+003  2.8080000e+000
  1.7977000e+002  4.6115142e+003  3.1430000e+000
  1.7987000e+002  4.6151760e+003  2.9740000e+000
  1.7997000e+002  4.6188390e+003  2.8890000e+000
  1.8007000e+002  4.6225020e+003  2.8590000e+000
  1.8017000e+002  4.6261280e+003  2.7350000e+000
  1.8027000e+002  4.6297910e+003  2.9510000e+000
  1.8037000e+002  4.6334540e+003  2.8970000e+000
  1.8047000e+002  4.6371158e+003  2.8870000e+000
  1.8057000e+002  4.6407430e+003  2.9030000e+000
  1.8067000e+002  4.6444060e+003  2.8590000e+000
  1.8077000e+002  4.6480690e+003  3.1680000e+000
  1.8087000e+002  4.6517248e+003  2.8630000e+000
  1.8107000e+002  4.6590210e+003  2.8500000e+000
  1.8117000e+002  4.6626816e+003  3.0980000e+000
  1.8127000e+002  4.6663339e+003  3.0110000e+000
  1.8137000e+002  4.6699730e+003  3.0400000e+000
  1.8147000e+002  4.6736360e+003  2.9440000e+000
  1.8157000e+002  4.6772906e+003  2.8360000e+000
  1.8167000e+002  4.6809250e+003  2.6810000e+000
  1.8177000e+002  4.6845880e+003  2.7510000e+000
  1.8187000e+002  4.6890862e+003  2.8920000e+000
  1.8197000e+002  4.6936625e+003  2.7650000e+000
  1.8207000e+002  4.6982301e+003  3.1300000e+000
  1.8217000e+002  4.7027902e+003  2.7120000e+000
  1.8227000e+002  4.7073739e+003  2.9220000e+000
  1.8237000e+002  4.7119231e+003  2.6720000e+000
  1.8247000e+002  4.7167560e+003  3.0820000e+000
  1.8257000e+002  4.7216352e+003  2.8870000e+000
  1.8267000e+002  4.7265143e+003  3.1810000e+000
  1.8277000e+002  4.7313817e+003  3.0440000e+000
  1.8287000e+002  4.7362237e+003  3.0150000e+000
  1.8289000e+002  4.7371996e+003  2.8660000e+000
  1.8299000e+002  4.7420787e+003  2.9470000e+000
  1.8309000e+002  4.7469578e+003  2.7950000e+000
  1.8319000e+002  4.7518369e+003  2.9080000e+000
  1.8329000e+002  4.7567160e+003  2.9420000e+000
  1.8339000e+002  4.7623636e+003  2.7560000e+000
  1.8359000e+002  4.7745270e+003  3.1150000e+000
  1.8369000e+002  4.7805993e+003  3.2210000e+000
  1.8379000e+002  4.7866982e+003  3.1110000e+000
  1.8399000e+002  4.7988960e+003  3.0430000e+000
  1.8409000e+002  4.8049949e+003  3.0610000e+000
  1.8419000e+002  4.8110846e+003  3.4620000e+000
  1.8429000e+002  4.8171318e+003  2.8580000e+000
  1.8439000e+002  4.8232307e+003  2.9470000e+000
  1.8449000e+002  4.8293296e+003  2.9590000e+000
  1.8459000e+002  4.8351149e+003  2.9230000e+000
  1.8469000e+002  4.8400636e+003  2.9260000e+000
  1.8479000e+002  4.8449427e+003  3.4610000e+000
  1.8489000e+002  4.8498219e+003  3.4090000e+000
  1.8499000e+002  4.8546883e+003  3.0170000e+000
  1.8509000e+002  4.8594378e+003  2.9490000e+000
  1.8529000e+002  4.8685696e+003  3.0010000e+000
  1.8539000e+002  4.8731522e+003  3.1500000e+000
  1.8547000e+002  4.8768036e+003  2.8230000e+000
  1.8557000e+002  4.8813626e+003  2.7330000e+000
  1.8567000e+002  4.8859475e+003  2.6740000e+000
  1.8577000e+002  4.8904966e+003  3.4840000e+000
  1.8597000e+002  4.8996405e+003  2.9780000e+000
  1.8607000e+002  4.9038381e+003  2.8450000e+000
  1.8617000e+002  4.9074903e+003  2.9550000e+000
  1.8627000e+002  4.9111390e+003  2.9500000e+000
  1.8637000e+002  4.9147948e+003  2.9350000e+000
  1.8647000e+002  4.9184471e+003  2.8620000e+000
  1.8657000e+002  4.9220994e+003  2.8520000e+000
  1.8667000e+002  4.9257540e+003  2.6240000e+000
  1.8677000e+002  4.9294039e+003  2.8140000e+000
  1.8687000e+002  4.9330561e+003  2.9650000e+000
  1.8697000e+002  4.9367084e+003  3.1350000e+000
  1.8717000e+002  4.9440129e+003  3.0570000e+000
  1.8727000e+002  4.9476652e+003  3.0840000e+000
  1.8737000e+002  4.9506258e+003  3.0180000e+000
  1.8747000e+002  4.9535468e+003  2.8190000e+000
  1.8757000e+002  4.9564679e+003  2.8830000e+000
  1.8767000e+002  4.9593889e+003  2.3950000e+000
  1.8777000e+002  4.9623174e+003  2.8400000e+000
  1.8787000e+002  4.9652577e+003  2.7210000e+000
  1.8797000e+002  4.9681813e+003  2.6900000e+000
  1.8807000e+002  4.9711024e+003  2.5860000e+000
  1.8817000e+002  4.9740234e+003  2.8270000e+000
  1.8827000e+002  4.9769445e+003  2.9750000e+000
  1.8837000e+002  4.9798655e+003  3.0600000e+000
  1.8847000e+002  4.9827866e+003  2.9060000e+000
  1.8857000e+002  4.9857076e+003  2.8570000e+000
  1.8867000e+002  4.9886287e+003  2.8700000e+000
  1.8877000e+002  4.9915497e+003  2.8820000e+000
  1.8887000e+002  4.9944708e+003  2.9190000e+000
  1.8897000e+002  4.9973918e+003  2.9520000e+000
  1.8907000e+002  5.0003129e+003  3.0590000e+000
  1.8917000e+002  5.0032339e+003  3.1200000e+000
  1.8927000e+002  5.0061550e+003  2.8680000e+000
  1.8937000e+002  5.0090761e+003  2.9740000e+000
  1.8947000e+002  5.0119971e+003  2.9570000e+000
  1.8957000e+002  5.0149182e+003  2.8390000e+000
  1.8977000e+002  5.0207725e+003  2.6680000e+000
  1.8987000e+002  5.0237105e+003  2.7560000e+000
  1.8997000e+002  5.0266316e+003  2.8710000e+000
  1.9007000e+002  5.0295526e+003  2.9690000e+000
  1.9017000e+002  5.0324737e+003  3.0540000e+000
  1.9027000e+002  5.0353947e+003  3.1030000e+000
  1.9037000e+002  5.0383158e+003  3.1970000e+000
  1.9047000e+002  5.0412368e+003  3.1480000e+000
  1.9057000e+002  5.0441579e+003  2.9110000e+000
  1.9077000e+002  5.0500000e+003  2.9500000e+000
