  2.0000000e-001  2.7119701e+000  2.8200000e+000
  3.0500000e-001  8.0306858e+000  2.8700000e+000
  4.3000000e-001  1.3454626e+001  3.6000000e+000
  5.1500000e-001  1.7142905e+001  4.3300000e+000
  5.9000000e-001  2.0602837e+001  4.4900000e+000
  7.9000000e-001  3.1450717e+001  4.2400000e+000
  8.9500000e-001  3.7145854e+001  3.8100000e+000
  9.9000000e-001  4.2508690e+001  4.2200000e+000
  1.0950000e+000  4.9201957e+001  4.2300000e+000
  1.1200000e+000  5.1009837e+001  3.9900000e+000
  1.2950000e+000  6.4108261e+001  3.8000000e+000
  1.3700000e+000  6.9803398e+001  3.8400000e+000
  1.4850000e+000  7.8535941e+001  3.6600000e+000
  1.5700000e+000  8.4990430e+001  3.7700000e+000
  1.6650000e+000  9.2204271e+001  3.7800000e+000
  1.8150000e+000  1.0359454e+002  3.3700000e+000
  1.9100000e+000  1.1075186e+002  3.2600000e+000
  2.0150000e+000  1.1812561e+002  2.7900000e+000
  2.1000000e+000  1.2325807e+002  2.4600000e+000
  2.2050000e+000  1.2907947e+002  2.8000000e+000
  2.3000000e+000  1.3374688e+002  4.2800000e+000
  2.3000000e+000  1.3374688e+002  4.1700000e+000
  2.4050000e+000  1.3752541e+002  3.0900000e+000
  2.5200000e+000  1.4224988e+002  4.1200000e+000
  2.5950000e+000  1.4631784e+002  4.0100000e+000
  2.7000000e+000  1.5231644e+002  3.9700000e+000
  2.8050000e+000  1.5938269e+002  4.4500000e+000
  2.9000000e+000  1.6625298e+002  3.9300000e+000
  3.1000000e+000  1.8024333e+002  3.8700000e+000
  3.2050000e+000  1.8625539e+002  4.0800000e+000
  3.3000000e+000  1.9140814e+002  3.3500000e+000
  3.4050000e+000  1.9604945e+002  3.4200000e+000
  3.5000000e+000  2.0017173e+002  3.2600000e+000
  3.6050000e+000  2.0472790e+002  3.1900000e+000
  3.7000000e+000  2.0884991e+002  3.1800000e+000
  3.8050000e+000  2.1340611e+002  3.1900000e+000
  3.9000000e+000  2.1752835e+002  3.0300000e+000
  4.0050000e+000  2.2246941e+002  3.5800000e+000
  4.0800000e+000  2.2653737e+002  3.4900000e+000
  4.2050000e+000  2.3331729e+002  3.4300000e+000
  4.3000000e+000  2.3749482e+002  2.9900000e+000
  4.7150000e+000  2.5739037e+002  4.0400000e+000
  4.8050000e+000  2.6227191e+002  3.6400000e+000
  4.9000000e+000  2.6742466e+002  3.6900000e+000
  4.9000000e+000  2.6742466e+002  3.8600000e+000
  5.0050000e+000  2.7200096e+002  3.6500000e+000
  5.1000000e+000  2.7612316e+002  3.6800000e+000
  5.2050000e+000  2.8067916e+002  3.4300000e+000
  5.2100000e+000  2.8089615e+002  3.8300000e+000
  5.3000000e+000  2.8480150e+002  3.4000000e+000
  5.3600000e+000  2.8734403e+002  3.2600000e+000
  5.4050000e+000  2.8890607e+002  4.0100000e+000
  5.5600000e+000  2.9428657e+002  4.2700000e+000
  5.7500000e+000  3.0088208e+002  3.2900000e+000
  5.9600000e+000  3.0817196e+002  3.2700000e+000
  6.1600000e+000  3.1511450e+002  3.1900000e+000
  6.2150000e+000  3.1702379e+002  3.2100000e+000
  6.2400000e+000  3.1789165e+002  3.0800000e+000
  6.3100000e+000  3.2032153e+002  2.9500000e+000
  6.3500000e+000  3.2171001e+002  3.9900000e+000
  6.4150000e+000  3.2404795e+002  2.9500000e+000
  6.5100000e+000  3.2897661e+002  2.9300000e+000
  6.5600000e+000  3.3170314e+002  3.1800000e+000
  6.6150000e+000  3.3488501e+002  3.1100000e+000
  6.7100000e+000  3.4084257e+002  4.2300000e+000
  6.7400000e+000  3.4279519e+002  3.5600000e+000
  6.8150000e+000  3.4802768e+002  3.8500000e+000
  6.8150000e+000  3.4802768e+002  4.0300000e+000
  6.9100000e+000  3.5509083e+002  3.9000000e+000
  6.9500000e+000  3.5812823e+002  3.7800000e+000
  7.0150000e+000  3.6306402e+002  4.0300000e+000
  7.1100000e+000  3.7027786e+002  3.7800000e+000
  7.1600000e+000  3.7407462e+002  3.9000000e+000
  7.3100000e+000  3.8546489e+002  3.1800000e+000
  7.6150000e+000  4.0862511e+002  2.8200000e+000
  7.7100000e+000  4.1583896e+002  3.1600000e+000
  7.8150000e+000  4.2381215e+002  3.3700000e+000
  7.9100000e+000  4.3102599e+002  3.9000000e+000
  8.0150000e+000  4.3899918e+002  4.3000000e+000
  8.1100000e+000  4.4621302e+002  4.1600000e+000
  8.2150000e+000  4.5418621e+002  3.7700000e+000
  8.2150000e+000  4.5418621e+002  4.0000000e+000
  8.3100000e+000  4.6140005e+002  4.0600000e+000
  8.4150000e+000  4.6937324e+002  3.5000000e+000
  8.6100000e+000  4.8249648e+002  3.1000000e+000
  8.7150000e+000  4.8837700e+002  3.1500000e+000
  8.8150000e+000  4.9340803e+002  3.2100000e+000
  8.9100000e+000  4.9670589e+002  3.2000000e+000
  9.2150000e+000  5.0729343e+002  3.5200000e+000
  9.3100000e+000  5.1059119e+002  3.4800000e+000
  9.5100000e+000  5.1753382e+002  3.2600000e+000
  9.6150000e+000  5.2117871e+002  3.3000000e+000
  9.7100000e+000  5.2447636e+002  3.3300000e+000
  9.8150000e+000  5.2812136e+002  3.3500000e+000
  9.8150000e+000  5.2812136e+002  3.4100000e+000
  9.9300000e+000  5.3211336e+002  3.4500000e+000
  9.9300000e+000  5.3211336e+002  3.4900000e+000
  1.0310000e+001  5.4656445e+002  4.0200000e+000
  1.0755000e+001  5.6831522e+002  3.9300000e+000
  1.0855000e+001  5.7474194e+002  3.0400000e+000
  1.0950000e+001  5.8092660e+002  3.7800000e+000
  1.0950000e+001  5.8092660e+002  3.3900000e+000
  1.1055000e+001  5.8776027e+002  3.5500000e+000
  1.1160000e+001  5.9392530e+002  3.4900000e+000
  1.1265000e+001  5.9999618e+002  3.3300000e+000
  1.1330000e+001  6.0375782e+002  3.1000000e+000
  1.1455000e+001  6.1099174e+002  3.0500000e+000
  1.1550000e+001  6.1648749e+002  3.1900000e+000
  1.1655000e+001  6.2256023e+002  3.7300000e+000
  1.1760000e+001  6.2863673e+002  4.4500000e+000
  1.1930000e+001  6.3847161e+002  4.1700000e+000
  1.2055000e+001  6.4570300e+002  3.7800000e+000
  1.2150000e+001  6.5120079e+002  4.1000000e+000
  1.2455000e+001  6.6884578e+002  3.7600000e+000
  1.2550000e+001  6.7434356e+002  3.8100000e+000
  1.2655000e+001  6.8022393e+002  3.2100000e+000
  1.2750000e+001  6.8537667e+002  3.3700000e+000
  1.2950000e+001  6.9622455e+002  3.2400000e+000
  1.3055000e+001  7.0090680e+002  3.1400000e+000
  1.3055000e+001  7.0090680e+002  3.1800000e+000
  1.3130000e+001  7.0416239e+002  3.3000000e+000
  1.3255000e+001  7.0958616e+002  3.2200000e+000
  1.3350000e+001  7.1370927e+002  3.6900000e+000
  1.3455000e+001  7.1826593e+002  3.4800000e+000
  1.3555000e+001  7.2260460e+002  3.5500000e+000
  1.3655000e+001  7.2694155e+002  3.4400000e+000
  1.3750000e+001  7.3106447e+002  3.4300000e+000
  1.3855000e+001  7.3562113e+002  3.1500000e+000
  1.3950000e+001  7.3974424e+002  3.0200000e+000
  1.4150000e+001  7.4842185e+002  3.9700000e+000
  1.4255000e+001  7.5297633e+002  3.9200000e+000
  1.4330000e+001  7.5623233e+002  3.8500000e+000
  1.4330000e+001  7.5623233e+002  3.9300000e+000
  1.4455000e+001  7.6165610e+002  3.5400000e+000
  1.4550000e+001  7.6530740e+002  3.3300000e+000
  1.4550000e+001  7.6530740e+002  3.3900000e+000
  1.4655000e+001  7.6895390e+002  3.1400000e+000
  1.4655000e+001  7.6895390e+002  3.1100000e+000
  1.4750000e+001  7.7225110e+002  3.0800000e+000
  1.4815000e+001  7.7450709e+002  2.8500000e+000
  1.5015000e+001  7.8144858e+002  3.4600000e+000
  1.5215000e+001  7.8839278e+002  2.8700000e+000
  1.5315000e+001  7.9285313e+002  3.4300000e+000
  1.5390000e+001  7.9692108e+002  3.9300000e+000
  1.5390000e+001  7.9692108e+002  4.1700000e+000
  1.5515000e+001  8.0412424e+002  3.4500000e+000
  1.5630000e+001  8.1114978e+002  3.3500000e+000
  1.5715000e+001  8.1668029e+002  3.6200000e+000
  1.5810000e+001  8.2286320e+002  3.3500000e+000
  1.5810000e+001  8.2286320e+002  3.2200000e+000
  1.5915000e+001  8.2969819e+002  3.0700000e+000
  1.6010000e+001  8.3588285e+002  3.2100000e+000
  1.6010000e+001  8.3588285e+002  2.9700000e+000
  1.6115000e+001  8.4271732e+002  3.0100000e+000
  1.6150000e+001  8.4477772e+002  3.0100000e+000
  1.6215000e+001  8.4852120e+002  2.5600000e+000
  1.6710000e+001  8.7536970e+002  3.7600000e+000
  1.6745000e+001  8.7726808e+002  3.5800000e+000
  1.6830000e+001  8.8187843e+002  3.6300000e+000
  1.6935000e+001  8.8753874e+002  3.6400000e+000
  1.7010000e+001  8.9079040e+002  3.5300000e+000
  1.7085000e+001  8.9404640e+002  3.4400000e+000
  1.7340000e+001  9.0511071e+002  3.6600000e+000
  1.7340000e+001  9.0511071e+002  3.3500000e+000
  1.7445000e+001  9.0966738e+002  3.3800000e+000
  1.7555000e+001  9.1444081e+002  3.3300000e+000
  1.7645000e+001  9.1890333e+002  3.5000000e+000
  1.7740000e+001  9.2405607e+002  3.8200000e+000
  1.7845000e+001  9.2975121e+002  3.6700000e+000
  1.7845000e+001  9.2975121e+002  3.5500000e+000
  1.7940000e+001  9.3490395e+002  3.2500000e+000
  1.7940000e+001  9.3490395e+002  3.2600000e+000
  1.8045000e+001  9.4059909e+002  3.0800000e+000
  1.8140000e+001  9.4575183e+002  2.6200000e+000
  1.8140000e+001  9.4575183e+002  2.8900000e+000
  1.8245000e+001  9.5144697e+002  2.4600000e+000
  1.8320000e+001  9.5551493e+002  2.9500000e+000
  1.8320000e+001  9.5551493e+002  2.7900000e+000
  1.8520000e+001  9.6636281e+002  3.9100000e+000
  1.8645000e+001  9.7314273e+002  3.1100000e+000
  1.8740000e+001  9.7829547e+002  3.2600000e+000
  1.8825000e+001  9.8259563e+002  3.5800000e+000
  1.9365000e+001  1.0037047e+003  3.8600000e+000
  1.9465000e+001  1.0071754e+003  3.8000000e+000
  1.9560000e+001  1.0104729e+003  3.3200000e+000
  1.9665000e+001  1.0141196e+003  3.6000000e+000
  1.9760000e+001  1.0174176e+003  3.3800000e+000
  1.9865000e+001  1.0210618e+003  3.1800000e+000
  1.9960000e+001  1.0243591e+003  3.1300000e+000
  2.0065000e+001  1.0285732e+003  3.2800000e+000
  2.0160000e+001  1.0334560e+003  3.4700000e+000
  2.0265000e+001  1.0391509e+003  3.9500000e+000
  2.0360000e+001  1.0443021e+003  3.9300000e+000
  2.0465000e+001  1.0500004e+003  3.8000000e+000
  2.0560000e+001  1.0551492e+003  3.5800000e+000
  2.0665000e+001  1.0608478e+003  3.0800000e+000
  2.0740000e+001  1.0643839e+003  3.1000000e+000
  2.0970000e+001  1.0743625e+003  3.0700000e+000
  2.1105000e+001  1.0802223e+003  3.0800000e+000
  2.1150000e+001  1.0821751e+003  3.2500000e+000
  2.1275000e+001  1.0875997e+003  3.1800000e+000
  2.1350000e+001  1.0914755e+003  3.4900000e+000
  2.1350000e+001  1.0914755e+003  3.2900000e+000
  2.1475000e+001  1.0982554e+003  3.4200000e+000
  2.1550000e+001  1.1023251e+003  3.7400000e+000
  2.1550000e+001  1.1023251e+003  3.5500000e+000
  2.1675000e+001  1.1091016e+003  2.9100000e+000
  2.1750000e+001  1.1131727e+003  3.6400000e+000
  2.1750000e+001  1.1131727e+003  3.0300000e+000
  2.1875000e+001  1.1199494e+003  3.4700000e+000
  2.1930000e+001  1.1229333e+003  3.5900000e+000
  2.2355000e+001  1.1459844e+003  3.1000000e+000
  2.2455000e+001  1.1514108e+003  3.0800000e+000
  2.2550000e+001  1.1565629e+003  3.0000000e+000
  2.2655000e+001  1.1622570e+003  3.0400000e+000
  2.2750000e+001  1.1674125e+003  2.9500000e+000
  2.2850000e+001  1.1728323e+003  2.9600000e+000
  2.2950000e+001  1.1782598e+003  2.9700000e+000
  2.3050000e+001  1.1828890e+003  3.0800000e+000
  2.3120000e+001  1.1859247e+003  3.0700000e+000
  2.3255000e+001  1.1917821e+003  3.5300000e+000
  2.3350000e+001  1.1959069e+003  3.8700000e+000
  2.3455000e+001  1.2004651e+003  3.8400000e+000
  2.3530000e+001  1.2037170e+003  3.6300000e+000
  2.3645000e+001  1.2087073e+003  3.4700000e+000
  2.3805000e+001  1.2149847e+003  3.2800000e+000
  2.3905000e+001  1.2184560e+003  3.5400000e+000
  2.3980000e+001  1.2210608e+003  3.5100000e+000
  2.3980000e+001  1.2210608e+003  3.5800000e+000
  2.4045000e+001  1.2233180e+003  2.8300000e+000
  2.4130000e+001  1.2262681e+003  3.0900000e+000
  2.4330000e+001  1.2332096e+003  2.8600000e+000
  2.4330000e+001  1.2332096e+003  2.7900000e+000
  2.4435000e+001  1.2368539e+003  2.8500000e+000
  2.4530000e+001  1.2401522e+003  2.9400000e+000
  2.4630000e+001  1.2436253e+003  2.7600000e+000
  2.4730000e+001  1.2483761e+003  3.6000000e+000
  2.4730000e+001  1.2483761e+003  3.7000000e+000
  2.4930000e+001  1.2592224e+003  3.2600000e+000
  2.5035000e+001  1.2649218e+003  3.4300000e+000
  2.5035000e+001  1.2649218e+003  3.1500000e+000
  2.5330000e+001  1.2809216e+003  3.0000000e+000
  2.5330000e+001  1.2809216e+003  2.7100000e+000
  2.5435000e+001  1.2866932e+003  3.2800000e+000
  2.5535000e+001  1.2924803e+003  3.5700000e+000
  2.5635000e+001  1.2982648e+003  3.6500000e+000
  2.5635000e+001  1.2982648e+003  3.6000000e+000
  2.5730000e+001  1.3037594e+003  3.2900000e+000
  2.5730000e+001  1.3037594e+003  3.7200000e+000
  2.5835000e+001  1.3098359e+003  2.9500000e+000
  2.5930000e+001  1.3153337e+003  2.9900000e+000
  2.6035000e+001  1.3214050e+003  3.5100000e+000
  2.6130000e+001  1.3269022e+003  3.4400000e+000
  2.6130000e+001  1.3269022e+003  3.6200000e+000
  2.6235000e+001  1.3329787e+003  3.5900000e+000
  2.6330000e+001  1.3384234e+003  3.2200000e+000
  2.6330000e+001  1.3384234e+003  3.4100000e+000
  2.6330000e+001  1.3384234e+003  3.0400000e+000
  2.6330000e+001  1.3384234e+003  3.5300000e+000
  2.6330000e+001  1.3384234e+003  2.9500000e+000
  2.6435000e+001  1.3441229e+003  3.1700000e+000
  2.6530000e+001  1.3482434e+003  2.9600000e+000
  2.6530000e+001  1.3482434e+003  3.1000000e+000
  2.6530000e+001  1.3482434e+003  2.9100000e+000
  2.6530000e+001  1.3482434e+003  2.8300000e+000
  2.6530000e+001  1.3482434e+003  2.7400000e+000
  2.6635000e+001  1.3528006e+003  2.9300000e+000
  2.6635000e+001  1.3528006e+003  2.7900000e+000
  2.6635000e+001  1.3528006e+003  2.7100000e+000
  2.6635000e+001  1.3528006e+003  2.7900000e+000
  2.6730000e+001  1.3569258e+003  2.8700000e+000
  2.6730000e+001  1.3569258e+003  3.0900000e+000
  2.6835000e+001  1.3614799e+003  3.2500000e+000
  2.6910000e+001  1.3647374e+003  3.3900000e+000
  2.6910000e+001  1.3647374e+003  3.2600000e+000
  2.7005000e+001  1.3688536e+003  3.4600000e+000
  2.7005000e+001  1.3688536e+003  3.4100000e+000
  2.7045000e+001  1.3705955e+003  3.4200000e+000
  2.7145000e+001  1.3749329e+003  3.6500000e+000
  2.7240000e+001  1.3790518e+003  3.6000000e+000
  2.7240000e+001  1.3790518e+003  3.6500000e+000
  2.7345000e+001  1.3836110e+003  3.0800000e+000
  2.7440000e+001  1.3877323e+003  3.1700000e+000
  2.7440000e+001  1.3877323e+003  3.1800000e+000
  2.7545000e+001  1.3922875e+003  3.1800000e+000
  2.7640000e+001  1.3964148e+003  3.1300000e+000
  2.7640000e+001  1.3964148e+003  3.2100000e+000
  2.7745000e+001  1.4009674e+003  3.2500000e+000
  2.7745000e+001  1.4009674e+003  3.2000000e+000
  2.7820000e+001  1.4042232e+003  3.1700000e+000
  2.7820000e+001  1.4042232e+003  3.4200000e+000
  2.7945000e+001  1.4096462e+003  3.5800000e+000
  2.7945000e+001  1.4096462e+003  3.7300000e+000
  2.8040000e+001  1.4137670e+003  3.4900000e+000
  2.8145000e+001  1.4183227e+003  3.0900000e+000
  2.8158000e+001  1.4188869e+003  3.0800000e+000
  2.8195000e+001  1.4204922e+003  3.4200000e+000
  2.8195000e+001  1.4204922e+003  2.7900000e+000
  2.8255000e+001  1.4230978e+003  3.8900000e+000
  2.8260000e+001  1.4233138e+003  3.1500000e+000
  2.8355000e+001  1.4274386e+003  3.4900000e+000
  2.8355000e+001  1.4274386e+003  3.6100000e+000
  2.8375000e+001  1.4283049e+003  2.8800000e+000
  2.8455000e+001  1.4317721e+003  3.4200000e+000
  2.8455000e+001  1.4317721e+003  3.3400000e+000
  2.8555000e+001  1.4361133e+003  3.1700000e+000
  2.8655000e+001  1.4404545e+003  3.0500000e+000
  2.8755000e+001  1.4447910e+003  2.9600000e+000
  2.9050000e+001  1.4575893e+003  3.2500000e+000
  2.9250000e+001  1.4662716e+003  3.1600000e+000
  2.9355000e+001  1.4708257e+003  2.9600000e+000
  2.9450000e+001  1.4749523e+003  3.0100000e+000
  2.9450000e+001  1.4749523e+003  2.9900000e+000
  2.9525000e+001  1.4780166e+003  2.8400000e+000
  2.9555000e+001  1.4790578e+003  2.7800000e+000
  2.9650000e+001  1.4823551e+003  2.7900000e+000
  2.9650000e+001  1.4823551e+003  2.8600000e+000
  3.0070000e+001  1.4969357e+003  3.8200000e+000
  3.0085000e+001  1.4974563e+003  3.8100000e+000
  3.0185000e+001  1.5009270e+003  4.0700000e+000
  3.0270000e+001  1.5038775e+003  3.7900000e+000
  3.0375000e+001  1.5075242e+003  3.8400000e+000
  3.0575000e+001  1.5144664e+003  3.0200000e+000
  3.0655000e+001  1.5172430e+003  3.2000000e+000
  3.0725000e+001  1.5196725e+003  3.0500000e+000
  3.0820000e+001  1.5229697e+003  3.1900000e+000
  3.0925000e+001  1.5266156e+003  3.2100000e+000
  3.1020000e+001  1.5299147e+003  3.5400000e+000
  3.1020000e+001  1.5299147e+003  3.4100000e+000
  3.1040000e+001  1.5306088e+003  2.9700000e+000
  3.1220000e+001  1.5373983e+003  3.7500000e+000
  3.1440000e+001  1.5469423e+003  3.1300000e+000
  3.1620000e+001  1.5533526e+003  3.3500000e+000
  3.1620000e+001  1.5533526e+003  2.8200000e+000
  3.1620000e+001  1.5533526e+003  3.1100000e+000
  3.1640000e+001  1.5540468e+003  3.2000000e+000
  3.1685000e+001  1.5556086e+003  3.4000000e+000
  3.1705000e+001  1.5563027e+003  3.3500000e+000
  3.1795000e+001  1.5594264e+003  3.3500000e+000
  3.1840000e+001  1.5609882e+003  2.8900000e+000
  3.2220000e+001  1.5741805e+003  3.3700000e+000
  3.2220000e+001  1.5741805e+003  3.5700000e+000
  3.2420000e+001  1.5811220e+003  3.5700000e+000
  3.2575000e+001  1.5865017e+003  2.8700000e+000
  3.2620000e+001  1.5880635e+003  3.1800000e+000
  3.2675000e+001  1.5899728e+003  3.2000000e+000
  3.2875000e+001  1.5969174e+003  3.2700000e+000
  3.2970000e+001  1.6002146e+003  3.1700000e+000
  3.2970000e+001  1.6002146e+003  3.0900000e+000
  3.3075000e+001  1.6038589e+003  3.0500000e+000
  3.3220000e+001  1.6088915e+003  2.9100000e+000
  3.3370000e+001  1.6141001e+003  3.0600000e+000
  3.3475000e+001  1.6177453e+003  3.4000000e+000
  3.3570000e+001  1.6210425e+003  3.1400000e+000
  3.3855000e+001  1.6309342e+003  2.9900000e+000
  3.3970000e+001  1.6349280e+003  3.1000000e+000
  3.4020000e+001  1.6366644e+003  2.8600000e+000
  3.4075000e+001  1.6385733e+003  3.1300000e+000
  3.4170000e+001  1.6419146e+003  3.5800000e+000
  3.4170000e+001  1.6419146e+003  3.1100000e+000
  3.4275000e+001  1.6464704e+003  3.5700000e+000
  3.4370000e+001  1.6505903e+003  3.7900000e+000
  3.4370000e+001  1.6505903e+003  3.8500000e+000
  3.4370000e+001  1.6505903e+003  3.5700000e+000
  3.4475000e+001  1.6551473e+003  3.8200000e+000
  3.4570000e+001  1.6592680e+003  3.6900000e+000
  3.4570000e+001  1.6592680e+003  3.6200000e+000
  3.4675000e+001  1.6638225e+003  3.4300000e+000
  3.4675000e+001  1.6638225e+003  3.3100000e+000
  3.4770000e+001  1.6679498e+003  3.4100000e+000
  3.4875000e+001  1.6725051e+003  3.1000000e+000
  3.4970000e+001  1.6766253e+003  3.0600000e+000
  3.5005000e+001  1.6781473e+003  2.9700000e+000
  3.5100000e+001  1.6822662e+003  2.9800000e+000
  3.5195000e+001  1.6863893e+003  3.0300000e+000
  3.5285000e+001  1.6902921e+003  3.1300000e+000
  3.5345000e+001  1.6928977e+003  3.1200000e+000
  3.5440000e+001  1.6971504e+003  2.7500000e+000
  3.5450000e+001  1.6976924e+003  3.2500000e+000
  3.5450000e+001  1.6976924e+003  3.1400000e+000
  3.5545000e+001  1.7028411e+003  3.7900000e+000
  3.5640000e+001  1.7079976e+003  3.3500000e+000
  3.5640000e+001  1.7079976e+003  3.3700000e+000
  3.5745000e+001  1.7136907e+003  3.1200000e+000
  3.5840000e+001  1.7188438e+003  3.1000000e+000
  3.5840000e+001  1.7188438e+003  3.1600000e+000
  3.5945000e+001  1.7245403e+003  3.1200000e+000
  3.5945000e+001  1.7245403e+003  3.1000000e+000
  3.6040000e+001  1.7295785e+003  2.6600000e+000
  3.6040000e+001  1.7295785e+003  3.0700000e+000
  3.6080000e+001  1.7313154e+003  3.1100000e+000
  3.6240000e+001  1.7382600e+003  3.0900000e+000
  3.6240000e+001  1.7382600e+003  3.0900000e+000
  3.6330000e+001  1.7421614e+003  2.7800000e+000
  3.6440000e+001  1.7469365e+003  3.0300000e+000
  3.6440000e+001  1.7469365e+003  3.2000000e+000
  3.6540000e+001  1.7512794e+003  2.9800000e+000
  3.6640000e+001  1.7556130e+003  2.8300000e+000
  3.6640000e+001  1.7556130e+003  2.7100000e+000
  3.6730000e+001  1.7594454e+003  2.7100000e+000
  3.6850000e+001  1.7636103e+003  2.9300000e+000
  3.6950000e+001  1.7670829e+003  3.1000000e+000
  3.7020000e+001  1.7695140e+003  2.8200000e+000
  3.7020000e+001  1.7695140e+003  3.2000000e+000
  3.7150000e+001  1.7740260e+003  2.8100000e+000
  3.7240000e+001  1.7771497e+003  2.7100000e+000
  3.7330000e+001  1.7803353e+003  2.8400000e+000
  3.7460000e+001  1.7859742e+003  2.9100000e+000
  3.7540000e+001  1.7894459e+003  2.7200000e+000
  3.7640000e+001  1.7937869e+003  2.7900000e+000
  3.7640000e+001  1.7937869e+003  3.1100000e+000
  3.7760000e+001  1.7989940e+003  2.8600000e+000
  3.8160000e+001  1.8163511e+003  2.8100000e+000
  3.8250000e+001  1.8202541e+003  2.8700000e+000
  3.8250000e+001  1.8202541e+003  2.6600000e+000
  3.8360000e+001  1.8250292e+003  3.4700000e+000
  3.8360000e+001  1.8250292e+003  2.8000000e+000
  3.8450000e+001  1.8289332e+003  2.3800000e+000
  3.8570000e+001  1.8341401e+003  3.2200000e+000
  3.8570000e+001  1.8341401e+003  2.8100000e+000
  3.8650000e+001  1.8376128e+003  2.7400000e+000
  3.8850000e+001  1.8462893e+003  2.6600000e+000
  3.8850000e+001  1.8462893e+003  3.8100000e+000
  3.9050000e+001  1.8549677e+003  3.0900000e+000
  3.9140000e+001  1.8588728e+003  2.8200000e+000
  3.9340000e+001  1.8675501e+003  3.2100000e+000
  3.9540000e+001  1.8762319e+003  3.1100000e+000
  3.9540000e+001  1.8762319e+003  3.1000000e+000
  3.9760000e+001  1.8857724e+003  3.0600000e+000
  3.9760000e+001  1.8857724e+003  2.9900000e+000
  3.9940000e+001  1.8935848e+003  2.8800000e+000
  4.0490000e+001  1.9174505e+003  2.9000000e+000
  4.0510000e+001  1.9183238e+003  2.4100000e+000
  4.0710000e+001  1.9252707e+003  2.8400000e+000
  4.0890000e+001  1.9315180e+003  2.6800000e+000
  4.0890000e+001  1.9315180e+003  3.0700000e+000
  4.1450000e+001  1.9509576e+003  2.7700000e+000
  4.1710000e+001  1.9599850e+003  2.9100000e+000
  4.1710000e+001  1.9599850e+003  2.8000000e+000
  4.1910000e+001  1.9669265e+003  2.6100000e+000
  4.2310000e+001  1.9808129e+003  2.9200000e+000
  4.2310000e+001  1.9808129e+003  2.4300000e+000
  4.2310000e+001  1.9808129e+003  2.8600000e+000
  4.2450000e+001  1.9856720e+003  2.7200000e+000
  4.2510000e+001  1.9877545e+003  2.7600000e+000
  4.2650000e+001  1.9926135e+003  2.7400000e+000
  4.2710000e+001  1.9946960e+003  2.7100000e+000
  4.2910000e+001  2.0016408e+003  2.8900000e+000
  4.3090000e+001  2.0078883e+003  3.2200000e+000
  4.3090000e+001  2.0078883e+003  2.9500000e+000
  4.3110000e+001  2.0085824e+003  2.9200000e+000
  4.3490000e+001  2.0217741e+003  2.7300000e+000
  4.3650000e+001  2.0273279e+003  3.2000000e+000
  4.3650000e+001  2.0273279e+003  2.9100000e+000
  4.3650000e+001  2.0273279e+003  2.8300000e+000
  4.3710000e+001  2.0294104e+003  2.7200000e+000
  4.3710000e+001  2.0294104e+003  2.6600000e+000
  4.3910000e+001  2.0363518e+003  3.1000000e+000
  4.3910000e+001  2.0363518e+003  3.1000000e+000
  4.3910000e+001  2.0363518e+003  2.9500000e+000
  4.3910000e+001  2.0363518e+003  3.0400000e+000
  4.4070000e+001  2.0419074e+003  2.9100000e+000
  4.4110000e+001  2.0432966e+003  3.2100000e+000
  4.4110000e+001  2.0432966e+003  3.1100000e+000
  4.4110000e+001  2.0432966e+003  3.2200000e+000
  4.4260000e+001  2.0497181e+003  3.1000000e+000
  4.4260000e+001  2.0497181e+003  3.0100000e+000
  4.4260000e+001  2.0497181e+003  2.9500000e+000
  4.4260000e+001  2.0497181e+003  3.5500000e+000
  4.4310000e+001  2.0518876e+003  2.7000000e+000
  4.4310000e+001  2.0518876e+003  2.9300000e+000
  4.4310000e+001  2.0518876e+003  2.7500000e+000
  4.4310000e+001  2.0518876e+003  2.8000000e+000
  4.4460000e+001  2.0583948e+003  3.4600000e+000
  4.4510000e+001  2.0605641e+003  2.8200000e+000
  4.4640000e+001  2.0669562e+003  3.4800000e+000
  4.5010000e+001  2.0861760e+003  3.0400000e+000
  4.5010000e+001  2.0861760e+003  3.2000000e+000
  4.5410000e+001  2.1035338e+003  3.0600000e+000
  4.5610000e+001  2.1122113e+003  2.8700000e+000
  4.5610000e+001  2.1122113e+003  2.8900000e+000
  4.5810000e+001  2.1208898e+003  3.0500000e+000
  4.6010000e+001  2.1295685e+003  2.5800000e+000
  4.6390000e+001  2.1427996e+003  2.9500000e+000
  4.6590000e+001  2.1497411e+003  3.7700000e+000
  4.6790000e+001  2.1566860e+003  3.5500000e+000
  4.6790000e+001  2.1566860e+003  3.7000000e+000
  4.6990000e+001  2.1636275e+003  3.2800000e+000
  4.6990000e+001  2.1636275e+003  3.1100000e+000
  4.7190000e+001  2.1705690e+003  3.2200000e+000
  4.7590000e+001  2.1844555e+003  2.7700000e+000
  4.7590000e+001  2.1844555e+003  2.6500000e+000
  4.7910000e+001  2.1955640e+003  2.8700000e+000
  4.8190000e+001  2.2052834e+003  3.1800000e+000
  4.8190000e+001  2.2052834e+003  3.0800000e+000
  5.0560000e+001  2.2875539e+003  2.8100000e+000
  5.0760000e+001  2.2944954e+003  2.7200000e+000
  5.0980000e+001  2.3021345e+003  2.6600000e+000
  5.1160000e+001  2.3083819e+003  2.7000000e+000
  5.1360000e+001  2.3160374e+003  3.0100000e+000
  5.1360000e+001  2.3160374e+003  2.9900000e+000
  5.1760000e+001  2.3333961e+003  2.8300000e+000
  5.1960000e+001  2.3408507e+003  2.5900000e+000
  5.2150000e+001  2.3474451e+003  2.5000000e+000
  5.2380000e+001  2.3554304e+003  3.4300000e+000
  5.2560000e+001  2.3616786e+003  3.4500000e+000
  5.2560000e+001  2.3616786e+003  3.2600000e+000
  5.2560000e+001  2.3616786e+003  3.1900000e+000
  5.2760000e+001  2.3686201e+003  3.0800000e+000
  5.2960000e+001  2.3755637e+003  2.6200000e+000
  5.3370000e+001  2.3897951e+003  2.8500000e+000
  5.3570000e+001  2.3967389e+003  2.8500000e+000
  5.3770000e+001  2.4036816e+003  2.6700000e+000
  5.3990000e+001  2.4113172e+003  2.6900000e+000
  5.4170000e+001  2.4175668e+003  2.6900000e+000
  5.4370000e+001  2.4245095e+003  2.8900000e+000
  5.4670000e+001  2.4349218e+003  3.6400000e+000
  5.4670000e+001  2.4349218e+003  3.4700000e+000
  5.4670000e+001  2.4349218e+003  3.4300000e+000
  5.4860000e+001  2.4415196e+003  3.2900000e+000
  5.5060000e+001  2.4484611e+003  3.0400000e+000
  5.5460000e+001  2.4623476e+003  2.6000000e+000
  5.5860000e+001  2.4762306e+003  2.6300000e+000
  5.5860000e+001  2.4762306e+003  3.0200000e+000
  5.5860000e+001  2.4762306e+003  2.8000000e+000
  5.6060000e+001  2.4834361e+003  3.0800000e+000
  5.6260000e+001  2.4921177e+003  3.1000000e+000
  5.6440000e+001  2.4999274e+003  2.6200000e+000
  5.6660000e+001  2.5086994e+003  2.9700000e+000
  5.6840000e+001  2.5149495e+003  3.0400000e+000
  5.7040000e+001  2.5218917e+003  3.3900000e+000
  5.7040000e+001  2.5218917e+003  3.4900000e+000
  5.7040000e+001  2.5218917e+003  3.5700000e+000
  5.7240000e+001  2.5288332e+003  3.0800000e+000
  5.7640000e+001  2.5427196e+003  2.6200000e+000
  5.7840000e+001  2.5496611e+003  2.5100000e+000
  5.8040000e+001  2.5566053e+003  2.7700000e+000
  5.8260000e+001  2.5642417e+003  2.8700000e+000
  5.8260000e+001  2.5642417e+003  2.9400000e+000
  5.8350000e+001  2.5673654e+003  2.8800000e+000
  5.8350000e+001  2.5673654e+003  2.9500000e+000
  5.9170000e+001  2.5958299e+003  2.8100000e+000
  5.9360000e+001  2.6024268e+003  3.2300000e+000
  5.9560000e+001  2.6093683e+003  3.2900000e+000
