  2.0000000e-001  4.2757862e+000  3.3500000e+000
  3.0000000e-001  1.2120696e+001  4.2100000e+000
  3.9000000e-001  1.8463020e+001  4.4600000e+000
  5.1000000e-001  2.6542748e+001  4.6300000e+000
  6.2000000e-001  3.3610883e+001  4.7200000e+000
  7.1000000e-001  3.9246603e+001  4.4100000e+000
  7.8000000e-001  4.3144004e+001  4.5500000e+000
  8.9000000e-001  4.9268490e+001  4.6100000e+000
  1.0000000e+000  5.5392977e+001  4.6400000e+000
  1.1000000e+000  6.0960691e+001  4.5500000e+000
  1.2000000e+000  6.6528406e+001  4.5700000e+000
  1.3200000e+000  7.3209664e+001  4.2300000e+000
  1.3700000e+000  7.5993522e+001  4.3200000e+000
  1.4000000e+000  7.7663836e+001  4.4400000e+000
  1.4200000e+000  7.8777379e+001  4.3600000e+000
  1.5100000e+000  8.3286532e+001  4.4700000e+000
  1.6200000e+000  8.8645458e+001  4.5600000e+000
  1.6300000e+000  8.9141680e+001  4.1400000e+000
  1.7000000e+000  9.3039081e+001  4.1300000e+000
  1.7300000e+000  9.4709395e+001  4.1200000e+000
  1.7900000e+000  9.8050024e+001  4.0300000e+000
  1.8300000e+000  1.0027693e+002  3.9800000e+000
  1.9000000e+000  1.0417435e+002  4.0300000e+000
  2.0000000e+000  1.0974248e+002  4.2200000e+000
  2.1100000e+000  1.1586643e+002  3.4800000e+000
  2.1900000e+000  1.2023213e+002  3.1900000e+000
  2.2800000e+000  1.2461656e+002  3.2700000e+000
  2.4000000e+000  1.3046264e+002  3.8700000e+000
  2.5000000e+000  1.3533476e+002  4.7200000e+000
  2.6000000e+000  1.4049256e+002  5.1200000e+000
  2.7000000e+000  1.4642406e+002  4.8400000e+000
  2.8000000e+000  1.5278705e+002  4.4800000e+000
  2.9000000e+000  1.5940123e+002  4.9300000e+000
  3.0100000e+000  1.6675058e+002  4.6800000e+000
  3.1000000e+000  1.7276375e+002  4.4900000e+000
  3.2000000e+000  1.7944533e+002  4.5200000e+000
  3.3000000e+000  1.8612626e+002  4.2400000e+000
  3.3800000e+000  1.9147099e+002  3.9800000e+000
  3.5000000e+000  1.9922614e+002  3.8200000e+000
  3.6000000e+000  2.0546563e+002  3.9300000e+000
  3.7000000e+000  2.1089217e+002  3.9400000e+000
  3.8000000e+000  2.1576429e+002  3.9900000e+000
  3.9000000e+000  2.2056799e+002  3.9600000e+000
  4.0000000e+000  2.2520740e+002  3.5900000e+000
  4.4000000e+000  2.4376675e+002  3.6100000e+000
  4.5000000e+000  2.4853881e+002  4.4200000e+000
  4.6000000e+000  2.5341040e+002  3.9500000e+000
  4.7000000e+000  2.5874310e+002  4.2200000e+000
  4.8000000e+000  2.6506356e+002  4.2600000e+000
  4.9000000e+000  2.7151462e+002  3.9600000e+000
  4.9800000e+000  2.7685935e+002  4.5500000e+000
  5.1000000e+000  2.8523967e+002  4.2000000e+000
  5.2000000e+000  2.9304816e+002  4.1100000e+000
  5.3000000e+000  3.0226985e+002  4.3800000e+000
  5.3900000e+000  3.1062148e+002  3.6200000e+000
  5.5100000e+000  3.2175707e+002  3.1800000e+000
  5.6000000e+000  3.3010852e+002  3.2400000e+000
  5.7200000e+000  3.4148415e+002  4.6300000e+000
  5.8000000e+000  3.5231650e+002  4.5000000e+000
  5.9000000e+000  3.6547249e+002  4.5000000e+000
  6.0000000e+000  3.7446777e+002  4.3800000e+000
  6.1000000e+000  3.8199698e+002  3.8200000e+000
  6.2000000e+000  3.8886190e+002  3.5000000e+000
  6.3000000e+000  3.9522488e+002  3.6800000e+000
  6.4000000e+000  4.0102321e+002  3.4600000e+000
  6.4600000e+000  4.0394616e+002  3.2700000e+000
  6.6000000e+000  4.1062312e+002  3.5800000e+000
  6.7000000e+000  4.1503559e+002  3.6400000e+000
  6.8000000e+000  4.1912001e+002  3.9600000e+000
  6.9000000e+000  4.2265263e+002  3.8800000e+000
  7.0100000e+000  4.2632760e+002  4.4400000e+000
  7.1000000e+000  4.2933431e+002  5.1800000e+000
  7.3000000e+000  4.3601516e+002  4.9600000e+000
  7.3900000e+000  4.3902195e+002  4.8300000e+000
  7.4900000e+000  4.4236283e+002  4.8500000e+000
  7.6000000e+000  4.4603752e+002  4.7200000e+000
  7.6800000e+000  4.4870956e+002  4.8300000e+000
  7.8000000e+000  4.5271856e+002  4.6700000e+000
  7.9000000e+000  4.5605944e+002  4.8600000e+000
  8.0000000e+000  4.5939969e+002  4.7500000e+000
  8.1000000e+000  4.6274020e+002  4.6200000e+000
  8.1900000e+000  4.6574699e+002  4.8100000e+000
  8.3000000e+000  4.6942182e+002  4.7400000e+000
  8.4000000e+000  4.7276186e+002  4.8900000e+000
  8.5300000e+000  4.7784123e+002  4.4700000e+000
  8.6000000e+000  4.8090790e+002  4.2300000e+000
  8.7000000e+000  4.8554731e+002  4.1300000e+000
  8.8000000e+000  4.9151169e+002  4.0000000e+000
  8.9200000e+000  4.9914789e+002  4.0000000e+000
  9.0000000e+000  5.0423827e+002  3.9000000e+000
  9.0500000e+000  5.0741977e+002  4.1700000e+000
  9.1500000e+000  5.1378275e+002  4.5200000e+000
  9.2500000e+000  5.2018754e+002  4.3200000e+000
  9.3500000e+000  5.2686846e+002  4.3600000e+000
  9.4500000e+000  5.3355017e+002  4.2100000e+000
  9.5000000e+000  5.3689085e+002  4.2600000e+000
  9.6000000e+000  5.4357182e+002  4.7700000e+000
  9.7000000e+000  5.5025358e+002  4.3100000e+000
  9.8000000e+000  5.5693461e+002  3.9600000e+000
  9.9000000e+000  5.6361554e+002  4.0900000e+000
  1.0000000e+001  5.7029686e+002  4.1500000e+000
  1.0100000e+001  5.7697918e+002  3.9800000e+000
  1.0200000e+001  5.8366246e+002  4.0800000e+000
  1.0300000e+001  5.9034142e+002  3.9400000e+000
  1.0400000e+001  5.9702467e+002  3.7500000e+000
  1.0500000e+001  6.0370443e+002  4.0300000e+000
  1.0600000e+001  6.1022186e+002  3.6700000e+000
  1.0700000e+001  6.1658735e+002  3.8600000e+000
  1.0800000e+001  6.2185350e+002  4.1700000e+000
  1.0900000e+001  6.2672562e+002  5.2900000e+000
  1.1000000e+001  6.3143531e+002  4.5600000e+000
  1.1100000e+001  6.3602585e+002  5.0000000e+000
  1.1200000e+001  6.4046121e+002  5.0500000e+000
  1.1300000e+001  6.4458068e+002  4.5100000e+000
  1.1400000e+001  6.4814062e+002  4.6300000e+000
  1.1500000e+001  6.5148231e+002  4.3500000e+000
  1.1600000e+001  6.5482183e+002  4.6300000e+000
  1.1700000e+001  6.5816327e+002  4.6100000e+000
  1.1800000e+001  6.6150309e+002  4.5700000e+000
  1.1900000e+001  6.6484435e+002  4.5800000e+000
  1.2000000e+001  6.6818539e+002  4.8300000e+000
  1.2100000e+001  6.7161832e+002  4.6700000e+000
  1.2200000e+001  6.7532958e+002  4.5100000e+000
  1.2300000e+001  6.7904279e+002  4.1600000e+000
  1.2400000e+001  6.8275430e+002  4.1600000e+000
  1.2500000e+001  6.8646455e+002  4.0100000e+000
  1.2600000e+001  6.9017770e+002  3.6300000e+000
  1.2700000e+001  6.9388992e+002  3.9900000e+000
  1.2800000e+001  6.9760076e+002  3.8600000e+000
  1.2900000e+001  7.0131261e+002  4.2200000e+000
  1.3000000e+001  7.0502555e+002  4.1400000e+000
  1.3100000e+001  7.0884379e+002  4.1600000e+000
  1.3200000e+001  7.1309733e+002  3.6500000e+000
  1.3300000e+001  7.1756969e+002  4.7100000e+000
  1.3400000e+001  7.2220980e+002  4.4800000e+000
  1.3500000e+001  7.2700177e+002  4.2900000e+000
  1.3600000e+001  7.3187336e+002  4.0700000e+000
  1.3700000e+001  7.3726342e+002  4.2500000e+000
  1.3800000e+001  7.4346317e+002  4.3700000e+000
  1.3940000e+001  7.5253827e+002  4.4800000e+000
  1.4060000e+001  7.6055576e+002  4.7000000e+000
  1.4200000e+001  7.6990989e+002  3.7100000e+000
  1.4300000e+001  7.7659093e+002  3.7600000e+000
  1.4400000e+001  7.8327134e+002  3.7300000e+000
  1.4500000e+001  7.8995486e+002  4.1800000e+000
  1.4600000e+001  7.9663298e+002  4.6900000e+000
  1.4700000e+001  8.0331653e+002  4.7900000e+000
  1.4780000e+001  8.0866076e+002  4.4400000e+000
  1.4890000e+001  8.1600992e+002  4.1100000e+000
  1.5000000e+001  8.2336015e+002  3.7700000e+000
  1.5100000e+001  8.2997661e+002  4.0000000e+000
  1.5200000e+001  8.3634150e+002  3.7900000e+000
  1.5300000e+001  8.4207863e+002  3.9200000e+000
  1.5400000e+001  8.4695023e+002  3.6800000e+000
  1.5500000e+001  8.5173316e+002  3.8400000e+000
  1.5600000e+001  8.5637327e+002  3.7700000e+000
  1.5700000e+001  8.6083767e+002  3.8500000e+000
  1.5800000e+001  8.6508084e+002  3.8500000e+000
  1.5890000e+001  8.6850991e+002  4.9500000e+000
  1.6000000e+001  8.7218917e+002  4.7500000e+000
  1.6110000e+001  8.7586280e+002  4.5100000e+000
  1.6200000e+001  8.7835003e+002  4.2900000e+000
  1.6400000e+001  8.8280447e+002  3.5100000e+000
  1.6480000e+001  8.8509764e+002  4.6300000e+000
  1.6600000e+001  8.9133259e+002  4.2400000e+000
  1.6700000e+001  8.9829228e+002  4.1500000e+000
  1.6790000e+001  9.0384226e+002  4.1800000e+000
  1.6880000e+001  9.0801836e+002  3.9600000e+000
  1.6990000e+001  9.1298407e+002  4.2700000e+000
  1.7200000e+001  9.2284034e+002  4.5400000e+000
  1.7300000e+001  9.2977096e+002  3.9400000e+000
  1.7400000e+001  9.3747208e+002  3.4700000e+000
  1.7490000e+001  9.4498870e+002  3.3000000e+000
  1.7600000e+001  9.5329675e+002  3.2300000e+000
  1.7690000e+001  9.5953185e+002  4.2400000e+000
  1.7800000e+001  9.6686680e+002  4.2400000e+000
  1.7900000e+001  9.7189987e+002  3.6900000e+000
  1.8000000e+001  9.7677146e+002  3.7800000e+000
  1.8100000e+001  9.8164351e+002  3.8300000e+000
  1.8200000e+001  9.8651563e+002  3.9100000e+000
  1.8300000e+001  9.9138724e+002  4.2400000e+000
  1.8420000e+001  9.9723316e+002  4.0300000e+000
  1.8550000e+001  1.0035662e+003  3.9300000e+000
  1.8750000e+001  1.0133137e+003  4.4100000e+000
  1.8850000e+001  1.0181841e+003  3.9200000e+000
  1.8950000e+001  1.0230531e+003  3.9400000e+000
  1.9030000e+001  1.0269515e+003  3.9200000e+000
  1.9100000e+001  1.0303635e+003  4.0500000e+000
  1.9200000e+001  1.0352355e+003  4.3200000e+000
  1.9290000e+001  1.0396176e+003  3.8800000e+000
  1.9400000e+001  1.0449761e+003  4.2900000e+000
  1.9480000e+001  1.0488755e+003  4.4300000e+000
  1.9590000e+001  1.0542345e+003  4.3900000e+000
  1.9700000e+001  1.0595904e+003  4.3100000e+000
  1.9800000e+001  1.0644630e+003  3.7100000e+000
  1.9900000e+001  1.0693372e+003  3.2500000e+000
  2.0000000e+001  1.0742073e+003  3.5000000e+000
  2.0080000e+001  1.0781025e+003  3.4600000e+000
  2.0190000e+001  1.0834624e+003  3.7700000e+000
  2.0300000e+001  1.0888240e+003  4.1000000e+000
  2.0380000e+001  1.0927194e+003  4.1400000e+000
  2.0480000e+001  1.0975883e+003  4.2400000e+000
  2.0600000e+001  1.1041699e+003  4.2500000e+000
  2.0700000e+001  1.1097395e+003  3.9900000e+000
  2.0790000e+001  1.1147554e+003  4.2400000e+000
  2.0900000e+001  1.1214494e+003  4.3900000e+000
  2.1000000e+001  1.1278306e+003  4.6000000e+000
  2.1090000e+001  1.1338406e+003  4.4500000e+000
  2.1190000e+001  1.1407328e+003  4.2400000e+000
  2.1300000e+001  1.1489870e+003  3.9100000e+000
  2.1400000e+001  1.1580021e+003  3.7900000e+000
  2.1500000e+001  1.1672796e+003  3.5500000e+000
  2.1600000e+001  1.1765589e+003  3.6600000e+000
  2.1690000e+001  1.1839575e+003  3.5200000e+000
  2.1790000e+001  1.1911238e+003  4.2500000e+000
  2.1880000e+001  1.1972470e+003  4.7000000e+000
  2.1990000e+001  1.2044652e+003  4.7300000e+000
  2.2100000e+001  1.2114646e+003  3.9600000e+000
  2.2200000e+001  1.2178296e+003  3.4000000e+000
  2.2260000e+001  1.2216487e+003  4.0100000e+000
  2.2380000e+001  1.2292849e+003  3.4900000e+000
  2.2480000e+001  1.2354050e+003  3.3400000e+000
  2.2580000e+001  1.2409747e+003  3.1000000e+000
  2.2690000e+001  1.2471002e+003  4.5300000e+000
  2.2780000e+001  1.2521088e+003  4.3700000e+000
  2.2850000e+001  1.2563443e+003  4.3400000e+000
  2.2940000e+001  1.2620711e+003  4.0000000e+000
  2.3050000e+001  1.2690676e+003  3.9500000e+000
  2.3150000e+001  1.2754277e+003  3.6800000e+000
  2.3240000e+001  1.2811599e+003  3.3600000e+000
  2.3310000e+001  1.2856181e+003  4.1900000e+000
  2.3420000e+001  1.2926133e+003  4.1400000e+000
  2.3490000e+001  1.2970654e+003  4.1200000e+000
  2.3590000e+001  1.3034285e+003  4.0700000e+000
  2.3690000e+001  1.3097926e+003  3.9700000e+000
  2.3780000e+001  1.3155213e+003  3.6400000e+000
  2.3880000e+001  1.3218851e+003  3.9200000e+000
  2.3950000e+001  1.3263392e+003  4.1300000e+000
