  7.9000000e-001  1.2000000e+001  4.3500000e+000
  1.0100000e+000  1.3500000e+001  5.0700000e+000
  1.2400000e+000  1.5100000e+001  4.9900000e+000
  1.5300000e+000  1.7100000e+001  4.8200000e+000
  1.8300000e+000  1.9200000e+001  4.6500000e+000
  2.0300000e+000  2.0900000e+001  4.8000000e+000
  2.2000000e+000  2.2300000e+001  4.6700000e+000
  2.3800000e+000  2.3800000e+001  4.5900000e+000
  2.6000000e+000  2.6500000e+001  4.5300000e+000
  2.8300000e+000  2.9600000e+001  4.4500000e+000
  3.0200000e+000  3.2300000e+001  4.5800000e+000
  3.1600000e+000  3.4600000e+001  4.4500000e+000
  3.3000000e+000  3.8200000e+001  4.1900000e+000
  3.4400000e+000  4.2500000e+001  4.2300000e+000
  3.5700000e+000  4.7600000e+001  4.5500000e+000
  3.6900000e+000  5.2500000e+001  4.6600000e+000
  3.8100000e+000  5.7100000e+001  4.3700000e+000
  4.0100000e+000  6.4100000e+001  3.9600000e+000
  4.1300000e+000  6.8600000e+001  3.9900000e+000
  4.2200000e+000  7.2200000e+001  3.8900000e+000
  4.3200000e+000  7.5200000e+001  3.7700000e+000
  4.4200000e+000  7.8300000e+001  4.0400000e+000
  4.5200000e+000  8.1000000e+001  4.2900000e+000
  4.6400000e+000  8.3900000e+001  4.0700000e+000
  4.7600000e+000  8.7100000e+001  4.0200000e+000
  4.8800000e+000  9.0000000e+001  3.8100000e+000
  5.0000000e+000  9.2600000e+001  3.6200000e+000
  5.1900000e+000  9.6600000e+001  3.9700000e+000
  5.3700000e+000  1.0370000e+002  4.0000000e+000
  5.4900000e+000  1.0840000e+002  3.6900000e+000
  5.6000000e+000  1.1360000e+002  3.6200000e+000
  5.6900000e+000  1.1930000e+002  3.1900000e+000
  5.7800000e+000  1.2650000e+002  3.0500000e+000
  5.8600000e+000  1.3050000e+002  3.8400000e+000
  6.0100000e+000  1.3510000e+002  4.6400000e+000
  6.3200000e+000  1.4250000e+002  4.8900000e+000
  6.4900000e+000  1.4620000e+002  4.9300000e+000
  6.5600000e+000  1.4770000e+002  4.9700000e+000
  6.6200000e+000  1.4900000e+002  4.8300000e+000
  6.6700000e+000  1.5050000e+002  4.7400000e+000
  6.7500000e+000  1.5270000e+002  4.5800000e+000
  6.8500000e+000  1.5530000e+002  4.5900000e+000
  6.9500000e+000  1.5830000e+002  4.6000000e+000
  7.0400000e+000  1.6140000e+002  4.3800000e+000
  7.1400000e+000  1.6450000e+002  4.3500000e+000
  7.2300000e+000  1.6740000e+002  4.3000000e+000
  7.3100000e+000  1.6980000e+002  4.3600000e+000
  7.3800000e+000  1.7220000e+002  4.5000000e+000
  7.4600000e+000  1.7450000e+002  4.4200000e+000
  7.5400000e+000  1.7670000e+002  4.5200000e+000
  7.6100000e+000  1.7900000e+002  4.6100000e+000
  7.7700000e+000  1.8380000e+002  4.3300000e+000
  8.0100000e+000  1.9070000e+002  4.0600000e+000
  8.2400000e+000  1.9840000e+002  3.7300000e+000
  8.3000000e+000  2.0100000e+002  3.4800000e+000
  8.3500000e+000  2.0330000e+002  3.6900000e+000
  8.4000000e+000  2.0530000e+002  3.8000000e+000
  8.4500000e+000  2.0720000e+002  3.6300000e+000
  8.5000000e+000  2.0900000e+002  3.5500000e+000
  8.5500000e+000  2.1080000e+002  3.5600000e+000
  8.6100000e+000  2.1340000e+002  3.6100000e+000
  8.7000000e+000  2.1720000e+002  3.5300000e+000
  8.7500000e+000  2.2000000e+002  3.5600000e+000
  8.8000000e+000  2.2280000e+002  4.6700000e+000
  8.8500000e+000  2.2570000e+002  4.3300000e+000
  8.9000000e+000  2.2870000e+002  3.9900000e+000
  8.9500000e+000  2.3160000e+002  4.2800000e+000
  9.0000000e+000  2.3450000e+002  3.6400000e+000
  9.0500000e+000  2.3750000e+002  3.4500000e+000
  9.1000000e+000  2.4040000e+002  3.4000000e+000
  9.1500000e+000  2.4300000e+002  3.9100000e+000
  9.3200000e+000  2.4890000e+002  4.4000000e+000
  9.4800000e+000  2.5240000e+002  4.7000000e+000
  9.6200000e+000  2.5520000e+002  4.7000000e+000
  9.7800000e+000  2.5850000e+002  4.6400000e+000
  9.9200000e+000  2.6120000e+002  4.4400000e+000
  1.0080000e+001  2.6410000e+002  4.3800000e+000
  1.0220000e+001  2.6630000e+002  4.4700000e+000
  1.0380000e+001  2.6860000e+002  4.1200000e+000
  1.0530000e+001  2.7060000e+002  4.3900000e+000
  1.0590000e+001  2.7140000e+002  3.5500000e+000
  1.0760000e+001  2.7380000e+002  4.1400000e+000
  1.0890000e+001  2.7560000e+002  4.4300000e+000
  1.1040000e+001  2.7770000e+002  4.2900000e+000
  1.1190000e+001  2.8040000e+002  4.0300000e+000
  1.1340000e+001  2.8270000e+002  3.8600000e+000
  1.1490000e+001  2.8620000e+002  3.8500000e+000
  1.1640000e+001  2.9000000e+002  3.9900000e+000
  1.1790000e+001  2.9360000e+002  4.2200000e+000
  1.2010000e+001  2.9840000e+002  4.2500000e+000
  1.2090000e+001  3.0030000e+002  4.1900000e+000
  1.2260000e+001  3.0520000e+002  3.9000000e+000
  1.2390000e+001  3.0930000e+002  3.8800000e+000
  1.2540000e+001  3.1400000e+002  3.5700000e+000
  1.2690000e+001  3.1880000e+002  3.5100000e+000
  1.2840000e+001  3.2280000e+002  3.0900000e+000
  1.2990000e+001  3.2670000e+002  2.9300000e+000
  1.3140000e+001  3.3040000e+002  3.2400000e+000
  1.3290000e+001  3.3360000e+002  3.5300000e+000
  1.3510000e+001  3.3810000e+002  3.8100000e+000
  1.3590000e+001  3.4020000e+002  4.7700000e+000
  1.3760000e+001  3.4490000e+002  4.5200000e+000
  1.3890000e+001  3.4810000e+002  4.4000000e+000
  1.4040000e+001  3.5090000e+002  4.7100000e+000
  1.4190000e+001  3.5340000e+002  4.3700000e+000
  1.4340000e+001  3.5590000e+002  4.1200000e+000
  1.4490000e+001  3.5850000e+002  4.4400000e+000
  1.4710000e+001  3.6220000e+002  4.3900000e+000
  1.4790000e+001  3.6360000e+002  4.3900000e+000
  1.4870000e+001  3.6490000e+002  4.2700000e+000
  1.5010000e+001  3.6750000e+002  4.3400000e+000
  1.5090000e+001  3.6910000e+002  4.2200000e+000
  1.5260000e+001  3.7310000e+002  4.2500000e+000
  1.5390000e+001  3.7630000e+002  4.2000000e+000
  1.5540000e+001  3.8070000e+002  3.9600000e+000
  1.5690000e+001  3.8510000e+002  3.8800000e+000
  1.5840000e+001  3.8900000e+002  3.7800000e+000
  1.5990000e+001  3.9220000e+002  3.7400000e+000
  1.6140000e+001  3.9540000e+002  3.5600000e+000
  1.6210000e+001  3.9690000e+002  3.4100000e+000
  1.6290000e+001  3.9860000e+002  3.2900000e+000
  1.6510000e+001  4.0320000e+002  3.0400000e+000
  1.6590000e+001  4.0490000e+002  2.8100000e+000
  1.6760000e+001  4.0930000e+002  3.1800000e+000
  1.6890000e+001  4.1270000e+002  3.3300000e+000
  1.7040000e+001  4.1660000e+002  3.6700000e+000
  1.7190000e+001  4.1980000e+002  3.6400000e+000
  1.7340000e+001  4.2290000e+002  3.6300000e+000
  1.7410000e+001  4.2430000e+002  3.8100000e+000
  1.7490000e+001  4.2580000e+002  4.7700000e+000
  1.7640000e+001  4.2860000e+002  4.7400000e+000
  1.7710000e+001  4.3000000e+002  4.8200000e+000
  1.7790000e+001  4.3150000e+002  4.9600000e+000
  1.8090000e+001  4.3710000e+002  4.7000000e+000
  1.8260000e+001  4.3990000e+002  4.4500000e+000
  1.8390000e+001  4.4230000e+002  4.7600000e+000
  1.8540000e+001  4.4560000e+002  4.6800000e+000
  1.8690000e+001  4.5040000e+002  4.6900000e+000
  1.8840000e+001  4.5570000e+002  4.6300000e+000
  1.9140000e+001  4.6570000e+002  4.2700000e+000
  1.9220000e+001  4.6760000e+002  3.9100000e+000
  1.9350000e+001  4.7020000e+002  4.0300000e+000
  1.9500000e+001  4.7320000e+002  4.3700000e+000
  1.9630000e+001  4.7620000e+002  4.4300000e+000
  1.9650000e+001  4.7670000e+002  4.2000000e+000
  1.9800000e+001  4.8230000e+002  3.9900000e+000
  1.9950000e+001  4.9000000e+002  3.7600000e+000
  2.0100000e+001  4.9880000e+002  3.5200000e+000
  2.0250000e+001  5.0910000e+002  3.8300000e+000
  2.0470000e+001  5.2410000e+002  3.7900000e+000
  2.0550000e+001  5.2950000e+002  3.9700000e+000
  2.0620000e+001  5.3340000e+002  4.2400000e+000
  2.0720000e+001  5.3890000e+002  4.5800000e+000
  2.0850000e+001  5.4430000e+002  4.5300000e+000
  2.1000000e+001  5.4990000e+002  4.5300000e+000
  2.1150000e+001  5.5610000e+002  4.2800000e+000
  2.1300000e+001  5.6310000e+002  4.2500000e+000
  2.1450000e+001  5.7320000e+002  3.7100000e+000
  2.1600000e+001  5.8030000e+002  3.7300000e+000
  2.1750000e+001  5.8580000e+002  3.8400000e+000
  2.2050000e+001  5.9550000e+002  4.0600000e+000
  2.2130000e+001  5.9800000e+002  3.7300000e+000
  2.2220000e+001  6.0050000e+002  3.6600000e+000
  2.2350000e+001  6.0300000e+002  3.6900000e+000
  2.2550000e+001  6.0570000e+002  3.6000000e+000
  2.2630000e+001  6.0660000e+002  3.8600000e+000
  2.2720000e+001  6.0740000e+002  3.6800000e+000
  2.2800000e+001  6.0810000e+002  3.5900000e+000
  2.2930000e+001  6.0920000e+002  3.4800000e+000
  2.3000000e+001  6.0980000e+002  3.5200000e+000
  2.3230000e+001  6.1170000e+002  3.2300000e+000
  2.3680000e+001  6.1540000e+002  3.6600000e+000
  2.3830000e+001  6.1670000e+002  3.3100000e+000
  2.4050000e+001  6.1850000e+002  3.4500000e+000
  2.4130000e+001  6.1920000e+002  3.6300000e+000
  2.4300000e+001  6.2080000e+002  3.9900000e+000
  2.4430000e+001  6.2220000e+002  4.0800000e+000
  2.4880000e+001  6.2760000e+002  5.0100000e+000
  2.5330000e+001  6.3400000e+002  4.9800000e+000
  2.5550000e+001  6.3720000e+002  4.6700000e+000
  2.5630000e+001  6.3850000e+002  4.7600000e+000
  2.5800000e+001  6.4160000e+002  4.6500000e+000
  2.6530000e+001  6.5510000e+002  4.6000000e+000
  2.6680000e+001  6.5860000e+002  4.5500000e+000
  2.6830000e+001  6.6220000e+002  4.5900000e+000
  2.7050000e+001  6.6850000e+002  4.5100000e+000
  2.7130000e+001  6.7090000e+002  4.4400000e+000
  2.7300000e+001  6.7600000e+002  4.2500000e+000
  2.7430000e+001  6.7980000e+002  3.9300000e+000
  2.7580000e+001  6.8310000e+002  3.8400000e+000
  2.7730000e+001  6.8610000e+002  3.7800000e+000
  2.7880000e+001  6.8910000e+002  3.7200000e+000
  2.8030000e+001  6.9220000e+002  3.5600000e+000
  2.8180000e+001  6.9520000e+002  3.4700000e+000
  2.8330000e+001  6.9850000e+002  3.4200000e+000
  2.8550000e+001  7.0290000e+002  3.5900000e+000
  2.8630000e+001  7.0490000e+002  3.6400000e+000
  2.8800000e+001  7.0910000e+002  3.9300000e+000
  2.8930000e+001  7.1230000e+002  4.3800000e+000
  2.9080000e+001  7.1600000e+002  4.5300000e+000
  2.9230000e+001  7.1930000e+002  4.5700000e+000
  2.9380000e+001  7.2220000e+002  4.4400000e+000
  2.9530000e+001  7.2530000e+002  4.4200000e+000
  2.9680000e+001  7.2860000e+002  4.0500000e+000
  2.9830000e+001  7.3190000e+002  3.7800000e+000
  3.0050000e+001  7.3670000e+002  4.0200000e+000
  3.0130000e+001  7.3850000e+002  4.0300000e+000
  3.0300000e+001  7.4220000e+002  4.0900000e+000
  3.0430000e+001  7.4450000e+002  4.4100000e+000
  3.0580000e+001  7.4720000e+002  4.5500000e+000
  3.0730000e+001  7.5010000e+002  4.5300000e+000
  3.0880000e+001  7.5430000e+002  4.4800000e+000
  3.1030000e+001  7.5850000e+002  4.3700000e+000
  3.1180000e+001  7.6360000e+002  4.3200000e+000
  3.1260000e+001  7.6640000e+002  4.2000000e+000
  3.1560000e+001  7.7830000e+002  3.9600000e+000
  3.1720000e+001  7.8410000e+002  3.5800000e+000
  3.2020000e+001  7.9180000e+002  3.7500000e+000
  3.2160000e+001  7.9480000e+002  4.2800000e+000
  3.2320000e+001  7.9780000e+002  4.7200000e+000
  3.2620000e+001  8.0330000e+002  4.4700000e+000
  3.2680000e+001  8.0440000e+002  4.3200000e+000
  3.2770000e+001  8.0600000e+002  4.5200000e+000
  3.2990000e+001  8.1080000e+002  4.1600000e+000
  3.3070000e+001  8.1330000e+002  4.1900000e+000
  3.3240000e+001  8.1850000e+002  3.7400000e+000
  3.3390000e+001  8.2360000e+002  3.6700000e+000
  3.3520000e+001  8.2830000e+002  3.7400000e+000
  3.3650000e+001  8.3340000e+002  3.8100000e+000
  3.3820000e+001  8.4080000e+002  3.8300000e+000
  3.3970000e+001  8.4680000e+002  3.5600000e+000
  3.4120000e+001  8.5220000e+002  3.5400000e+000
  3.4270000e+001  8.5740000e+002  3.3300000e+000
  3.4490000e+001  8.6440000e+002  3.6700000e+000
  3.4570000e+001  8.6630000e+002  4.1700000e+000
  3.4740000e+001  8.7020000e+002  3.8500000e+000
  3.4870000e+001  8.7330000e+002  4.6400000e+000
  3.5170000e+001  8.8110000e+002  4.4000000e+000
  3.5320000e+001  8.8510000e+002  3.8100000e+000
  3.5470000e+001  8.8910000e+002  4.3400000e+000
  3.5770000e+001  8.9700000e+002  3.9300000e+000
  3.6070000e+001  9.0290000e+002  4.1000000e+000
  3.6390000e+001  9.0890000e+002  4.0400000e+000
  3.6520000e+001  9.1130000e+002  4.1100000e+000
  3.6670000e+001  9.1370000e+002  3.9000000e+000
  3.6820000e+001  9.1650000e+002  4.0900000e+000
  3.6890000e+001  9.1780000e+002  4.0600000e+000
  3.6970000e+001  9.1930000e+002  4.4800000e+000
  3.7120000e+001  9.2230000e+002  3.3700000e+000
  3.7330000e+001  9.2650000e+002  4.2800000e+000
  3.7490000e+001  9.3040000e+002  3.9900000e+000
  3.7640000e+001  9.3430000e+002  3.8200000e+000
  3.7740000e+001  9.3680000e+002  3.8100000e+000
  3.8020000e+001  9.4260000e+002  3.4200000e+000
  3.8170000e+001  9.4570000e+002  3.5100000e+000
  3.8270000e+001  9.4780000e+002  3.3800000e+000
  3.8490000e+001  9.5200000e+002  3.2800000e+000
  3.8620000e+001  9.5510000e+002  3.2900000e+000
  3.8750000e+001  9.5890000e+002  3.4600000e+000
  3.8830000e+001  9.6120000e+002  4.4800000e+000
  3.8990000e+001  9.6530000e+002  4.4200000e+000
  3.9070000e+001  9.6720000e+002  3.8500000e+000
  3.9240000e+001  9.7110000e+002  4.0900000e+000
  3.9370000e+001  9.7410000e+002  3.8400000e+000
  3.9520000e+001  9.7760000e+002  3.8100000e+000
  3.9650000e+001  9.8070000e+002  3.7900000e+000
  3.9820000e+001  9.8460000e+002  3.9700000e+000
  3.9970000e+001  9.8810000e+002  4.0500000e+000
  4.0120000e+001  9.9140000e+002  3.8700000e+000
  4.0320000e+001  9.9530000e+002  3.6100000e+000
  4.0490000e+001  9.9840000e+002  3.7700000e+000
  4.0570000e+001  9.9980000e+002  3.5600000e+000
  4.0740000e+001  1.0042000e+003  4.1200000e+000
  4.0840000e+001  1.0070000e+003  4.2200000e+000
  4.1020000e+001  1.0117000e+003  3.9000000e+000
  4.1170000e+001  1.0150000e+003  3.7200000e+000
  4.1320000e+001  1.0181000e+003  3.7700000e+000
  4.1470000e+001  1.0208000e+003  3.5900000e+000
  4.1620000e+001  1.0237000e+003  3.3800000e+000
  4.1670000e+001  1.0246000e+003  3.6800000e+000
  4.1830000e+001  1.0273000e+003  3.5400000e+000
  4.1970000e+001  1.0298000e+003  3.7700000e+000
  4.2270000e+001  1.0351000e+003  4.2600000e+000
  4.2330000e+001  1.0361000e+003  4.2800000e+000
  4.2430000e+001  1.0381000e+003  4.4600000e+000
  4.2570000e+001  1.0409000e+003  4.3900000e+000
  4.2870000e+001  1.0469000e+003  4.5100000e+000
  4.3170000e+001  1.0535000e+003  3.8500000e+000
  4.3320000e+001  1.0572000e+003  3.9400000e+000
  4.3540000e+001  1.0625000e+003  3.8800000e+000
  4.3710000e+001  1.0668000e+003  3.1400000e+000
  4.3790000e+001  1.0688000e+003  3.1400000e+000
  4.3920000e+001  1.0721000e+003  2.9300000e+000
  4.4070000e+001  1.0759000e+003  2.9900000e+000
  4.4220000e+001  1.0798000e+003  3.2000000e+000
  4.4370000e+001  1.0842000e+003  3.3200000e+000
  4.4670000e+001  1.0929000e+003  3.6900000e+000
  4.4820000e+001  1.0972000e+003  3.8400000e+000
  4.4900000e+001  1.0995000e+003  3.7500000e+000
  4.5040000e+001  1.1035000e+003  3.5900000e+000
  4.5120000e+001  1.1055000e+003  3.7500000e+000
  4.5290000e+001  1.1091000e+003  3.5300000e+000
  4.5400000e+001  1.1111000e+003  3.4300000e+000
  4.5570000e+001  1.1142000e+003  3.8300000e+000
  4.5870000e+001  1.1221000e+003  4.1700000e+000
  4.6020000e+001  1.1268000e+003  4.6300000e+000
  4.6090000e+001  1.1289000e+003  4.1500000e+000
  4.6240000e+001  1.1336000e+003  3.9800000e+000
  4.6410000e+001  1.1389000e+003  3.8300000e+000
  4.6640000e+001  1.1461000e+003  3.7800000e+000
  4.6790000e+001  1.1506000e+003  3.6700000e+000
  4.6920000e+001  1.1543000e+003  3.4000000e+000
  4.7300000e+001  1.1649000e+003  3.3700000e+000
  4.7520000e+001  1.1699000e+003  3.3900000e+000
  4.7670000e+001  1.1728000e+003  3.4100000e+000
  4.7800000e+001  1.1752000e+003  3.4900000e+000
  4.7910000e+001  1.1772000e+003  3.7200000e+000
  4.8040000e+001  1.1795000e+003  3.3100000e+000
  4.8120000e+001  1.1810000e+003  3.3600000e+000
  4.8290000e+001  1.1841000e+003  3.4300000e+000
  4.8420000e+001  1.1864000e+003  4.0900000e+000
  4.8460000e+001  1.1873000e+003  3.5400000e+000
  4.8570000e+001  1.1897000e+003  4.1400000e+000
  4.8700000e+001  1.1926000e+003  4.1600000e+000
  4.8720000e+001  1.1930000e+003  4.1900000e+000
  4.8870000e+001  1.1963000e+003  4.4300000e+000
  4.9020000e+001  1.1997000e+003  4.4300000e+000
  4.9090000e+001  1.2012000e+003  4.3100000e+000
  4.9170000e+001  1.2030000e+003  4.2100000e+000
  4.9320000e+001  1.2062000e+003  4.2200000e+000
  4.9390000e+001  1.2076000e+003  4.5000000e+000
  4.9540000e+001  1.2111000e+003  4.1500000e+000
  4.9620000e+001  1.2137000e+003  4.0600000e+000
  4.9790000e+001  1.2195000e+003  3.7800000e+000
  4.9920000e+001  1.2240000e+003  3.6000000e+000
  5.0070000e+001  1.2288000e+003  3.1800000e+000
  5.0220000e+001  1.2332000e+003  3.1100000e+000
  5.0370000e+001  1.2372000e+003  3.2000000e+000
  5.0520000e+001  1.2406000e+003  3.1600000e+000
  5.0820000e+001  1.2466000e+003  4.3600000e+000
  5.0890000e+001  1.2477000e+003  4.4300000e+000
  5.1040000e+001  1.2500000e+003  4.5100000e+000
  5.1120000e+001  1.2511000e+003  4.4800000e+000
  5.1210000e+001  1.2524000e+003  4.4000000e+000
  5.1290000e+001  1.2535000e+003  4.2200000e+000
  5.1570000e+001  1.2570000e+003  3.9000000e+000
  5.1700000e+001  1.2585000e+003  3.8100000e+000
  5.1870000e+001  1.2602000e+003  3.7500000e+000
  5.2020000e+001  1.2618000e+003  3.8800000e+000
  5.2260000e+001  1.2643000e+003  3.9200000e+000
  5.2400000e+001  1.2662000e+003  3.8200000e+000
  5.2550000e+001  1.2686000e+003  4.3500000e+000
  5.2660000e+001  1.2702000e+003  4.3500000e+000
  5.2700000e+001  1.2708000e+003  4.2400000e+000
  5.2850000e+001  1.2731000e+003  3.9900000e+000
  5.3000000e+001  1.2756000e+003  3.6400000e+000
  5.3130000e+001  1.2780000e+003  3.6500000e+000
  5.3210000e+001  1.2795000e+003  3.5600000e+000
  5.3370000e+001  1.2831000e+003  3.5400000e+000
  5.3620000e+001  1.2915000e+003  3.9400000e+000
  5.3750000e+001  1.2966000e+003  3.8800000e+000
  5.3900000e+001  1.3032000e+003  4.0000000e+000
  5.4050000e+001  1.3118000e+003  3.3800000e+000
  5.4200000e+001  1.3183000e+003  4.0500000e+000
  5.4350000e+001  1.3248000e+003  3.7800000e+000
  5.4500000e+001  1.3312000e+003  4.1300000e+000
  5.4650000e+001  1.3371000e+003  4.2600000e+000
  5.4710000e+001  1.3393000e+003  4.0900000e+000
  5.4870000e+001  1.3448000e+003  3.4900000e+000
  5.4970000e+001  1.3471000e+003  3.5700000e+000
  5.5120000e+001  1.3505000e+003  3.2000000e+000
  5.5250000e+001  1.3535000e+003  3.0900000e+000
  5.5400000e+001  1.3569000e+003  3.3700000e+000
  5.5700000e+001  1.3630000e+003  3.7100000e+000
  5.5850000e+001  1.3658000e+003  3.8400000e+000
  5.6000000e+001  1.3687000e+003  4.0900000e+000
  5.6130000e+001  1.3712000e+003  4.2100000e+000
  5.6370000e+001  1.3758000e+003  4.1900000e+000
  5.6470000e+001  1.3778000e+003  4.1700000e+000
  5.6620000e+001  1.3811000e+003  3.7100000e+000
  5.6750000e+001  1.3845000e+003  3.7500000e+000
  5.6900000e+001  1.3885000e+003  3.5400000e+000
  5.7050000e+001  1.3930000e+003  3.4800000e+000
  5.7200000e+001  1.3979000e+003  3.3800000e+000
  5.7350000e+001  1.4020000e+003  3.5900000e+000
  5.7500000e+001  1.4063000e+003  4.0500000e+000
  5.7670000e+001  1.4116000e+003  4.1500000e+000
  5.7930000e+001  1.4189000e+003  3.8800000e+000
  5.8030000e+001  1.4218000e+003  4.1000000e+000
  5.8250000e+001  1.4290000e+003  3.6200000e+000
  5.8400000e+001  1.4346000e+003  3.2300000e+000
  5.8550000e+001  1.4404000e+003  3.3300000e+000
  5.8700000e+001  1.4458000e+003  3.4800000e+000
  5.9000000e+001  1.4536000e+003  4.0400000e+000
  5.9140000e+001  1.4561000e+003  4.2600000e+000
  5.9210000e+001  1.4575000e+003  3.9300000e+000
  5.9370000e+001  1.4605000e+003  4.3800000e+000
  5.9450000e+001  1.4621000e+003  4.3400000e+000
  5.9620000e+001  1.4653000e+003  4.1100000e+000
  5.9900000e+001  1.4708000e+003  3.5600000e+000
  6.0200000e+001  1.4771000e+003  3.3100000e+000
  6.0500000e+001  1.4850000e+003  3.3400000e+000
  6.0650000e+001  1.4891000e+003  3.3800000e+000
  6.0870000e+001  1.4955000e+003  4.2700000e+000
  6.0950000e+001  1.4973000e+003  4.3700000e+000
  6.1120000e+001  1.5009000e+003  4.4400000e+000
  6.1250000e+001  1.5036000e+003  4.2200000e+000
  6.1400000e+001  1.5068000e+003  4.0000000e+000
  6.1480000e+001  1.5084000e+003  4.0800000e+000
  6.1550000e+001  1.5102000e+003  4.0000000e+000
  6.1700000e+001  1.5143000e+003  3.6400000e+000
  6.1850000e+001  1.5190000e+003  3.5800000e+000
  6.2000000e+001  1.5236000e+003  3.6600000e+000
  6.2080000e+001  1.5261000e+003  3.6200000e+000
  6.2380000e+001  1.5330000e+003  4.2700000e+000
  6.2710000e+001  1.5392000e+003  4.4200000e+000
  6.2860000e+001  1.5421000e+003  4.2100000e+000
  6.3110000e+001  1.5468000e+003  4.0800000e+000
  6.3220000e+001  1.5489000e+003  3.9100000e+000
  6.3540000e+001  1.5550000e+003  3.9200000e+000
  6.3620000e+001  1.5565000e+003  3.7000000e+000
  6.3690000e+001  1.5578000e+003  3.5400000e+000
  6.3860000e+001  1.5611000e+003  3.4400000e+000
  6.3990000e+001  1.5635000e+003  3.5000000e+000
  6.4120000e+001  1.5660000e+003  3.5300000e+000
  6.4210000e+001  1.5677000e+003  3.5900000e+000
  6.4360000e+001  1.5702000e+003  3.9700000e+000
  6.4440000e+001  1.5716000e+003  4.1600000e+000
  6.4610000e+001  1.5742000e+003  4.3900000e+000
  6.4740000e+001  1.5762000e+003  4.3400000e+000
  6.4890000e+001  1.5784000e+003  4.2000000e+000
  6.5020000e+001  1.5806000e+003  4.0300000e+000
  6.5190000e+001  1.5835000e+003  3.9400000e+000
  6.5340000e+001  1.5862000e+003  3.7000000e+000
  6.5640000e+001  1.5919000e+003  3.9400000e+000
  6.5710000e+001  1.5935000e+003  3.9000000e+000
  6.5960000e+001  1.5993000e+003  3.4500000e+000
  6.6220000e+001  1.6055000e+003  3.5300000e+000
  6.6390000e+001  1.6095000e+003  3.5200000e+000
  6.6520000e+001  1.6126000e+003  3.8200000e+000
  6.6690000e+001  1.6166000e+003  3.9500000e+000
  6.6840000e+001  1.6201000e+003  3.6200000e+000
  6.6990000e+001  1.6237000e+003  3.7900000e+000
  6.7140000e+001  1.6272000e+003  3.8700000e+000
  6.7200000e+001  1.6287000e+003  3.7900000e+000
  6.7440000e+001  1.6353000e+003  3.5000000e+000
  6.7610000e+001  1.6403000e+003  3.7900000e+000
  6.7740000e+001  1.6434000e+003  3.9400000e+000
  6.8040000e+001  1.6503000e+003  4.3800000e+000
  6.8190000e+001  1.6531000e+003  4.2300000e+000
  6.8490000e+001  1.6595000e+003  4.3200000e+000
  6.8640000e+001  1.6631000e+003  4.3400000e+000
  6.8860000e+001  1.6681000e+003  3.7900000e+000
  6.9090000e+001  1.6728000e+003  3.7300000e+000
  6.9240000e+001  1.6759000e+003  3.4300000e+000
  6.9390000e+001  1.6791000e+003  3.5000000e+000
  6.9540000e+001  1.6822000e+003  3.7400000e+000
  6.9690000e+001  1.6862000e+003  3.5900000e+000
  6.9840000e+001  1.6907000e+003  3.9400000e+000
  6.9990000e+001  1.6956000e+003  3.6100000e+000
  7.0120000e+001  1.7013000e+003  4.1400000e+000
  7.0200000e+001  1.7063000e+003  4.2400000e+000
  7.0360000e+001  1.7163000e+003  3.7400000e+000
  7.0440000e+001  1.7211000e+003  3.5600000e+000
  7.0610000e+001  1.7312000e+003  3.5400000e+000
  7.0720000e+001  1.7377000e+003  3.7200000e+000
  7.0890000e+001  1.7472000e+003  4.0800000e+000
  7.1040000e+001  1.7525000e+003  3.6900000e+000
  7.1190000e+001  1.7556000e+003  3.7400000e+000
  7.1380000e+001  1.7588000e+003  3.4900000e+000
  7.1550000e+001  1.7614000e+003  3.5300000e+000
  7.1710000e+001  1.7635000e+003  3.8600000e+000
  7.2010000e+001  1.7674000e+003  3.9000000e+000
  7.2150000e+001  1.7689000e+003  3.7900000e+000
  7.2310000e+001  1.7703000e+003  4.0700000e+000
  7.2450000e+001  1.7714000e+003  3.8400000e+000
  7.2600000e+001  1.7727000e+003  4.1300000e+000
  7.2710000e+001  1.7737000e+003  3.2600000e+000
  7.2860000e+001  1.7749000e+003  3.3700000e+000
  7.3010000e+001  1.7764000e+003  3.4000000e+000
  7.3230000e+001  1.7791000e+003  3.5400000e+000
  7.3310000e+001  1.7801000e+003  3.5500000e+000
  7.3480000e+001  1.7824000e+003  3.7600000e+000
  7.3760000e+001  1.7865000e+003  3.9900000e+000
  7.4060000e+001  1.7917000e+003  4.0000000e+000
  7.4210000e+001  1.7957000e+003  4.0300000e+000
  7.4360000e+001  1.8000000e+003  3.8900000e+000
  7.4510000e+001  1.8046000e+003  3.6400000e+000
  7.4730000e+001  1.8113000e+003  3.3200000e+000
  7.4810000e+001  1.8140000e+003  3.4600000e+000
  7.4980000e+001  1.8214000e+003  3.6900000e+000
  7.5110000e+001  1.8276000e+003  3.5900000e+000
  7.5260000e+001  1.8371000e+003  3.4600000e+000
  7.5410000e+001  1.8447000e+003  3.5800000e+000
  7.5560000e+001  1.8510000e+003  3.4500000e+000
  7.5710000e+001  1.8571000e+003  3.6600000e+000
  7.5860000e+001  1.8632000e+003  4.3200000e+000
  7.6010000e+001  1.8694000e+003  3.8700000e+000
  7.6230000e+001  1.8784000e+003  3.6000000e+000
  7.6310000e+001  1.8816000e+003  3.6200000e+000
  7.6480000e+001  1.8880000e+003  3.6300000e+000
  7.6610000e+001  1.8928000e+003  3.4600000e+000
  7.6760000e+001  1.8983000e+003  3.5800000e+000
  7.6930000e+001  1.9041000e+003  3.8800000e+000
  7.7060000e+001  1.9080000e+003  3.5800000e+000
  7.7230000e+001  1.9128000e+003  3.5600000e+000
  7.7360000e+001  1.9163000e+003  3.4700000e+000
  7.7510000e+001  1.9202000e+003  3.6000000e+000
  7.7730000e+001  1.9250000e+003  3.4900000e+000
  7.7810000e+001  1.9267000e+003  3.6900000e+000
  7.8110000e+001  1.9321000e+003  3.5700000e+000
  7.8260000e+001  1.9348000e+003  3.3600000e+000
  7.8410000e+001  1.9370000e+003  3.6600000e+000
  7.8560000e+001  1.9392000e+003  3.4600000e+000
  7.8710000e+001  1.9414000e+003  3.8000000e+000
  7.8860000e+001  1.9436000e+003  3.9400000e+000
  7.9010000e+001  1.9458000e+003  4.0700000e+000
  7.9230000e+001  1.9490000e+003  4.1400000e+000
  7.9310000e+001  1.9502000e+003  3.9300000e+000
  7.9480000e+001  1.9527000e+003  4.1600000e+000
  7.9760000e+001  1.9575000e+003  3.9300000e+000
  7.9910000e+001  1.9605000e+003  3.9700000e+000
  8.0060000e+001  1.9635000e+003  3.7700000e+000
  8.0110000e+001  1.9645000e+003  3.6900000e+000
  8.0210000e+001  1.9665000e+003  3.7800000e+000
  8.0360000e+001  1.9695000e+003  3.6100000e+000
  8.0490000e+001  1.9722000e+003  3.5700000e+000
  8.0730000e+001  1.9782000e+003  3.3400000e+000
  8.0810000e+001  1.9802000e+003  3.4600000e+000
  8.0980000e+001  1.9845000e+003  3.2900000e+000
  8.1090000e+001  1.9873000e+003  3.3800000e+000
  8.1260000e+001  1.9908000e+003  4.0400000e+000
  8.1410000e+001  1.9937000e+003  4.1300000e+000
  8.1560000e+001  1.9963000e+003  3.9100000e+000
  8.1710000e+001  1.9987000e+003  4.1300000e+000
  8.1860000e+001  2.0010000e+003  3.6100000e+000
  8.2010000e+001  2.0033000e+003  3.9500000e+000
  8.2310000e+001  2.0065000e+003  3.3600000e+000
  8.2460000e+001  2.0080000e+003  3.2200000e+000
  8.2610000e+001  2.0094000e+003  3.6800000e+000
  8.2700000e+001  2.0103000e+003  3.4600000e+000
  8.3070000e+001  2.0138000e+003  4.0600000e+000
  8.3150000e+001  2.0145000e+003  3.9800000e+000
  8.3320000e+001  2.0162000e+003  3.9700000e+000
  8.3450000e+001  2.0174000e+003  3.8000000e+000
  8.3600000e+001  2.0188000e+003  3.7800000e+000
  8.3770000e+001  2.0204000e+003  3.5200000e+000
  8.3900000e+001  2.0217000e+003  3.6500000e+000
  8.4050000e+001  2.0233000e+003  3.6400000e+000
  8.4200000e+001  2.0253000e+003  3.3700000e+000
  8.4350000e+001  2.0274000e+003  3.3000000e+000
  8.4630000e+001  2.0314000e+003  3.3800000e+000
  8.4930000e+001  2.0357000e+003  3.4500000e+000
  8.5100000e+001  2.0384000e+003  3.5900000e+000
  8.5230000e+001  2.0407000e+003  3.7300000e+000
  8.5400000e+001  2.0436000e+003  3.7900000e+000
  8.5570000e+001  2.0466000e+003  3.7900000e+000
  8.5700000e+001  2.0488000e+003  3.6500000e+000
  8.5850000e+001  2.0514000e+003  3.5800000e+000
  8.6070000e+001  2.0553000e+003  3.5700000e+000
  8.6170000e+001  2.0570000e+003  3.5500000e+000
  8.6450000e+001  2.0619000e+003  3.7200000e+000
  8.6600000e+001  2.0645000e+003  4.2300000e+000
  8.6750000e+001  2.0674000e+003  4.0500000e+000
  8.6900000e+001  2.0704000e+003  4.2400000e+000
  8.7070000e+001  2.0737000e+003  4.1800000e+000
  8.7200000e+001  2.0763000e+003  4.0600000e+000
  8.7350000e+001  2.0793000e+003  4.0300000e+000
  8.7570000e+001  2.0838000e+003  3.7700000e+000
  8.7630000e+001  2.0850000e+003  3.7700000e+000
  8.7820000e+001  2.0888000e+003  3.6700000e+000
  8.7930000e+001  2.0909000e+003  3.5000000e+000
  8.8100000e+001  2.0942000e+003  3.6900000e+000
  8.8270000e+001  2.0975000e+003  3.6100000e+000
  8.8400000e+001  2.1001000e+003  3.7100000e+000
  8.8570000e+001  2.1036000e+003  3.4900000e+000
  8.8700000e+001  2.1062000e+003  3.3300000e+000
  8.8890000e+001  2.1101000e+003  3.3700000e+000
  8.9070000e+001  2.1138000e+003  3.4600000e+000
  8.9150000e+001  2.1154000e+003  3.3700000e+000
  8.9320000e+001  2.1191000e+003  3.8900000e+000
  8.9450000e+001  2.1219000e+003  3.7400000e+000
  8.9750000e+001  2.1295000e+003  3.2900000e+000
  8.9900000e+001  2.1337000e+003  3.1600000e+000
  9.0050000e+001  2.1379000e+003  3.3500000e+000
  9.0200000e+001  2.1421000e+003  3.5400000e+000
  9.0570000e+001  2.1513000e+003  4.1800000e+000
  9.0630000e+001  2.1528000e+003  4.3600000e+000
  9.0930000e+001  2.1587000e+003  4.1300000e+000
  9.1230000e+001  2.1655000e+003  3.8600000e+000
  9.1400000e+001  2.1696000e+003  3.8400000e+000
  9.1570000e+001  2.1742000e+003  3.5400000e+000
  9.1700000e+001  2.1783000e+003  3.5900000e+000
  9.1810000e+001  2.1818000e+003  3.4300000e+000
  9.1950000e+001  2.1861000e+003  3.3900000e+000
  9.2110000e+001  2.1902000e+003  3.5900000e+000
  9.2250000e+001  2.1931000e+003  3.5900000e+000
  9.2410000e+001  2.1968000e+003  3.6200000e+000
  9.2550000e+001  2.2002000e+003  3.7500000e+000
  9.2710000e+001  2.2041000e+003  3.7200000e+000
  9.2850000e+001  2.2081000e+003  3.3800000e+000
  9.2960000e+001  2.2112000e+003  3.6100000e+000
  9.3110000e+001  2.2149000e+003  3.5500000e+000
  9.3330000e+001  2.2198000e+003  3.5400000e+000
  9.3410000e+001  2.2214000e+003  3.4300000e+000
  9.3580000e+001  2.2244000e+003  3.3900000e+000
  9.3710000e+001  2.2267000e+003  3.5200000e+000
  9.4010000e+001  2.2320000e+003  3.1800000e+000
  9.4310000e+001  2.2376000e+003  3.6100000e+000
  9.4460000e+001  2.2404000e+003  4.1200000e+000
  9.4610000e+001  2.2432000e+003  3.7000000e+000
  9.4830000e+001  2.2473000e+003  3.7200000e+000
  9.4910000e+001  2.2489000e+003  3.5600000e+000
  9.5080000e+001  2.2521000e+003  3.3100000e+000
  9.5210000e+001  2.2545000e+003  3.2500000e+000
  9.5660000e+001  2.2630000e+003  3.1500000e+000
  9.5810000e+001  2.2664000e+003  3.2100000e+000
  9.5960000e+001  2.2699000e+003  3.5800000e+000
  9.6110000e+001  2.2735000e+003  3.5600000e+000
  9.6330000e+001  2.2786000e+003  3.9900000e+000
  9.6430000e+001  2.2810000e+003  3.8900000e+000
  9.6580000e+001  2.2845000e+003  3.8600000e+000
  9.7010000e+001  2.2943000e+003  3.3900000e+000
  9.7160000e+001  2.2977000e+003  3.3100000e+000
  9.7310000e+001  2.3011000e+003  3.2400000e+000
  9.7460000e+001  2.3045000e+003  3.4000000e+000
  9.7610000e+001  2.3078000e+003  3.5100000e+000
  9.7830000e+001  2.3128000e+003  3.6400000e+000
  9.7910000e+001  2.3146000e+003  3.6400000e+000
  9.8210000e+001  2.3214000e+003  3.7700000e+000
  9.8360000e+001  2.3247000e+003  3.4600000e+000
  9.8660000e+001  2.3316000e+003  3.5300000e+000
  9.8960000e+001  2.3388000e+003  3.3200000e+000
  9.9330000e+001  2.3461000e+003  3.1400000e+000
  9.9410000e+001  2.3477000e+003  3.4300000e+000
  9.9580000e+001  2.3511000e+003  3.5000000e+000
  9.9710000e+001  2.3537000e+003  3.7400000e+000
  9.9860000e+001  2.3566000e+003  3.8200000e+000
  1.0000000e+002  2.3595000e+003  3.8000000e+000
  1.0031000e+002  2.3657000e+003  3.7100000e+000
  1.0046000e+002  2.3685000e+003  3.5200000e+000
  1.0060000e+002  2.3716000e+003  3.2200000e+000
  1.0082000e+002  2.3765000e+003  3.2700000e+000
  1.0091000e+002  2.3785000e+003  3.4300000e+000
  1.0108000e+002  2.3822000e+003  3.3700000e+000
  1.0120000e+002  2.3849000e+003  3.4100000e+000
  1.0136000e+002  2.3882000e+003  3.6500000e+000
  1.0166000e+002  2.3935000e+003  3.7700000e+000
  1.0239000e+002  2.4062000e+003  3.5500000e+000
  1.0240000e+002  2.4063000e+003  3.6900000e+000
  1.0248000e+002  2.4077000e+003  3.2800000e+000
  1.0270000e+002  2.4115000e+003  3.3500000e+000
  1.0278000e+002  2.4128000e+003  3.3400000e+000
  1.0293000e+002  2.4158000e+003  3.4000000e+000
  1.0308000e+002  2.4190000e+003  3.2200000e+000
  1.0323000e+002  2.4222000e+003  3.3800000e+000
  1.0335000e+002  2.4250000e+003  3.5300000e+000
  1.0350000e+002  2.4278000e+003  3.7500000e+000
  1.0372000e+002  2.4316000e+003  4.1900000e+000
  1.0380000e+002  2.4328000e+003  4.3800000e+000
  1.0397000e+002  2.4361000e+003  4.1600000e+000
  1.0410000e+002  2.4385000e+003  4.2000000e+000
  1.0440000e+002  2.4443000e+003  3.9300000e+000
  1.0455000e+002  2.4471000e+003  3.7400000e+000
  1.0485000e+002  2.4527000e+003  3.7100000e+000
  1.0522000e+002  2.4614000e+003  3.2600000e+000
  1.0530000e+002  2.4638000e+003  3.2300000e+000
  1.0575000e+002  2.4755000e+003  3.4800000e+000
  1.0590000e+002  2.4789000e+003  3.9900000e+000
  1.0604000e+002  2.4816000e+003  4.1300000e+000
  1.0620000e+002  2.4846000e+003  4.1500000e+000
  1.0650000e+002  2.4904000e+003  4.0300000e+000
  1.0672000e+002  2.4945000e+003  3.7100000e+000
  1.0680000e+002  2.4960000e+003  3.7100000e+000
  1.0707000e+002  2.5014000e+003  3.4500000e+000
  1.0725000e+002  2.5057000e+003  3.2800000e+000
  1.0740000e+002  2.5102000e+003  3.9100000e+000
  1.0770000e+002  2.5183000e+003  4.4200000e+000
  1.0785000e+002  2.5215000e+003  4.3100000e+000
  1.0798000e+002  2.5239000e+003  4.3000000e+000
  1.0822000e+002  2.5288000e+003  4.0800000e+000
  1.0829000e+002  2.5305000e+003  4.1600000e+000
  1.0847000e+002  2.5358000e+003  3.7900000e+000
  1.0858000e+002  2.5392000e+003  3.5600000e+000
  1.0875000e+002  2.5445000e+003  3.3500000e+000
  1.0920000e+002  2.5586000e+003  3.3800000e+000
  1.0972000e+002  2.5701000e+003  3.5100000e+000
  1.0980000e+002  2.5717000e+003  3.6100000e+000
  1.0997000e+002  2.5750000e+003  3.3700000e+000
  1.1009000e+002  2.5773000e+003  3.2800000e+000
  1.1025000e+002  2.5804000e+003  3.3500000e+000
  1.1055000e+002  2.5862000e+003  3.2300000e+000
  1.1070000e+002  2.5890000e+003  3.3300000e+000
  1.1085000e+002  2.5916000e+003  3.3100000e+000
  1.1100000e+002  2.5942000e+003  3.5900000e+000
  1.1122000e+002  2.5981000e+003  3.6100000e+000
  1.1130000e+002  2.5995000e+003  4.0200000e+000
  1.1147000e+002  2.6029000e+003  3.8000000e+000
  1.1160000e+002  2.6058000e+003  3.7700000e+000
  1.1175000e+002  2.6091000e+003  3.7200000e+000
  1.1190000e+002  2.6124000e+003  3.6500000e+000
  1.1205000e+002  2.6165000e+003  3.4100000e+000
  1.1226000e+002  2.6222000e+003  3.2600000e+000
  1.1240000e+002  2.6261000e+003  3.0500000e+000
  1.1256000e+002  2.6304000e+003  3.3400000e+000
  1.1270000e+002  2.6343000e+003  3.3800000e+000
  1.1286000e+002  2.6383000e+003  3.6500000e+000
  1.1300000e+002  2.6414000e+003  3.7600000e+000
  1.1316000e+002  2.6449000e+003  3.9600000e+000
  1.1346000e+002  2.6523000e+003  3.4700000e+000
  1.1360000e+002  2.6563000e+003  3.3600000e+000
  1.1375000e+002  2.6605000e+003  3.1200000e+000
  1.1418000e+002  2.6727000e+003  3.1300000e+000
  1.1433000e+002  2.6770000e+003  3.3700000e+000
  1.1464000e+002  2.6852000e+003  3.7500000e+000
  1.1479000e+002  2.6878000e+003  3.9600000e+000
  1.1509000e+002  2.6930000e+003  3.4300000e+000
  1.1531000e+002  2.6968000e+003  3.6200000e+000
  1.1555000e+002  2.7017000e+003  3.5600000e+000
  1.1569000e+002  2.7047000e+003  3.9500000e+000
  1.1584000e+002  2.7080000e+003  3.9700000e+000
  1.1613000e+002  2.7142000e+003  4.1000000e+000
  1.1644000e+002  2.7208000e+003  4.1300000e+000
  1.1659000e+002  2.7248000e+003  3.4600000e+000
  1.1689000e+002  2.7335000e+003  3.4200000e+000
  1.1706000e+002  2.7390000e+003  3.3900000e+000
  1.1718000e+002  2.7435000e+003  3.2700000e+000
  1.1733000e+002  2.7496000e+003  3.2300000e+000
  1.1746000e+002  2.7550000e+003  3.2500000e+000
  1.1778000e+002  2.7673000e+003  3.1600000e+000
  1.1794000e+002  2.7724000e+003  3.3200000e+000
  1.1809000e+002  2.7756000e+003  4.0000000e+000
  1.1837000e+002  2.7812000e+003  3.3300000e+000
  1.1855000e+002  2.7856000e+003  3.2100000e+000
  1.1869000e+002  2.7887000e+003  3.0500000e+000
  1.1884000e+002  2.7920000e+003  3.3300000e+000
  1.1914000e+002  2.7986000e+003  3.4100000e+000
  1.1929000e+002  2.8018000e+003  3.5900000e+000
  1.1943000e+002  2.8043000e+003  3.7100000e+000
  1.1958000e+002  2.8069000e+003  3.7600000e+000
  1.1980000e+002  2.8120000e+003  3.5800000e+000
  1.1988000e+002  2.8142000e+003  3.6100000e+000
  1.2006000e+002  2.8187000e+003  3.4100000e+000
  1.2018000e+002  2.8215000e+003  3.3000000e+000
  1.2049000e+002  2.8298000e+003  3.1200000e+000
  1.2064000e+002  2.8343000e+003  3.1200000e+000
  1.2107000e+002  2.8474000e+003  3.4300000e+000
  1.2131000e+002  2.8547000e+003  3.5300000e+000
  1.2138000e+002  2.8569000e+003  3.1700000e+000
  1.2156000e+002  2.8620000e+003  3.3200000e+000
  1.2168000e+002  2.8653000e+003  3.0500000e+000
  1.2183000e+002  2.8688000e+003  3.1800000e+000
  1.2198000e+002  2.8721000e+003  3.0700000e+000
  1.2214000e+002  2.8756000e+003  3.3800000e+000
  1.2243000e+002  2.8815000e+003  3.2500000e+000
  1.2248000e+002  2.8825000e+003  3.2300000e+000
  1.2309000e+002  2.8942000e+003  2.9700000e+000
  1.2320000e+002  2.8962000e+003  3.1800000e+000
  1.2335000e+002  2.8990000e+003  2.8100000e+000
  1.2357000e+002  2.9033000e+003  3.0100000e+000
  1.2365000e+002  2.9048000e+003  3.1100000e+000
  1.2382000e+002  2.9088000e+003  3.1400000e+000
  1.2395000e+002  2.9124000e+003  3.3800000e+000
  1.2425000e+002  2.9207000e+003  3.3500000e+000
  1.2440000e+002  2.9249000e+003  3.4000000e+000
  1.2455000e+002  2.9290000e+003  2.8300000e+000
  1.2470000e+002  2.9330000e+003  3.5300000e+000
  1.2507000e+002  2.9405000e+003  2.9900000e+000
  1.2513000e+002  2.9417000e+003  3.0300000e+000
  1.2532000e+002  2.9455000e+003  2.8500000e+000
  1.2545000e+002  2.9480000e+003  2.8000000e+000
  1.2560000e+002  2.9510000e+003  2.8100000e+000
  1.2575000e+002  2.9538000e+003  2.8500000e+000
  1.2590000e+002  2.9565000e+003  3.0000000e+000
  1.2605000e+002  2.9599000e+003  2.9300000e+000
  1.2620000e+002  2.9637000e+003  3.0300000e+000
  1.2633000e+002  2.9673000e+003  3.3200000e+000
  1.2657000e+002  2.9731000e+003  3.3900000e+000
  1.2665000e+002  2.9749000e+003  3.3100000e+000
  1.2682000e+002  2.9787000e+003  3.2600000e+000
  1.2695000e+002  2.9816000e+003  3.2400000e+000
  1.2710000e+002  2.9848000e+003  3.0600000e+000
  1.2725000e+002  2.9882000e+003  2.9800000e+000
  1.2740000e+002  2.9916000e+003  3.2400000e+000
  1.2757000e+002  2.9956000e+003  3.1700000e+000
  1.2770000e+002  2.9985000e+003  3.2200000e+000
  1.2785000e+002  3.0019000e+003  3.0800000e+000
  1.2807000e+002  3.0080000e+003  3.2500000e+000
  1.2815000e+002  3.0105000e+003  3.2300000e+000
  1.2832000e+002  3.0158000e+003  3.3900000e+000
  1.2843000e+002  3.0191000e+003  3.2400000e+000
  1.2860000e+002  3.0239000e+003  3.3000000e+000
  1.2875000e+002  3.0282000e+003  3.1900000e+000
  1.2890000e+002  3.0322000e+003  2.8500000e+000
  1.2905000e+002  3.0357000e+003  3.0800000e+000
  1.2920000e+002  3.0395000e+003  2.9800000e+000
  1.2935000e+002  3.0451000e+003  3.4200000e+000
  1.2957000e+002  3.0533000e+003  3.2200000e+000
  1.2965000e+002  3.0553000e+003  3.2300000e+000
  1.2982000e+002  3.0596000e+003  2.9000000e+000
  1.2995000e+002  3.0626000e+003  3.0900000e+000
  1.3010000e+002  3.0657000e+003  2.7000000e+000
  1.3023000e+002  3.0685000e+003  2.6400000e+000
  1.3040000e+002  3.0721000e+003  2.9700000e+000
  1.3070000e+002  3.0784000e+003  3.0000000e+000
  1.3083000e+002  3.0812000e+003  2.8300000e+000
  1.3115000e+002  3.0874000e+003  2.9900000e+000
  1.3143000e+002  3.0929000e+003  3.0100000e+000
  1.3162000e+002  3.0968000e+003  2.9500000e+000
  1.3175000e+002  3.0995000e+003  3.0700000e+000
  1.3192000e+002  3.1035000e+003  2.8700000e+000
  1.3207000e+002  3.1071000e+003  3.0200000e+000
  1.3220000e+002  3.1103000e+003  3.0700000e+000
  1.3280000e+002  3.1325000e+003  2.9700000e+000
  1.3295000e+002  3.1395000e+003  3.1400000e+000
  1.3310000e+002  3.1459000e+003  2.8300000e+000
  1.3332000e+002  3.1524000e+003  2.7100000e+000
  1.3357000e+002  3.1580000e+003  2.7700000e+000
  1.3370000e+002  3.1606000e+003  2.8200000e+000
  1.3385000e+002  3.1635000e+003  2.8500000e+000
  1.3415000e+002  3.1694000e+003  2.8900000e+000
  1.3430000e+002  3.1723000e+003  2.8800000e+000
  1.3445000e+002  3.1752000e+003  2.9300000e+000
  1.3460000e+002  3.1781000e+003  3.0700000e+000
  1.3482000e+002  3.1824000e+003  2.6600000e+000
  1.3488000e+002  3.1836000e+003  2.6900000e+000
  1.3507000e+002  3.1873000e+003  2.7700000e+000
  1.3518000e+002  3.1894000e+003  2.6200000e+000
  1.3535000e+002  3.1931000e+003  2.7500000e+000
  1.3548000e+002  3.1961000e+003  2.5700000e+000
  1.3565000e+002  3.2001000e+003  2.6700000e+000
  1.3580000e+002  3.2043000e+003  2.7100000e+000
  1.3610000e+002  3.2116000e+003  2.8800000e+000
  1.3632000e+002  3.2174000e+003  2.6600000e+000
  1.3643000e+002  3.2200000e+003  2.8300000e+000
  1.3657000e+002  3.2232000e+003  2.7100000e+000
  1.3670000e+002  3.2260000e+003  2.7500000e+000
  1.3685000e+002  3.2290000e+003  2.7200000e+000
  1.3700000e+002  3.2319000e+003  2.8700000e+000
  1.3730000e+002  3.2374000e+003  2.7400000e+000
  1.3782000e+002  3.2468000e+003  2.8600000e+000
  1.3790000e+002  3.2483000e+003  2.7200000e+000
  1.3807000e+002  3.2517000e+003  2.7400000e+000
  1.3820000e+002  3.2552000e+003  3.1100000e+000
  1.3835000e+002  3.2604000e+003  3.1600000e+000
  1.3852000e+002  3.2707000e+003  3.5400000e+000
  1.3865000e+002  3.2814000e+003  3.4100000e+000
  1.3880000e+002  3.2945000e+003  3.7700000e+000
  1.3895000e+002  3.3062000e+003  3.4100000e+000
  1.3932000e+002  3.3346000e+003  3.3900000e+000
  1.3940000e+002  3.3391000e+003  3.5500000e+000
  1.3957000e+002  3.3474000e+003  3.0600000e+000
  1.3985000e+002  3.3565000e+003  2.8800000e+000
  1.3999000e+002  3.3600000e+003  3.1900000e+000
  1.4015000e+002  3.3640000e+003  2.9200000e+000
  1.4030000e+002  3.3677000e+003  3.1500000e+000
  1.4045000e+002  3.3715000e+003  3.1000000e+000
  1.4060000e+002  3.3757000e+003  3.3000000e+000
  1.4082000e+002  3.3843000e+003  3.2600000e+000
  1.4090000e+002  3.3873000e+003  3.2000000e+000
  1.4107000e+002  3.3934000e+003  3.2600000e+000
  1.4120000e+002  3.3968000e+003  3.2800000e+000
  1.4135000e+002  3.4004000e+003  3.3000000e+000
  1.4150000e+002  3.4041000e+003  3.2800000e+000
  1.4165000e+002  3.4082000e+003  3.3000000e+000
  1.4180000e+002  3.4123000e+003  3.1300000e+000
  1.4195000e+002  3.4164000e+003  3.0400000e+000
  1.4210000e+002  3.4204000e+003  3.1300000e+000
  1.4211000e+002  3.4207000e+003  3.5200000e+000
  1.4226000e+002  3.4251000e+003  3.4400000e+000
  1.4241000e+002  3.4306000e+003  3.3100000e+000
  1.4256000e+002  3.4369000e+003  3.1100000e+000
  1.4271000e+002  3.4426000e+003  3.2500000e+000
  1.4286000e+002  3.4483000e+003  3.1100000e+000
  1.4301000e+002  3.4539000e+003  3.1700000e+000
  1.4316000e+002  3.4596000e+003  3.2000000e+000
  1.4330000e+002  3.4643000e+003  3.4400000e+000
  1.4352000e+002  3.4696000e+003  3.2800000e+000
  1.4360000e+002  3.4715000e+003  3.0700000e+000
  1.4377000e+002  3.4753000e+003  3.0000000e+000
  1.4390000e+002  3.4779000e+003  2.8900000e+000
  1.4405000e+002  3.4810000e+003  3.2100000e+000
  1.4420000e+002  3.4840000e+003  3.0800000e+000
  1.4435000e+002  3.4870000e+003  2.9300000e+000
  1.4450000e+002  3.4900000e+003  3.1200000e+000
  1.4465000e+002  3.4930000e+003  3.1800000e+000
  1.4502000e+002  3.5007000e+003  2.7600000e+000
  1.4510000e+002  3.5024000e+003  2.8800000e+000
  1.4527000e+002  3.5061000e+003  2.9400000e+000
  1.4540000e+002  3.5092000e+003  2.8900000e+000
  1.4555000e+002  3.5130000e+003  2.9800000e+000
  1.4570000e+002  3.5169000e+003  3.0800000e+000
  1.4585000e+002  3.5223000e+003  3.2400000e+000
  1.4600000e+002  3.5281000e+003  3.2200000e+000
  1.4615000e+002  3.5334000e+003  3.0800000e+000
  1.4630000e+002  3.5395000e+003  3.0700000e+000
  1.4652000e+002  3.5489000e+003  3.0500000e+000
  1.4662000e+002  3.5527000e+003  3.0100000e+000
  1.4677000e+002  3.5582000e+003  3.1700000e+000
  1.4692000e+002  3.5638000e+003  3.1400000e+000
  1.4705000e+002  3.5687000e+003  3.1000000e+000
  1.4720000e+002  3.5742000e+003  3.0500000e+000
  1.4735000e+002  3.5796000e+003  3.0800000e+000
  1.4750000e+002  3.5848000e+003  3.1200000e+000
  1.4752000e+002  3.5855000e+003  3.0500000e+000
  1.4765000e+002  3.5900000e+003  3.1600000e+000
  1.4780000e+002  3.5953000e+003  2.9800000e+000
  1.4782000e+002  3.5961000e+003  2.9200000e+000
  1.4795000e+002  3.6010000e+003  2.9700000e+000
  1.4810000e+002  3.6066000e+003  3.0900000e+000
  1.4813000e+002  3.6078000e+003  3.0000000e+000
  1.4825000e+002  3.6111000e+003  3.0600000e+000
  1.4840000e+002  3.6148000e+003  3.1900000e+000
  1.4855000e+002  3.6184000e+003  3.1900000e+000
  1.4870000e+002  3.6220000e+003  3.4200000e+000
  1.4872000e+002  3.6225000e+003  3.4100000e+000
  1.4885000e+002  3.6257000e+003  3.5100000e+000
  1.4900000e+002  3.6293000e+003  3.4100000e+000
  1.4902000e+002  3.6298000e+003  3.4900000e+000
  1.4915000e+002  3.6329000e+003  3.3800000e+000
  1.4930000e+002  3.6365000e+003  3.2800000e+000
  1.4932000e+002  3.6369000e+003  3.3400000e+000
  1.4945000e+002  3.6399000e+003  3.1900000e+000
  1.4960000e+002  3.6433000e+003  3.0800000e+000
  1.4964000e+002  3.6442000e+003  3.1700000e+000
  1.4975000e+002  3.6467000e+003  2.9000000e+000
  1.4990000e+002  3.6501000e+003  3.0000000e+000
  1.5005000e+002  3.6535000e+003  3.1100000e+000
  1.5020000e+002  3.6569000e+003  3.5800000e+000
  1.5023000e+002  3.6575000e+003  3.2400000e+000
  1.5035000e+002  3.6602000e+003  3.2600000e+000
  1.5050000e+002  3.6635000e+003  3.4500000e+000
  1.5053000e+002  3.6642000e+003  3.4700000e+000
  1.5065000e+002  3.6668000e+003  3.4900000e+000
  1.5080000e+002  3.6701000e+003  3.5400000e+000
  1.5083000e+002  3.6707000e+003  3.5000000e+000
  1.5095000e+002  3.6731000e+003  3.4300000e+000
  1.5110000e+002  3.6757000e+003  3.3300000e+000
  1.5114000e+002  3.6764000e+003  3.3600000e+000
  1.5125000e+002  3.6784000e+003  3.2100000e+000
  1.5140000e+002  3.6811000e+003  3.0000000e+000
  1.5143000e+002  3.6816000e+003  3.0500000e+000
  1.5155000e+002  3.6838000e+003  3.0000000e+000
  1.5168000e+002  3.6862000e+003  2.9800000e+000
  1.5170000e+002  3.6866000e+003  2.9500000e+000
  1.5185000e+002  3.6890000e+003  2.8600000e+000
  1.5200000e+002  3.6909000e+003  3.1300000e+000
  1.5203000e+002  3.6913000e+003  3.0200000e+000
  1.5215000e+002  3.6927000e+003  2.9300000e+000
  1.5228000e+002  3.6943000e+003  3.0400000e+000
  1.5230000e+002  3.6946000e+003  3.0800000e+000
  1.5260000e+002  3.6991000e+003  2.9800000e+000
  1.5264000e+002  3.6998000e+003  3.0400000e+000
  1.5276000e+002  3.7019000e+003  3.0000000e+000
  1.5290000e+002  3.7045000e+003  3.1500000e+000
  1.5293000e+002  3.7051000e+003  3.0700000e+000
  1.5305000e+002  3.7077000e+003  3.0300000e+000
  1.5320000e+002  3.7110000e+003  3.3700000e+000
  1.5323000e+002  3.7117000e+003  3.3300000e+000
  1.5335000e+002  3.7144000e+003  3.3700000e+000
  1.5348000e+002  3.7174000e+003  3.1900000e+000
  1.5350000e+002  3.7179000e+003  3.2200000e+000
  1.5365000e+002  3.7213000e+003  2.9700000e+000
  1.5500000e+002  3.7529000e+003  3.1200000e+000
  1.5530000e+002  3.7602000e+003  2.9800000e+000
  1.5560000e+002  3.7677000e+003  3.0700000e+000
  1.5590000e+002  3.7751000e+003  3.0100000e+000
  1.5620000e+002  3.7826000e+003  3.1300000e+000
  1.5650000e+002  3.7901000e+003  3.3000000e+000
  1.5680000e+002  3.7980000e+003  3.3200000e+000
  1.5710000e+002  3.8059000e+003  3.1400000e+000
  1.5740000e+002  3.8137000e+003  3.0200000e+000
  1.5770000e+002  3.8216000e+003  2.9400000e+000
  1.5800000e+002  3.8291000e+003  3.1800000e+000
  1.5830000e+002  3.8391000e+003  3.0700000e+000
  1.5860000e+002  3.8504000e+003  3.0400000e+000
  1.5890000e+002  3.8611000e+003  3.1200000e+000
  1.5918000e+002  3.8703000e+003  3.2500000e+000
  1.5964000e+002  3.8858000e+003  3.1100000e+000
  1.5976000e+002  3.8898000e+003  3.0300000e+000
  1.5992000e+002  3.8953000e+003  3.0300000e+000
  1.6007000e+002  3.9003000e+003  2.9400000e+000
  1.6020000e+002  3.9047000e+003  2.9400000e+000
  1.6034000e+002  3.9094000e+003  2.9900000e+000
  1.6049000e+002  3.9145000e+003  3.0500000e+000
  1.6064000e+002  3.9191000e+003  3.1000000e+000
  1.6075000e+002  3.9225000e+003  3.0200000e+000
  1.6075000e+002  3.9225000e+003  3.1400000e+000
  1.6094000e+002  3.9283000e+003  2.7700000e+000
  1.6094000e+002  3.9283000e+003  2.8900000e+000
  1.6114000e+002  3.9345000e+003  2.9100000e+000
  1.6126000e+002  3.9378000e+003  2.9000000e+000
  1.6142000e+002  3.9418000e+003  3.4000000e+000
  1.6157000e+002  3.9456000e+003  3.3200000e+000
  1.6157000e+002  3.9456000e+003  3.4100000e+000
  1.6172000e+002  3.9495000e+003  3.0900000e+000
  1.6172000e+002  3.9495000e+003  3.2700000e+000
  1.6187000e+002  3.9537000e+003  2.9900000e+000
  1.6197000e+002  3.9565000e+003  2.9200000e+000
  1.6214000e+002  3.9612000e+003  2.8000000e+000
  1.6227000e+002  3.9649000e+003  2.9600000e+000
  1.6244000e+002  3.9696000e+003  2.9600000e+000
  1.6255000e+002  3.9727000e+003  3.1700000e+000
  1.6255000e+002  3.9727000e+003  3.2000000e+000
  1.6264000e+002  3.9752000e+003  3.1500000e+000
  1.6276000e+002  3.9785000e+003  3.1400000e+000
  1.6292000e+002  3.9830000e+003  2.9200000e+000
  1.6307000e+002  3.9871000e+003  3.1700000e+000
  1.6323000e+002  3.9927000e+003  3.2200000e+000
  1.6336000e+002  3.9964000e+003  3.3900000e+000
  1.6345000e+002  3.9989000e+003  3.3600000e+000
  1.6364000e+002  4.0041000e+003  3.0300000e+000
  1.6377000e+002  4.0072000e+003  3.0500000e+000
  1.6394000e+002  4.0110000e+003  3.0200000e+000
  1.6405000e+002  4.0135000e+003  2.7800000e+000
  1.6416000e+002  4.0160000e+003  2.9600000e+000
  1.6425000e+002  4.0180000e+003  2.9800000e+000
  1.6438000e+002  4.0209000e+003  3.0400000e+000
  1.6464000e+002  4.0268000e+003  2.9000000e+000
  1.6472000e+002  4.0286000e+003  3.0800000e+000
  1.6485000e+002  4.0323000e+003  3.0800000e+000
  1.6502000e+002  4.0382000e+003  3.2000000e+000
  1.6515000e+002  4.0426000e+003  3.1500000e+000
  1.6528000e+002  4.0467000e+003  3.0000000e+000
  1.6545000e+002  4.0508000e+003  2.9000000e+000
  1.6556000e+002  4.0531000e+003  2.8400000e+000
  1.6566000e+002  4.0553000e+003  2.9500000e+000
  1.6575000e+002  4.0573000e+003  3.0700000e+000
  1.6588000e+002  4.0601000e+003  3.1100000e+000
  1.6614000e+002  4.0657000e+003  2.7900000e+000
  1.6623000e+002  4.0677000e+003  2.8700000e+000
  1.6635000e+002  4.0704000e+003  2.9300000e+000
  1.6652000e+002  4.0743000e+003  3.0800000e+000
  1.6665000e+002  4.0772000e+003  3.0600000e+000
  1.6665000e+002  4.0772000e+003  3.0500000e+000
  1.6678000e+002  4.0801000e+003  3.0300000e+000
  1.6695000e+002  4.0840000e+003  3.1300000e+000
  1.6716000e+002  4.0887000e+003  3.1800000e+000
  1.6725000e+002  4.0907000e+003  3.1700000e+000
  1.6738000e+002  4.0937000e+003  3.2500000e+000
  1.6764000e+002  4.0995000e+003  2.9600000e+000
  1.6773000e+002  4.1015000e+003  2.9800000e+000
  1.6785000e+002  4.1042000e+003  3.0900000e+000
  1.6796000e+002  4.1068000e+003  3.1100000e+000
  1.6984000e+002  4.1514000e+003  3.4400000e+000
  1.6984000e+002  4.1514000e+003  3.2500000e+000
  1.7002000e+002  4.1557000e+003  3.1700000e+000
  1.7012000e+002  4.1583000e+003  3.2300000e+000
  1.7030000e+002  4.1629000e+003  3.2600000e+000
  1.7060000e+002  4.1705000e+003  3.0900000e+000
  1.7065000e+002  4.1718000e+003  3.1400000e+000
  1.7071000e+002  4.1733000e+003  2.9500000e+000
  1.7085000e+002  4.1769000e+003  2.9100000e+000
  1.7101000e+002  4.1810000e+003  2.9100000e+000
  1.7115000e+002  4.1846000e+003  2.9700000e+000
  1.7130000e+002  4.1886000e+003  3.0000000e+000
  1.7142000e+002  4.1924000e+003  3.0700000e+000
  1.7165000e+002  4.1998000e+003  3.1300000e+000
  1.7175000e+002  4.2034000e+003  3.2500000e+000
  1.7190000e+002  4.2083000e+003  3.0100000e+000
  1.7205000e+002  4.2130000e+003  2.9900000e+000
  1.7205000e+002  4.2130000e+003  3.0700000e+000
  1.7215000e+002  4.2162000e+003  3.0900000e+000
  1.7221000e+002  4.2180000e+003  3.0500000e+000
  1.7235000e+002  4.2224000e+003  3.0600000e+000
  1.7251000e+002  4.2274000e+003  3.0800000e+000
  1.7265000e+002  4.2317000e+003  3.0000000e+000
  1.7280000e+002  4.2364000e+003  3.0100000e+000
  1.7295000e+002  4.2415000e+003  2.9600000e+000
  1.7309000e+002  4.2464000e+003  3.0000000e+000
  1.7325000e+002  4.2520000e+003  3.0100000e+000
  1.7325000e+002  4.2520000e+003  3.2000000e+000
  1.7325000e+002  4.2520000e+003  3.0900000e+000
  1.7345000e+002  4.2594000e+003  3.0200000e+000
  1.7355000e+002  4.2624000e+003  3.0400000e+000
  1.7365000e+002  4.2654000e+003  2.9700000e+000
  1.7374000e+002  4.2681000e+003  3.0200000e+000
  1.7384000e+002  4.2718000e+003  3.0400000e+000
  1.7400000e+002  4.2779000e+003  3.0300000e+000
  1.7414000e+002  4.2827000e+003  2.9000000e+000
  1.7430000e+002  4.2867000e+003  3.0200000e+000
  1.7448000e+002  4.2913000e+003  3.0800000e+000
  1.7460000e+002  4.2944000e+003  3.1200000e+000
  1.7474000e+002  4.2983000e+003  3.2600000e+000
  1.7490000e+002  4.3028000e+003  3.0000000e+000
  1.7504000e+002  4.3067000e+003  3.0300000e+000
  1.7515000e+002  4.3098000e+003  2.9400000e+000
  1.7524000e+002  4.3125000e+003  2.9400000e+000
  1.7535000e+002  4.3165000e+003  2.9800000e+000
  1.7550000e+002  4.3228000e+003  2.8800000e+000
  1.7564000e+002  4.3287000e+003  2.9500000e+000
  1.7580000e+002  4.3354000e+003  3.0200000e+000
  1.7595000e+002  4.3417000e+003  3.1000000e+000
  1.7610000e+002  4.3484000e+003  2.9000000e+000
  1.7624000e+002  4.3548000e+003  2.9600000e+000
  1.7640000e+002  4.3619000e+003  3.1200000e+000
  1.7653000e+002  4.3676000e+003  3.1200000e+000
  1.7675000e+002  4.3774000e+003  2.9500000e+000
  1.7685000e+002  4.3818000e+003  2.9600000e+000
  1.7700000e+002  4.3880000e+003  2.9000000e+000
  1.7700000e+002  4.3880000e+003  2.9600000e+000
  1.7717000e+002  4.3941000e+003  3.0900000e+000
  1.7730000e+002  4.3987000e+003  3.0700000e+000
  1.7745000e+002  4.4041000e+003  3.1300000e+000
  1.7890000e+002  4.4529000e+003  2.9800000e+000
  1.7903000e+002  4.4572000e+003  3.0600000e+000
  1.7916000e+002  4.4615000e+003  3.0000000e+000
  1.7934000e+002  4.4675000e+003  3.0200000e+000
  1.7950000e+002  4.4728000e+003  2.9700000e+000
  1.7965000e+002  4.4778000e+003  3.0300000e+000
  1.7976000e+002  4.4815000e+003  3.0500000e+000
  1.7995000e+002  4.4878000e+003  3.0200000e+000
  1.8007000e+002  4.4918000e+003  2.9600000e+000
  1.8007000e+002  4.4918000e+003  3.1900000e+000
  1.8018000e+002  4.4950000e+003  3.0200000e+000
  1.8030000e+002  4.4985000e+003  2.9600000e+000
  1.8045000e+002  4.5028000e+003  3.0800000e+000
  1.8060000e+002  4.5076000e+003  2.9500000e+000
  1.8068000e+002  4.5101000e+003  2.9500000e+000
  1.8089000e+002  4.5168000e+003  2.9400000e+000
  1.8105000e+002  4.5218000e+003  2.9700000e+000
  1.8120000e+002  4.5266000e+003  3.1100000e+000
  1.8135000e+002  4.5312000e+003  3.0600000e+000
  1.8150000e+002  4.5358000e+003  3.0600000e+000
  1.8166000e+002  4.5412000e+003  2.9100000e+000
  1.8180000e+002  4.5459000e+003  2.8900000e+000
  1.8195000e+002  4.5514000e+003  2.8100000e+000
  1.8210000e+002  4.5576000e+003  2.8800000e+000
  1.8218000e+002  4.5608000e+003  2.8100000e+000
  1.8239000e+002  4.5697000e+003  3.0700000e+000
  1.8256000e+002  4.5783000e+003  3.3000000e+000
  1.8270000e+002  4.5887000e+003  3.1500000e+000
  1.8270000e+002  4.5887000e+003  3.1700000e+000
  1.8280000e+002  4.5972000e+003  3.0200000e+000
  1.8280000e+002  4.5972000e+003  3.1300000e+000
  1.8300000e+002  4.6130000e+003  3.2900000e+000
  1.8315000e+002  4.6262000e+003  2.9600000e+000
  1.8325000e+002  4.6347000e+003  3.1600000e+000
  1.8334000e+002  4.6423000e+003  3.0000000e+000
  1.8345000e+002  4.6496000e+003  3.1700000e+000
  1.8360000e+002  4.6579000e+003  3.0100000e+000
  1.8371000e+002  4.6632000e+003  3.0000000e+000
  1.8390000e+002  4.6713000e+003  2.8400000e+000
  1.8402000e+002  4.6763000e+003  3.1200000e+000
  1.8420000e+002  4.6819000e+003  3.1300000e+000
  1.8435000e+002  4.6858000e+003  3.2600000e+000
  1.8450000e+002  4.6897000e+003  3.3000000e+000
  1.8465000e+002  4.6937000e+003  3.3900000e+000
  1.8476000e+002  4.6966000e+003  3.2100000e+000
  1.8480000e+002  4.6976000e+003  3.1700000e+000
  1.8495000e+002  4.7016000e+003  3.1600000e+000
  1.8510000e+002  4.7055000e+003  3.0300000e+000
  1.8525000e+002  4.7095000e+003  3.0700000e+000
  1.8540000e+002  4.7134000e+003  2.9900000e+000
  1.8555000e+002  4.7175000e+003  3.0600000e+000
  1.8570000e+002  4.7216000e+003  3.0700000e+000
  1.8585000e+002  4.7257000e+003  3.0600000e+000
  1.8600000e+002  4.7299000e+003  3.0800000e+000
  1.8600000e+002  4.7299000e+003  3.2100000e+000
  1.8615000e+002  4.7340000e+003  3.0800000e+000
  1.8625000e+002  4.7367000e+003  3.1400000e+000
  1.8630000e+002  4.7381000e+003  3.1200000e+000
  1.8645000e+002  4.7423000e+003  3.1500000e+000
  1.8660000e+002  4.7463000e+003  2.9600000e+000
  1.8673000e+002  4.7498000e+003  3.0800000e+000
  1.8690000e+002  4.7543000e+003  3.0000000e+000
  1.8707000e+002  4.7588000e+003  3.0600000e+000
  1.8727000e+002  4.7641000e+003  3.0800000e+000
  1.8745000e+002  4.7700000e+003  3.2300000e+000
  1.8762000e+002  4.7771000e+003  3.2100000e+000
  1.8774000e+002  4.7822000e+003  3.1200000e+000
  1.8850000e+002  4.8117000e+003  3.1100000e+000
  1.8867000e+002  4.8178000e+003  3.0300000e+000
  1.8878000e+002  4.8215000e+003  3.1600000e+000
  1.8896000e+002  4.8276000e+003  3.0300000e+000
  1.8910000e+002  4.8324000e+003  3.1800000e+000
  1.8925000e+002  4.8375000e+003  3.0900000e+000
  1.8939000e+002  4.8423000e+003  3.0500000e+000
  1.8955000e+002  4.8477000e+003  3.3200000e+000
  1.8973000e+002  4.8538000e+003  3.1700000e+000
  1.8984000e+002  4.8575000e+003  3.1100000e+000
  1.8991000e+002  4.8598000e+003  3.1000000e+000
  1.9005000e+002  4.8629000e+003  3.1300000e+000
  1.9021000e+002  4.8660000e+003  2.9600000e+000
  1.9036000e+002  4.8686000e+003  2.9600000e+000
  1.9050000e+002  4.8711000e+003  2.9200000e+000
  1.9065000e+002  4.8738000e+003  3.0400000e+000
  1.9082000e+002  4.8769000e+003  3.0100000e+000
  1.9095000e+002  4.8794000e+003  3.0800000e+000
  1.9113000e+002  4.8829000e+003  3.1100000e+000
  1.9125000e+002  4.8853000e+003  3.2600000e+000
  1.9135000e+002  4.8872000e+003  3.1300000e+000
  1.9141000e+002  4.8884000e+003  3.3000000e+000
  1.9155000e+002  4.8919000e+003  3.2600000e+000
  1.9171000e+002  4.8971000e+003  3.2100000e+000
  1.9186000e+002  4.9020000e+003  3.2000000e+000
  1.9200000e+002  4.9065000e+003  3.1500000e+000
  1.9215000e+002  4.9114000e+003  2.8900000e+000
  1.9232000e+002  4.9169000e+003  2.9900000e+000
  1.9245000e+002  4.9213000e+003  3.0000000e+000
  1.9263000e+002  4.9286000e+003  2.9300000e+000
  1.9275000e+002  4.9338000e+003  3.1600000e+000
  1.9285000e+002  4.9382000e+003  3.1600000e+000
  1.9296000e+002  4.9431000e+003  3.2100000e+000
  1.9310000e+002  4.9505000e+003  3.1700000e+000
  1.9325000e+002  4.9594000e+003  3.0800000e+000
  1.9344000e+002  4.9706000e+003  3.0900000e+000
  1.9359000e+002  4.9775000e+003  3.0900000e+000
  1.9373000e+002  4.9861000e+003  3.1000000e+000
  1.9387000e+002  4.9957000e+003  3.0600000e+000
  1.9401000e+002  5.0048000e+003  3.3200000e+000
  1.9414000e+002  5.0109000e+003  3.2200000e+000
  1.9430000e+002  5.0188000e+003  3.0400000e+000
  1.9440000e+002  5.0237000e+003  2.7300000e+000
  1.9455000e+002  5.0309000e+003  2.9500000e+000
  1.9470000e+002  5.0369000e+003  2.8900000e+000
  1.9486000e+002  5.0425000e+003  3.2200000e+000
  1.9500000e+002  5.0474000e+003  3.3500000e+000
  1.9511000e+002  5.0512000e+003  3.1500000e+000
  1.9531000e+002  5.0583000e+003  3.0900000e+000
  1.9531000e+002  5.0583000e+003  3.2500000e+000
  1.9554000e+002  5.0663000e+003  3.0300000e+000
  1.9573000e+002  5.0731000e+003  3.0900000e+000
  1.9590000e+002  5.0791000e+003  2.9500000e+000
  1.9605000e+002  5.0839000e+003  3.0500000e+000
  1.9620000e+002  5.0917000e+003  2.9800000e+000
  1.9636000e+002  5.0993000e+003  3.1800000e+000
  1.9650000e+002  5.1050000e+003  3.2200000e+000
  1.9668000e+002  5.1124000e+003  2.9300000e+000
  1.9681000e+002  5.1177000e+003  2.9500000e+000
  1.9695000e+002  5.1246000e+003  2.7600000e+000
  1.9710000e+002  5.1321000e+003  3.1200000e+000
  1.9728000e+002  5.1395000e+003  3.0700000e+000
  1.9735000e+002  5.1423000e+003  3.1900000e+000
  1.9740000e+002  5.1443000e+003  3.0700000e+000
  1.9749000e+002  5.1480000e+003  2.9500000e+000
  1.9801000e+002  5.1704000e+003  3.1600000e+000
  1.9815000e+002  5.1766000e+003  3.1800000e+000
  1.9830000e+002  5.1833000e+003  3.1200000e+000
  1.9846000e+002  5.1904000e+003  3.1200000e+000
  1.9859000e+002  5.1962000e+003  3.1600000e+000
  1.9875000e+002  5.2020000e+003  3.1300000e+000
  1.9890000e+002  5.2055000e+003  3.2100000e+000
  1.9905000e+002  5.2090000e+003  3.2100000e+000
  1.9922000e+002  5.2131000e+003  3.1200000e+000
  1.9935000e+002  5.2161000e+003  3.1200000e+000
  1.9950000e+002  5.2196000e+003  3.0100000e+000
  1.9965000e+002  5.2238000e+003  3.0100000e+000
  1.9980000e+002  5.2286000e+003  3.0500000e+000
  1.9995000e+002  5.2341000e+003  3.0300000e+000
  2.0010000e+002  5.2393000e+003  2.9100000e+000
  2.0027000e+002  5.2451000e+003  3.1100000e+000
  2.0040000e+002  5.2496000e+003  3.3100000e+000
  2.0055000e+002  5.2547000e+003  3.3600000e+000
  2.0070000e+002  5.2593000e+003  3.2600000e+000
  2.0085000e+002  5.2635000e+003  3.1300000e+000
  2.0095000e+002  5.2663000e+003  3.2700000e+000
  2.0100000e+002  5.2680000e+003  3.1200000e+000
  2.0115000e+002  5.2732000e+003  3.1900000e+000
  2.0130000e+002  5.2787000e+003  3.1900000e+000
  2.0145000e+002  5.2843000e+003  3.2500000e+000
  2.0160000e+002  5.2917000e+003  3.1900000e+000
  2.0177000e+002  5.3010000e+003  3.0200000e+000
  2.0190000e+002  5.3075000e+003  3.1800000e+000
  2.0205000e+002  5.3135000e+003  2.8800000e+000
  2.0216000e+002  5.3179000e+003  3.0600000e+000
