  1.2076000e+002  2.0916961e+003  3.5900000e+000
  1.2091000e+002  2.0942732e+003  3.2100000e+000
  1.2103000e+002  2.0959559e+003  3.3100000e+000
  1.2121000e+002  2.0980582e+003  3.1900000e+000
  1.2137000e+002  2.1000049e+003  3.1800000e+000
  1.2150000e+002  2.1015892e+003  2.7400000e+000
  1.2166000e+002  2.1042095e+003  3.2800000e+000
  1.2183000e+002  2.1072772e+003  3.4300000e+000
  1.2192000e+002  2.1086456e+003  2.9100000e+000
  1.2223000e+002  2.1124218e+003  3.3400000e+000
  1.2240000e+002  2.1144863e+003  3.7100000e+000
  1.2251000e+002  2.1159782e+003  3.3700000e+000
  1.2271000e+002  2.1185847e+003  4.0100000e+000
  1.2287000e+002  2.1206511e+003  3.5600000e+000
  1.2302000e+002  2.1234094e+003  3.6700000e+000
  1.2314000e+002  2.1263120e+003  3.1600000e+000
  1.2329000e+002  2.1320353e+003  2.9900000e+000
  1.2346000e+002  2.1379416e+003  3.0700000e+000
  1.2359000e+002  2.1415215e+003  3.2300000e+000
  1.2376000e+002  2.1452710e+003  3.5900000e+000
  1.2454000e+002  2.1607521e+003  4.1300000e+000
  1.2466000e+002  2.1644092e+003  3.6000000e+000
  1.2481000e+002  2.1694688e+003  3.5300000e+000
  1.2496000e+002  2.1736036e+003  3.3600000e+000
  1.2511000e+002  2.1773214e+003  3.2300000e+000
  1.2526000e+002  2.1806889e+003  3.0200000e+000
  1.2542000e+002  2.1842758e+003  3.3000000e+000
  1.2556000e+002  2.1871162e+003  3.1400000e+000
  1.2569000e+002  2.1895461e+003  3.3700000e+000
  1.2585000e+002  2.1926503e+003  3.4200000e+000
  1.2600000e+002  2.1972386e+003  3.5500000e+000
  1.2615000e+002  2.2023116e+003  3.5700000e+000
  1.2631000e+002  2.2075159e+003  3.3700000e+000
  1.2647000e+002  2.2112117e+003  3.1800000e+000
  1.2661000e+002  2.2138699e+003  3.4900000e+000
  1.2676000e+002  2.2163958e+003  3.2200000e+000
  1.2691000e+002  2.2188552e+003  3.4300000e+000
  1.2710000e+002  2.2219742e+003  3.2700000e+000
  1.2719000e+002  2.2236131e+003  3.3000000e+000
  1.2735000e+002  2.2265576e+003  3.1800000e+000
  1.2751000e+002  2.2294962e+003  3.4500000e+000
  1.2783000e+002  2.2360770e+003  3.2900000e+000
  1.2796000e+002  2.2394838e+003  4.2500000e+000
  1.2811000e+002  2.2434195e+003  3.5700000e+000
  1.2825999e+002  2.2473673e+003  3.6200000e+000
  1.2841000e+002  2.2517640e+003  3.3900000e+000
  1.2856000e+002  2.2566854e+003  3.2700000e+000
  1.2869000e+002  2.2609449e+003  3.2700000e+000
  1.2886000e+002  2.2656596e+003  3.3300000e+000
  1.2900999e+002  2.2686125e+003  3.4800000e+000
  1.2916000e+002  2.2712970e+003  3.1600000e+000
  1.2931000e+002  2.2737199e+003  3.6800000e+000
  1.2946001e+002  2.2760814e+003  4.0300000e+000
  1.2961000e+002  2.2784393e+003  3.6600000e+000
  1.2975999e+002  2.2808540e+003  3.9300000e+000
  1.2991000e+002  2.2836648e+003  3.9100000e+000
  1.3008000e+002  2.2906340e+003  3.6000000e+000
  1.3019000e+002  2.2987967e+003  3.0400000e+000
  1.3036000e+002  2.3128950e+003  3.5200000e+000
  1.3050999e+002  2.3223128e+003  3.3700000e+000
  1.3066000e+002  2.3316594e+003  3.2000000e+000
  1.3081000e+002  2.3374768e+003  3.0800000e+000
  1.3096001e+002  2.3415015e+003  3.2900000e+000
  1.3111000e+002  2.3440727e+003  3.4000000e+000
  1.3125999e+002  2.3459103e+003  3.2100000e+000
  1.3142000e+002  2.3476887e+003  3.2100000e+000
  1.3156000e+002  2.3492348e+003  3.4100000e+000
  1.3169000e+002  2.3506691e+003  3.4500000e+000
  1.3187000e+002  2.3523612e+003  3.5200000e+000
  1.3200999e+002  2.3533318e+003  4.1100000e+000
  1.3216000e+002  2.3543718e+003  3.7800000e+000
  1.3234000e+002  2.3556213e+003  4.0400000e+000
  1.3246001e+002  2.3564572e+003  4.2200000e+000
  1.3261000e+002  2.3574987e+003  4.0200000e+000
  1.3275999e+002  2.3585386e+003  4.2700000e+000
  1.3291000e+002  2.3595786e+003  3.8700000e+000
  1.3395000e+002  2.3667856e+003  4.2400000e+000
  1.3410001e+002  2.3681281e+003  3.9100000e+000
  1.3423000e+002  2.3694223e+003  3.8000000e+000
  1.3439999e+002  2.3711099e+003  3.7800000e+000
  1.3455000e+002  2.3726436e+003  3.5100000e+000
  1.3471001e+002  2.3750164e+003  3.3100000e+000
  1.3485001e+002  2.3772485e+003  3.3500000e+000
  1.3500999e+002  2.3802013e+003  3.3600000e+000
  1.3519000e+002  2.3845838e+003  3.3400000e+000
  1.3528999e+002  2.3870530e+003  3.2900000e+000
  1.3545000e+002  2.3907285e+003  3.3700000e+000
  1.3560001e+002  2.3936892e+003  3.5300000e+000
  1.3574001e+002  2.3963560e+003  3.5700000e+000
  1.3591000e+002  2.3994329e+003  3.5200000e+000
  1.3606000e+002  2.4017526e+003  3.6800000e+000
  1.3621001e+002  2.4033819e+003  3.8200000e+000
  1.3634000e+002  2.4046207e+003  3.8800000e+000
  1.3650999e+002  2.4064901e+003  3.7100000e+000
  1.3667999e+002  2.4091553e+003  3.4100000e+000
  1.3678999e+002  2.4111246e+003  3.3600000e+000
  1.3694000e+002  2.4137172e+003  3.8900000e+000
  1.3711000e+002  2.4164310e+003  3.8500000e+000
  1.3722000e+002  2.4182026e+003  3.3500000e+000
  1.3741000e+002  2.4216042e+003  3.3800000e+000
  1.3753000e+002  2.4236204e+003  3.9700000e+000
  1.3771001e+002  2.4265783e+003  3.3500000e+000
  1.3783000e+002  2.4284885e+003  3.7900000e+000
  1.3816000e+002  2.4326805e+003  3.8600000e+000
  1.3828999e+002  2.4343122e+003  3.9900000e+000
  1.3845000e+002  2.4363500e+003  4.3600000e+000
  1.3860001e+002  2.4382604e+003  4.3400000e+000
  1.3872000e+002  2.4397832e+003  3.7100000e+000
  1.3891000e+002  2.4421943e+003  3.5800000e+000
  1.3906000e+002  2.4440975e+003  3.5300000e+000
  1.3920000e+002  2.4457069e+003  4.1900000e+000
  1.3936000e+002  2.4474049e+003  4.0500000e+000
  1.3950999e+002  2.4489967e+003  3.6300000e+000
  1.3970000e+002  2.4510895e+003  3.7400000e+000
  1.3978999e+002  2.4523333e+003  3.8600000e+000
  1.3994000e+002  2.4549844e+003  3.6400000e+000
  1.4009000e+002  2.4603894e+003  3.7500000e+000
  1.4022000e+002  2.4682749e+003  3.4800000e+000
  1.4041000e+002  2.4764343e+003  4.0200000e+000
  1.4056000e+002  2.4795108e+003  3.6700000e+000
  1.4069000e+002  2.4818874e+003  4.2000000e+000
  1.4084000e+002  2.4842823e+003  3.4800000e+000
  1.4100999e+002  2.4867088e+003  4.1100000e+000
  1.4116000e+002  2.4887042e+003  4.0900000e+000
  1.4128999e+002  2.4906265e+003  3.5900000e+000
  1.4144000e+002  2.4930215e+003  3.6700000e+000
  1.4159000e+002  2.4955725e+003  3.6700000e+000
  1.4172000e+002  2.4985675e+003  3.5300000e+000
  1.4191000e+002  2.5048803e+003  3.6600000e+000
  1.4205000e+002  2.5086435e+003  3.6000000e+000
  1.4221001e+002  2.5121959e+003  3.7400000e+000
  1.4235001e+002  2.5151847e+003  3.8600000e+000
  1.4250999e+002  2.5185943e+003  3.9300000e+000
  1.4266000e+002  2.5217893e+003  3.7000000e+000
  1.4278999e+002  2.5245543e+003  4.0800000e+000
  1.4353000e+002  2.5456861e+003  3.1800000e+000
  1.4369000e+002  2.5509815e+003  2.9900000e+000
  1.4381000e+002  2.5552205e+003  3.4400000e+000
  1.4400999e+002  2.5629341e+003  3.2700000e+000
  1.4416000e+002  2.5690445e+003  3.3300000e+000
  1.4431000e+002  2.5757751e+003  3.3500000e+000
  1.4446001e+002  2.5825400e+003  3.2200000e+000
  1.4461000e+002  2.5891704e+003  3.2800000e+000
  1.4487000e+002  2.5983075e+003  3.6400000e+000
  1.4508000e+002  2.6036940e+003  3.5300000e+000
  1.4517999e+002  2.6056422e+003  3.7200000e+000
  1.4533000e+002  2.6085649e+003  3.6900000e+000
  1.4567999e+002  2.6166557e+003  3.0700000e+000
  1.4591000e+002  2.6211101e+003  3.2900000e+000
  1.4596001e+002  2.6220274e+003  3.0300000e+000
  1.4611000e+002  2.6247295e+003  3.1500000e+000
  1.4631000e+002  2.6278868e+003  2.7500000e+000
  1.4639000e+002  2.6290629e+003  2.9200000e+000
  1.4656000e+002  2.6314459e+003  3.3100000e+000
  1.4671001e+002  2.6332803e+003  3.3300000e+000
  1.4683000e+002  2.6344938e+003  3.1300000e+000
  1.4700999e+002  2.6362518e+003  3.3500000e+000
  1.4716000e+002  2.6377220e+003  3.5400000e+000
  1.4731000e+002  2.6391905e+003  3.6900000e+000
  1.4746001e+002  2.6406555e+003  3.5900000e+000
  1.4761000e+002  2.6421232e+003  3.4200000e+000
  1.4821001e+002  2.6485158e+003  3.7100000e+000
  1.4850999e+002  2.6569340e+003  3.2000000e+000
  1.4866000e+002  2.6658810e+003  3.2900000e+000
  1.4881000e+002  2.6726262e+003  3.2100000e+000
  1.4896001e+002  2.6781540e+003  3.4900000e+000
  1.4911000e+002  2.6823591e+003  3.5300000e+000
  1.4931000e+002  2.6863323e+003  3.8100000e+000
  1.4939000e+002  2.6878817e+003  3.8500000e+000
  1.4956000e+002  2.6911827e+003  3.8100000e+000
  1.4983000e+002  2.6984564e+003  3.3000000e+000
  1.5031000e+002  2.7142262e+003  3.7700000e+000
  1.5046001e+002  2.7172033e+003  3.6300000e+000
  1.5061000e+002  2.7197959e+003  3.6900000e+000
  1.5075999e+002  2.7221263e+003  3.6500000e+000
  1.5089000e+002  2.7240162e+003  3.2600000e+000
  1.5106000e+002  2.7264426e+003  3.4200000e+000
  1.5121001e+002  2.7280817e+003  3.4700000e+000
  1.5133000e+002  2.7292893e+003  3.0900000e+000
  1.5150999e+002  2.7311055e+003  3.5200000e+000
  1.5166000e+002  2.7326206e+003  3.1500000e+000
  1.5181000e+002  2.7341356e+003  3.2000000e+000
  1.5196001e+002  2.7357708e+003  3.2700000e+000
  1.5211000e+002  2.7380632e+003  3.2400000e+000
  1.5225999e+002  2.7408893e+003  3.1900000e+000
  1.5239000e+002  2.7434791e+003  3.1400000e+000
  1.5316000e+002  2.7613105e+003  3.3600000e+000
  1.5331000e+002  2.7655676e+003  3.1400000e+000
  1.5346001e+002  2.7700239e+003  3.1600000e+000
  1.5361000e+002  2.7742155e+003  3.2700000e+000
  1.5375999e+002  2.7785720e+003  3.2000000e+000
  1.5391000e+002  2.7837755e+003  3.1300000e+000
  1.5406000e+002  2.7887694e+003  3.1900000e+000
  1.5421001e+002  2.7941167e+003  3.1700000e+000
  1.5436000e+002  2.7998256e+003  3.2900000e+000
  1.5449001e+002  2.8052590e+003  3.5000000e+000
  1.5466000e+002  2.8164750e+003  3.3700000e+000
  1.5481000e+002  2.8259835e+003  3.0000000e+000
  1.5496001e+002  2.8360759e+003  3.1400000e+000
  1.5511000e+002  2.8428773e+003  3.2200000e+000
  1.5525999e+002  2.8466358e+003  3.6000000e+000
  1.5541000e+002  2.8499052e+003  3.5100000e+000
  1.5556000e+002  2.8531599e+003  3.5200000e+000
  1.5571001e+002  2.8564229e+003  3.3900000e+000
  1.5591000e+002  2.8645963e+003  3.2800000e+000
  1.5599001e+002  2.8687599e+003  3.2100000e+000
  1.5616000e+002  2.8808765e+003  3.3100000e+000
  1.5631000e+002  2.8907203e+003  3.3100000e+000
  1.5646001e+002  2.8974892e+003  3.0000000e+000
  1.5661000e+002  2.9042573e+003  3.2100000e+000
  1.5675999e+002  2.9097386e+003  3.3100000e+000
  1.5691000e+002  2.9146174e+003  3.2800000e+000
  1.5706000e+002  2.9192658e+003  3.3100000e+000
  1.5721001e+002  2.9231750e+003  3.4000000e+000
  1.5736000e+002  2.9261345e+003  3.2100000e+000
  1.5749001e+002  2.9287011e+003  3.1800000e+000
  1.5766000e+002  2.9320679e+003  3.5200000e+000
  1.5781000e+002  2.9359036e+003  3.2100000e+000
  1.5811000e+002  2.9492727e+003  3.1900000e+000
  1.5825999e+002  2.9557827e+003  3.2200000e+000
  1.5841000e+002  2.9619147e+003  3.2000000e+000
  1.5856000e+002  2.9672159e+003  3.2300000e+000
  1.5871001e+002  2.9716129e+003  3.2000000e+000
  1.5891000e+002  2.9755633e+003  3.3400000e+000
  1.5899001e+002  2.9772464e+003  3.2300000e+000
  1.5914999e+002  2.9811773e+003  3.3100000e+000
  1.5931000e+002  2.9859169e+003  3.0400000e+000
  1.5944000e+002  2.9896651e+003  3.3000000e+000
  1.5961000e+002  2.9932420e+003  3.3600000e+000
  1.5978999e+002  2.9967245e+003  2.9500000e+000
  1.5991000e+002  2.9986853e+003  3.5400000e+000
  1.6006000e+002  3.0009512e+003  3.3500000e+000
  1.6031000e+002  3.0042634e+003  3.4100000e+000
  1.6037000e+002  3.0049309e+003  3.3300000e+000
  1.6064999e+002  3.0080509e+003  3.4000000e+000
  1.6081000e+002  3.0098365e+003  3.4400000e+000
  1.6111000e+002  3.0131765e+003  3.5700000e+000
  1.6125999e+002  3.0148512e+003  3.7700000e+000
  1.6141000e+002  3.0161481e+003  4.0600000e+000
  1.6171001e+002  3.0181263e+003  4.0000000e+000
  1.6186000e+002  3.0193239e+003  3.8800000e+000
  1.6291000e+002  3.0387314e+003  2.7300000e+000
  1.6305000e+002  3.0475619e+003  3.5100000e+000
  1.6321001e+002  3.0592510e+003  2.7100000e+000
  1.6350999e+002  3.0765255e+003  2.8400000e+000
  1.6366000e+002  3.0840195e+003  2.3600000e+000
  1.6381000e+002  3.0906477e+003  3.1300000e+000
  1.6396001e+002  3.0972429e+003  3.1300000e+000
  1.6409000e+002  3.1029960e+003  2.4500000e+000
  1.6425000e+002  3.1128077e+003  3.2500000e+000
  1.6441000e+002  3.1191039e+003  3.1600000e+000
  1.6453999e+002  3.1235740e+003  3.4200000e+000
  1.6514999e+002  3.1369062e+003  3.2700000e+000
  1.6531000e+002  3.1416393e+003  3.3600000e+000
  1.6559000e+002  3.1528561e+003  3.1700000e+000
  1.6591000e+002  3.1750749e+003  3.2300000e+000
  1.6606000e+002  3.1855167e+003  3.2400000e+000
  1.6621001e+002  3.1953014e+003  3.3500000e+000
  1.6650999e+002  3.2107460e+003  3.1800000e+000
  1.6666000e+002  3.2162140e+003  3.3400000e+000
  1.6681000e+002  3.2209397e+003  3.3400000e+000
  1.6696001e+002  3.2245820e+003  3.3300000e+000
  1.6708000e+002  3.2268291e+003  3.5000000e+000
  1.6725999e+002  3.2305134e+003  3.1100000e+000
  1.6739999e+002  3.2348808e+003  3.2900000e+000
  1.6756000e+002  3.2405916e+003  3.1600000e+000
  1.6771001e+002  3.2470105e+003  2.9800000e+000
  1.6786000e+002  3.2555309e+003  3.1000000e+000
  1.6800999e+002  3.2645970e+003  3.1600000e+000
  1.6816000e+002  3.2752248e+003  3.0600000e+000
  1.6831000e+002  3.2841194e+003  3.4400000e+000
  1.6849001e+002  3.2916384e+003  3.6600000e+000
  1.6875999e+002  3.3008621e+003  3.6300000e+000
  1.6889999e+002  3.3054945e+003  3.3600000e+000
  1.6905000e+002  3.3104028e+003  3.0400000e+000
  1.6921001e+002  3.3155057e+003  3.1600000e+000
  1.6944000e+002  3.3234606e+003  3.2100000e+000
  1.6950999e+002  3.3253525e+003  3.0400000e+000
  1.6964999e+002  3.3284483e+003  3.4600000e+000
  1.6981000e+002  3.3319010e+003  3.2400000e+000
  1.6996001e+002  3.3349178e+003  3.1800000e+000
  1.7009000e+002  3.3372853e+003  3.4300000e+000
  1.7025999e+002  3.3401056e+003  3.3900000e+000
  1.7236000e+002  3.3778297e+003  3.1800000e+000
  1.7250999e+002  3.3828570e+003  3.1200000e+000
  1.7266000e+002  3.3879876e+003  3.1800000e+000
  1.7281000e+002  3.3935950e+003  3.2300000e+000
  1.7296001e+002  3.4000410e+003  3.1000000e+000
  1.7311000e+002  3.4068460e+003  2.7800000e+000
  1.7325999e+002  3.4141465e+003  2.5300000e+000
  1.7341000e+002  3.4214122e+003  2.8500000e+000
  1.7356000e+002  3.4287038e+003  2.8800000e+000
  1.7369000e+002  3.4346542e+003  2.4900000e+000
  1.7400999e+002  3.4445861e+003  3.0700000e+000
  1.7416000e+002  3.4476975e+003  3.1700000e+000
  1.7431000e+002  3.4508048e+003  2.9500000e+000
  1.7446001e+002  3.4539107e+003  3.0700000e+000
  1.7461000e+002  3.4582970e+003  2.8200000e+000
  1.7475999e+002  3.4631671e+003  2.9200000e+000
  1.7491000e+002  3.4680127e+003  2.9100000e+000
  1.7499001e+002  3.4705989e+003  2.9800000e+000
  1.7519000e+002  3.4769005e+003  2.2700000e+000
  1.7536000e+002  3.4805633e+003  2.4400000e+000
  1.7550999e+002  3.4837988e+003  2.9700000e+000
  1.7566000e+002  3.4881084e+003  2.7000000e+000
  1.7581000e+002  3.4929609e+003  3.1100000e+000
  1.7596001e+002  3.4978415e+003  2.5200000e+000
  1.7611000e+002  3.5030061e+003  2.8400000e+000
  1.7625999e+002  3.5081627e+003  2.7100000e+000
  1.7641000e+002  3.5133140e+003  2.7400000e+000
  1.7656000e+002  3.5173080e+003  3.5500000e+000
  1.7669000e+002  3.5199903e+003  2.9100000e+000
  1.7686000e+002  3.5231572e+003  2.9300000e+000
  1.7700999e+002  3.5256603e+003  3.4900000e+000
  1.7716000e+002  3.5280008e+003  3.7600000e+000
  1.7731000e+002  3.5304619e+003  2.8800000e+000
  1.7746001e+002  3.5352868e+003  2.5700000e+000
  1.7761000e+002  3.5430460e+003  2.9300000e+000
  1.7775999e+002  3.5492551e+003  3.1400000e+000
  1.7791000e+002  3.5543653e+003  3.0800000e+000
  1.7811000e+002  3.5611467e+003  3.1900000e+000
  1.7819000e+002  3.5638747e+003  3.0600000e+000
  1.7836000e+002  3.5704620e+003  2.4100000e+000
  1.7850999e+002  3.5774468e+003  2.7700000e+000
  1.7864999e+002  3.5857955e+003  3.1600000e+000
