  2.4000000e-001  5.4248847e-001  3.3500000e+000
  4.1000000e-001  1.3783000e+000  3.4000000e+000
  7.1000000e-001  2.8532632e+000  3.3200000e+000
  7.2000000e-001  2.9024288e+000  3.3300000e+000
  8.3000000e-001  3.4432503e+000  3.3100000e+000
  9.6000000e-001  4.0824030e+000  3.3100000e+000
  1.0400000e+000  4.4757278e+000  3.3100000e+000
  1.1300000e+000  4.9182178e+000  3.3000000e+000
  1.2300000e+000  5.4098716e+000  3.3200000e+000
  1.3800000e+000  6.1473524e+000  3.3200000e+000
  1.3800000e+000  6.1473524e+000  3.4500000e+000
  1.5100000e+000  6.7865024e+000  3.3500000e+000
  1.6300000e+000  7.3986742e+000  3.1800000e+000
  1.6600000e+000  7.5646085e+000  3.4100000e+000
  1.7400000e+000  8.0070999e+000  3.4900000e+000
  1.8700000e+000  8.7261484e+000  3.5400000e+000
  1.9800000e+000  9.3345741e+000  3.5000000e+000
  2.1300000e+000  1.0164245e+001  3.9400000e+000
  2.1300000e+000  1.0164245e+001  3.2600000e+000
  2.1300000e+000  1.0164245e+001  3.9100000e+000
  2.1300000e+000  1.0164245e+001  3.9300000e+000
  2.1300000e+000  1.0164245e+001  4.6900000e+000
  2.1300000e+000  1.0164245e+001  3.9400000e+000
  2.3200000e+000  1.1267008e+001  4.0100000e+000
  2.3700000e+000  1.1574291e+001  4.1400000e+000
  2.5200000e+000  1.2496138e+001  3.9700000e+000
  2.6500000e+000  1.3295072e+001  3.9100000e+000
  2.8000000e+000  1.4216919e+001  3.8100000e+000
  2.9200000e+000  1.4954397e+001  4.1200000e+000
  3.0500000e+000  1.5753331e+001  4.2200000e+000
  3.0700000e+000  1.5876244e+001  4.7400000e+000
  3.1300000e+000  1.6244982e+001  4.3600000e+000
  3.2500000e+000  1.7046089e+001  4.6900000e+000
  3.3900000e+000  1.8078564e+001  4.6200000e+000
  3.5300000e+000  1.9127162e+001  5.2100000e+000
  3.5800000e+000  1.9569649e+001  5.0900000e+000
  3.6900000e+000  2.0543121e+001  5.0000000e+000
  3.8100000e+000  2.1605091e+001  4.8200000e+000
  3.8200000e+000  2.1693588e+001  5.1200000e+000
  3.8900000e+000  2.2313070e+001  4.8800000e+000
  4.0000000e+000  2.3286542e+001  4.8100000e+000
  4.1200000e+000  2.4348512e+001  4.6500000e+000
  4.2100000e+000  2.5144989e+001  4.9500000e+000
  4.3100000e+000  2.6029963e+001  4.7300000e+000
  4.3300000e+000  2.6210178e+001  4.9200000e+000
  4.4400000e+000  2.7224215e+001  4.7000000e+000
  4.5700000e+000  2.8422622e+001  5.0300000e+000
  4.6300000e+000  2.8975733e+001  4.9700000e+000
  4.7100000e+000  2.9713215e+001  4.3400000e+000
  4.8300000e+000  3.0819437e+001  4.7700000e+000
  5.0100000e+000  3.2507659e+001  4.7000000e+000
  5.2100000e+000  3.4474291e+001  4.8600000e+000
  5.2200000e+000  3.4572622e+001  4.6600000e+000
  5.3000000e+000  3.5359275e+001  4.6200000e+000
  5.3200000e+000  3.5555938e+001  4.8300000e+000
  5.6100000e+000  3.8611192e+001  4.7700000e+000
  5.8100000e+000  4.0823630e+001  4.5800000e+000
  6.0700000e+000  4.3699869e+001  4.7500000e+000
  6.1300000e+000  4.4417648e+001  4.5400000e+000
  6.8200000e+000  5.2898641e+001  4.3500000e+000
  7.3300000e+000  5.9167260e+001  4.5700000e+000
  7.5700000e+000  6.2067959e+001  4.6100000e+000
  7.6300000e+000  6.2731686e+001  4.6600000e+000
  8.3200000e+000  6.9787821e+001  4.6200000e+000
  8.8300000e+000  7.4496778e+001  3.8200000e+000
  9.1000000e+000  7.6753090e+001  3.7400000e+000
  9.6000000e+000  8.0011238e+001  4.2200000e+000
  9.6900000e+000  8.0592024e+001  3.7900000e+000
  1.0320000e+001  8.4657525e+001  4.1100000e+000
  1.1130000e+001  8.9665545e+001  4.0600000e+000
  1.1180000e+001  8.9972827e+001  3.9400000e+000
  1.1830000e+001  9.3967544e+001  3.8900000e+000
  1.2340000e+001  9.7101877e+001  3.8400000e+000
  1.2490000e+001  9.8023801e+001  4.0800000e+000
  1.2560000e+001  9.8454033e+001  3.8400000e+000
  1.2630000e+001  9.8884264e+001  3.8800000e+000
  1.3300000e+001  1.0300220e+002  3.7800000e+000
  1.3380000e+001  1.0349379e+002  3.9300000e+000
  1.3620000e+001  1.0496854e+002  3.6800000e+000
  1.3990000e+001  1.0724213e+002  3.9600000e+000
  1.4130000e+001  1.0810240e+002  4.1600000e+000
  1.4160000e+001  1.0828675e+002  3.8900000e+000
  1.4360000e+001  1.0954407e+002  4.1600000e+000
  1.4560000e+001  1.1083476e+002  4.3100000e+000
  1.4800000e+001  1.1238359e+002  4.2100000e+000
  1.4880000e+001  1.1289986e+002  3.7000000e+000
  1.5010000e+001  1.1373881e+002  3.9900000e+000
  1.5190000e+001  1.1490043e+002  3.9400000e+000
  1.5490000e+001  1.1683647e+002  3.7900000e+000
  1.5660000e+001  1.1803348e+002  3.8000000e+000
  1.6060000e+001  1.2098287e+002  3.4500000e+000
  1.6300000e+001  1.2275246e+002  3.2900000e+000
  1.6380000e+001  1.2334240e+002  3.2600000e+000
  1.6510000e+001  1.2430200e+002  3.2600000e+000
  1.6610000e+001  1.2503955e+002  3.3000000e+000
  1.6750000e+001  1.2607175e+002  3.3800000e+000
  1.6990000e+001  1.2784144e+002  3.5500000e+000
  1.7100000e+001  1.2865272e+002  4.0600000e+000
  1.7100000e+001  1.2865272e+002  3.7100000e+000
  1.7100000e+001  1.2865272e+002  4.4100000e+000
  1.7100000e+001  1.2865272e+002  4.0600000e+000
  1.7100000e+001  1.2865272e+002  3.5800000e+000
  1.7180000e+001  1.2924263e+002  3.6600000e+000
  1.7180000e+001  1.2924263e+002  3.5000000e+000
  1.7180000e+001  1.2924263e+002  3.5800000e+000
  1.7280000e+001  1.2997971e+002  3.7600000e+000
  1.7280000e+001  1.2997971e+002  3.6400000e+000
  1.7280000e+001  1.2997971e+002  3.8800000e+000
  1.7280000e+001  1.2997971e+002  3.7600000e+000
  1.7370000e+001  1.3069981e+002  3.6800000e+000
  1.7370000e+001  1.3069981e+002  3.5200000e+000
  1.7370000e+001  1.3069981e+002  3.8300000e+000
  1.7370000e+001  1.3069981e+002  3.6800000e+000
  1.7450000e+001  1.3137414e+002  3.7900000e+000
  1.7550000e+001  1.3221706e+002  3.7300000e+000
  1.7640000e+001  1.3297569e+002  4.6000000e+000
  1.7730000e+001  1.3373432e+002  4.4900000e+000
  1.7820000e+001  1.3449295e+002  5.1100000e+000
  1.7870000e+001  1.3491441e+002  4.9700000e+000
  1.8020000e+001  1.3617879e+002  5.0800000e+000
  1.8210000e+001  1.3778034e+002  4.9200000e+000
  1.8490000e+001  1.4014047e+002  4.9900000e+000
  1.8730000e+001  1.4216327e+002  4.7800000e+000
  1.9010000e+001  1.4452320e+002  4.6600000e+000
  1.9300000e+001  1.4696741e+002  4.7300000e+000
  1.9380000e+001  1.4764167e+002  4.3200000e+000
  1.9610000e+001  1.4958015e+002  4.8600000e+000
  1.9990000e+001  1.5278263e+002  4.6900000e+000
  2.0580000e+001  1.5775489e+002  4.9100000e+000
  2.0800000e+001  1.5960914e+002  4.7200000e+000
  2.0880000e+001  1.6028348e+002  4.5800000e+000
  2.1130000e+001  1.6239078e+002  4.4900000e+000
  2.1590000e+001  1.6626822e+002  4.4200000e+000
  2.2070000e+001  1.7031400e+002  4.5300000e+000
  2.2550000e+001  1.7435960e+002  4.4700000e+000
  2.2580000e+001  1.7461245e+002  4.4700000e+000
  2.2790000e+001  1.7638239e+002  4.5700000e+000
  2.3400000e+001  1.8152331e+002  4.6400000e+000
  2.3990000e+001  1.8649558e+002  4.6000000e+000
  2.4210000e+001  1.8818709e+002  4.3600000e+000
  2.4290000e+001  1.8870795e+002  4.1000000e+000
  2.4900000e+001  1.9264408e+002  3.8700000e+000
  2.5490000e+001  1.9645115e+002  3.9100000e+000
  2.5710000e+001  1.9780585e+002  4.0300000e+000
  2.5790000e+001  1.9829752e+002  3.9600000e+000
  2.6480000e+001  2.0253814e+002  3.4900000e+000
  2.6990000e+001  2.0567199e+002  3.9400000e+000
  2.7210000e+001  2.0702385e+002  3.7800000e+000
  2.7290000e+001  2.0751544e+002  3.7400000e+000
  2.7900000e+001  2.1126427e+002  3.7400000e+000
  2.8490000e+001  2.1486491e+002  3.5100000e+000
  2.8710000e+001  2.1616308e+002  3.4100000e+000
  2.8790000e+001  2.1663514e+002  3.7000000e+000
  2.8880000e+001  2.1716621e+002  3.6400000e+000
  2.9480000e+001  2.2070645e+002  4.2800000e+000
  2.9990000e+001  2.2371546e+002  4.6900000e+000
  3.0210000e+001  2.2493242e+002  4.1200000e+000
  3.0290000e+001  2.2537487e+002  4.0900000e+000
  3.1520000e+001  2.3217798e+002  4.0700000e+000
  3.2080000e+001  2.3527538e+002  3.6600000e+000
  3.2290000e+001  2.3643714e+002  3.4700000e+000
  3.2380000e+001  2.3693504e+002  3.4400000e+000
  3.2530000e+001  2.3776487e+002  3.4500000e+000
  3.2710000e+001  2.3876029e+002  3.3800000e+000
  3.2990000e+001  2.4030862e+002  4.0000000e+000
  3.2990000e+001  2.4030862e+002  4.2000000e+000
  3.2990000e+001  2.4030862e+002  3.8100000e+000
  3.2990000e+001  2.4030862e+002  4.0000000e+000
  3.3100000e+001  2.4091689e+002  3.6300000e+000
  3.3280000e+001  2.4191245e+002  4.1000000e+000
  3.3420000e+001  2.4268695e+002  3.7200000e+000
  3.3580000e+001  2.4357210e+002  3.2900000e+000
  3.3700000e+001  2.4423596e+002  3.7900000e+000
  3.3790000e+001  2.4473386e+002  3.4900000e+000
  3.3790000e+001  2.4473386e+002  3.4800000e+000
  3.3790000e+001  2.4473386e+002  3.5000000e+000
  3.3790000e+001  2.4473386e+002  3.4900000e+000
  3.3880000e+001  2.4524605e+002  4.0000000e+000
  3.3930000e+001  2.4554099e+002  4.3500000e+000
  3.3980000e+001  2.4583593e+002  4.2700000e+000
  3.4040000e+001  2.4618986e+002  4.3100000e+000
  3.4190000e+001  2.4707467e+002  4.4400000e+000
  3.4330000e+001  2.4790050e+002  4.1200000e+000
  3.4370000e+001  2.4813645e+002  4.5000000e+000
  3.4490000e+001  2.4884431e+002  4.3400000e+000
  3.4610000e+001  2.4955216e+002  4.5400000e+000
  3.4710000e+001  2.5014217e+002  4.4900000e+000
  3.4810000e+001  2.5073225e+002  4.8100000e+000
  3.4930000e+001  2.5144034e+002  4.7200000e+000
  3.5080000e+001  2.5232545e+002  4.6300000e+000
  3.5190000e+001  2.5297454e+002  4.5700000e+000
  3.5380000e+001  2.5409568e+002  4.7100000e+000
  3.5990000e+001  2.5769474e+002  4.6300000e+000
  3.6190000e+001  2.5887475e+002  4.5700000e+000
  3.6360000e+001  2.5987761e+002  4.6300000e+000
  3.6580000e+001  2.6117534e+002  4.2300000e+000
  3.6790000e+001  2.6241409e+002  4.4700000e+000
  3.6880000e+001  2.6294498e+002  4.4100000e+000
  3.7210000e+001  2.6489189e+002  4.5000000e+000
  3.7490000e+001  2.6654410e+002  4.6900000e+000
  3.7810000e+001  2.6843235e+002  4.7100000e+000
  3.8080000e+001  2.7002539e+002  4.5200000e+000
  3.8210000e+001  2.7079239e+002  4.4600000e+000
  3.8380000e+001  2.7179539e+002  4.2600000e+000
  3.8990000e+001  2.7539399e+002  4.5100000e+000
  3.9570000e+001  2.7881551e+002  4.3000000e+000
  3.9790000e+001  2.8011367e+002  4.3700000e+000
  3.9880000e+001  2.8064474e+002  4.1700000e+000
  4.0510000e+001  2.8436204e+002  3.8900000e+000
  4.0630000e+001  2.8507004e+002  3.9000000e+000
  4.0800000e+001  2.8607304e+002  3.9800000e+000
  4.0840000e+001  2.8630904e+002  4.0000000e+000
  4.1520000e+001  2.9032049e+002  4.5000000e+000
  4.1580000e+001  2.9067442e+002  4.3800000e+000
  4.1880000e+001  2.9244408e+002  4.4000000e+000
  4.2490000e+001  2.9604355e+002  4.2900000e+000
  4.3080000e+001  2.9952469e+002  3.9900000e+000
  4.3340000e+001  3.0105870e+002  4.1400000e+000
  4.4530000e+001  3.0768734e+002  3.8800000e+000
  4.4770000e+001  3.0901485e+002  3.5800000e+000
  4.4840000e+001  3.0940199e+002  3.6900000e+000
  4.6170000e+001  3.1675860e+002  3.5900000e+000
  4.6350000e+001  3.1775396e+002  3.6100000e+000
  4.6960000e+001  3.2112780e+002  3.4000000e+000
  4.7130000e+001  3.2206827e+002  3.4000000e+000
  4.7330000e+001  3.2317469e+002  3.3600000e+000
  4.7550000e+001  3.2439142e+002  3.2200000e+000
  4.7670000e+001  3.2505510e+002  3.3900000e+000
  4.7780000e+001  3.2566347e+002  3.2600000e+000
  4.7850000e+001  3.2605061e+002  3.1800000e+000
  4.7900000e+001  3.2632714e+002  3.3900000e+000
  4.8080000e+001  3.2732274e+002  3.2400000e+000
  4.8280000e+001  3.2842900e+002  3.3600000e+000
  4.8460000e+001  3.2942464e+002  3.3300000e+000
  4.8630000e+001  3.3036494e+002  3.3700000e+000
  4.8830000e+001  3.3147107e+002  3.4600000e+000
  4.9040000e+001  3.3263250e+002  3.6400000e+000
  4.9150000e+001  3.3324086e+002  3.2100000e+000
  4.9310000e+001  3.3412587e+002  3.2800000e+000
  4.9310000e+001  3.3412587e+002  3.2500000e+000
  4.9310000e+001  3.3412587e+002  3.3200000e+000
  4.9310000e+001  3.3412587e+002  3.2800000e+000
  4.9370000e+001  3.3445780e+002  3.3500000e+000
  4.9620000e+001  3.3584084e+002  3.9400000e+000
  4.9760000e+001  3.3661535e+002  4.2400000e+000
  4.9770000e+001  3.3667067e+002  4.1400000e+000
  4.9830000e+001  3.3700260e+002  4.1300000e+000
  4.9970000e+001  3.3777690e+002  4.1700000e+000
  5.0070000e+001  3.3832988e+002  4.4300000e+000
  5.0490000e+001  3.4065238e+002  5.3600000e+000
  5.0550000e+001  3.4098422e+002  5.1200000e+000
  5.0670000e+001  3.4164808e+002  5.2700000e+000
  5.0820000e+001  3.4247791e+002  5.0600000e+000
  5.0960000e+001  3.4325241e+002  5.2400000e+000
  5.1070000e+001  3.4386095e+002  5.0900000e+000
  5.1070000e+001  3.4386095e+002  5.0500000e+000
  5.1070000e+001  3.4386095e+002  5.1300000e+000
  5.1070000e+001  3.4386095e+002  5.0900000e+000
  5.1120000e+001  3.4413756e+002  5.1800000e+000
  5.1380000e+001  3.4557560e+002  4.9600000e+000
  5.1530000e+001  3.4640519e+002  4.9100000e+000
  5.1760000e+001  3.4767723e+002  4.7900000e+000
  5.1990000e+001  3.4894940e+002  4.6600000e+000
  5.2580000e+001  3.5221279e+002  4.5000000e+000
  5.2720000e+001  3.5298708e+002  4.6900000e+000
  5.2880000e+001  3.5387198e+002  4.7100000e+000
  5.3490000e+001  3.5724628e+002  4.8100000e+000
  5.4070000e+001  3.6045413e+002  4.6600000e+000
  5.4220000e+001  3.6128359e+002  4.4500000e+000
  5.4380000e+001  3.6216965e+002  4.4800000e+000
  5.4990000e+001  3.6576912e+002  4.3500000e+000
  5.5580000e+001  3.6934895e+002  4.2100000e+000
  5.5720000e+001  3.7020937e+002  4.4300000e+000
  5.5880000e+001  3.7119270e+002  4.2300000e+000
  5.6460000e+001  3.7485511e+002  4.5700000e+000
  5.6490000e+001  3.7504869e+002  4.4600000e+000
  5.6640000e+001  3.7601659e+002  4.5600000e+000
  5.6800000e+001  3.7704902e+002  4.5100000e+000
  5.7470000e+001  3.8141410e+002  4.3400000e+000
  5.8410000e+001  3.8870802e+002  3.9100000e+000
  5.9560000e+001  3.9840069e+002  3.8800000e+000
  5.9960000e+001  4.0177202e+002  3.5500000e+000
  6.0360000e+001  4.0514335e+002  3.2000000e+000
  6.0550000e+001  4.0674473e+002  3.4900000e+000
  6.0580000e+001  4.0699757e+002  3.0800000e+000
  6.0700000e+001  4.0800897e+002  3.2000000e+000
  6.0780000e+001  4.0868324e+002  3.2700000e+000
  6.0880000e+001  4.0952607e+002  3.2200000e+000
  6.1010000e+001  4.1062175e+002  3.4200000e+000
  6.1160000e+001  4.1188600e+002  3.4000000e+000
  6.1300000e+001  4.1306596e+002  3.5600000e+000
  6.1490000e+001  4.1466735e+002  3.5500000e+000
  6.1610000e+001  4.1567877e+002  3.5800000e+000
  6.1710000e+001  4.1652161e+002  3.6500000e+000
  6.1810000e+001  4.1736446e+002  3.6600000e+000
  6.1910000e+001  4.1820730e+002  3.7700000e+000
  6.2010000e+001  4.1905015e+002  3.7800000e+000
  6.2070000e+001  4.1955586e+002  3.8000000e+000
  6.2200000e+001  4.2065156e+002  3.9400000e+000
  6.2380000e+001  4.2216868e+002  4.0300000e+000
  6.2430000e+001  4.2259010e+002  4.0900000e+000
  6.2480000e+001  4.2301152e+002  4.0800000e+000
  6.2560000e+001  4.2368433e+002  3.9300000e+000
  6.2640000e+001  4.2427435e+002  4.1400000e+000
  6.2720000e+001  4.2486438e+002  4.2100000e+000
  6.2800000e+001  4.2545440e+002  4.1100000e+000
  6.2800000e+001  4.2545440e+002  3.6300000e+000
  6.2800000e+001  4.2545440e+002  4.5900000e+000
  6.2800000e+001  4.2545440e+002  4.1100000e+000
  6.3210000e+001  4.2817325e+002  4.7500000e+000
  6.3290000e+001  4.2868947e+002  4.6800000e+000
  6.3410000e+001  4.2946379e+002  4.9500000e+000
  6.3580000e+001  4.3056074e+002  4.7900000e+000
  6.3700000e+001  4.3133506e+002  5.1300000e+000
  6.3750000e+001  4.3165769e+002  5.2600000e+000
  6.3880000e+001  4.3249654e+002  5.2000000e+000
  6.4190000e+001  4.3449687e+002  5.4000000e+000
  6.4490000e+001  4.3643267e+002  5.2700000e+000
  6.4780000e+001  4.3830394e+002  5.2200000e+000
  6.5080000e+001  4.4023974e+002  5.1700000e+000
  6.5190000e+001  4.4094954e+002  4.9700000e+000
  6.5380000e+001  4.4217554e+002  5.0400000e+000
  6.5430000e+001  4.4249818e+002  5.1900000e+000
  6.5590000e+001  4.4353079e+002  4.7300000e+000
  6.5740000e+001  4.4449888e+002  4.8700000e+000
  6.5990000e+001  4.4611237e+002  4.6800000e+000
  6.6580000e+001  4.4992020e+002  4.5900000e+000
  6.6700000e+001  4.5069467e+002  4.2700000e+000
  6.6880000e+001  4.5185619e+002  4.6700000e+000
  6.7490000e+001  4.5579232e+002  4.6800000e+000
  6.8070000e+001  4.5951747e+002  4.8300000e+000
  6.8220000e+001  4.6043935e+002  4.7100000e+000
  6.8380000e+001  4.6142269e+002  4.7500000e+000
  6.8430000e+001  4.6172998e+002  4.8200000e+000
  6.8620000e+001  4.6289769e+002  4.5200000e+000
  6.9430000e+001  4.6776364e+002  4.0100000e+000
  7.0070000e+001  4.7153943e+002  3.8600000e+000
  7.0180000e+001  4.7218852e+002  3.7700000e+000
  7.0320000e+001  4.7301462e+002  4.2800000e+000
  7.0930000e+001  4.7661383e+002  4.0400000e+000
  7.1330000e+001  4.7897384e+002  3.8200000e+000
  7.1640000e+001  4.8080253e+002  3.9700000e+000
  7.1950000e+001  4.8263115e+002  3.8800000e+000
  7.2270000e+001  4.8451892e+002  3.8100000e+000
  7.2710000e+001  4.8711526e+002  3.7700000e+000
  7.3160000e+001  4.8977047e+002  3.7800000e+000
  7.3320000e+001  4.9071448e+002  3.6300000e+000
  7.3900000e+001  4.9413635e+002  3.8300000e+000
  7.4110000e+001  4.9537510e+002  3.7900000e+000
  7.4370000e+001  4.9690878e+002  4.0600000e+000
  7.4820000e+001  4.9956368e+002  3.7800000e+000
  7.5040000e+001  5.0086185e+002  3.8000000e+000
  7.5400000e+001  5.0298612e+002  3.9300000e+000
  7.5610000e+001  5.0422513e+002  3.6700000e+000
  7.5870000e+001  5.0575913e+002  4.0300000e+000
  7.5890000e+001  5.0587713e+002  4.0000000e+000
  7.5920000e+001  5.0605413e+002  4.0700000e+000
  7.6220000e+001  5.0782411e+002  4.1100000e+000
  7.6320000e+001  5.0841399e+002  5.1100000e+000
  7.6320000e+001  5.0841399e+002  5.0200000e+000
  7.6320000e+001  5.0841399e+002  5.2000000e+000
  7.6320000e+001  5.0841399e+002  5.1100000e+000
  7.6490000e+001  5.0941678e+002  4.3300000e+000
  7.6690000e+001  5.1059654e+002  4.0800000e+000
  7.6900000e+001  5.1183528e+002  4.2200000e+000
  7.7010000e+001  5.1248417e+002  4.3400000e+000
  7.7210000e+001  5.1366432e+002  4.4100000e+000
  7.7600000e+001  5.1596562e+002  4.3000000e+000
  7.8990000e+001  5.2452927e+002  3.9300000e+000
  7.9680000e+001  5.2898161e+002  4.2100000e+000
  7.9900000e+001  5.3040120e+002  4.1500000e+000
  8.0490000e+001  5.3420828e+002  4.2200000e+000
  8.0610000e+001  5.3498260e+002  4.1700000e+000
  8.0710000e+001  5.3562786e+002  4.3900000e+000
  8.0810000e+001  5.3627313e+002  4.3500000e+000
  8.0910000e+001  5.3691840e+002  4.6500000e+000
  8.1010000e+001  5.3756366e+002  4.7700000e+000
  8.1070000e+001  5.3795082e+002  4.8200000e+000
  8.1130000e+001  5.3833798e+002  4.7500000e+000
  8.1180000e+001  5.3866062e+002  4.4100000e+000
  8.1290000e+001  5.3937041e+002  4.8300000e+000
  8.1380000e+001  5.3995118e+002  4.8200000e+000
  8.1430000e+001  5.4027383e+002  5.0000000e+000
  8.1610000e+001  5.4143541e+002  4.8600000e+000
  8.1990000e+001  5.4388761e+002  4.7600000e+000
  8.2570000e+001  5.4763045e+002  4.7100000e+000
  8.2680000e+001  5.4834026e+002  4.7000000e+000
  8.2880000e+001  5.4963080e+002  4.3500000e+000
  8.3490000e+001  5.5356693e+002  4.1200000e+000
  8.4070000e+001  5.5730961e+002  4.6400000e+000
  8.4180000e+001  5.5801949e+002  3.9300000e+000
  8.4380000e+001  5.5931018e+002  3.8600000e+000
  8.4920000e+001  5.6279504e+002  4.0100000e+000
  8.5490000e+001  5.6647342e+002  3.6000000e+000
  8.5620000e+001  5.6731233e+002  3.6500000e+000
  8.5790000e+001  5.6840937e+002  3.7800000e+000
  8.5840000e+001  5.6873203e+002  3.6400000e+000
  8.6310000e+001  5.7176502e+002  3.4800000e+000
  8.6860000e+001  5.7531406e+002  3.3500000e+000
  8.8410000e+001  5.8531570e+002  4.6000000e+000
  8.8680000e+001  5.8705792e+002  4.3500000e+000
  8.9040000e+001  5.8938089e+002  4.2700000e+000
  8.9200000e+001  5.9041339e+002  4.2100000e+000
  9.0040000e+001  5.9583406e+002  4.2400000e+000
  9.0580000e+001  5.9972015e+002  4.0300000e+000
  9.0930000e+001  6.0281784e+002  4.0200000e+000
  9.1090000e+001  6.0423392e+002  3.7100000e+000
  9.1360000e+001  6.0665438e+002  3.7100000e+000
  9.1690000e+001  6.0969626e+002  3.4700000e+000
  9.1830000e+001  6.1098675e+002  3.4500000e+000
  9.1940000e+001  6.1201433e+002  3.6500000e+000
  9.2090000e+001  6.1348939e+002  3.5700000e+000
  9.2270000e+001  6.1525948e+002  3.6300000e+000
  9.2420000e+001  6.1676011e+002  3.9800000e+000
  9.2790000e+001  6.2111134e+002  3.6100000e+000
  9.2880000e+001  6.2243863e+002  4.6600000e+000
  9.2970000e+001  6.2409650e+002  5.0800000e+000
  9.3060000e+001  6.2575623e+002  5.0800000e+000
  9.3160000e+001  6.2760037e+002  5.1900000e+000
  9.3260000e+001  6.2944399e+002  5.3700000e+000
  9.3370000e+001  6.3147157e+002  5.4800000e+000
  9.3500000e+001  6.3386780e+002  5.2400000e+000
  9.3690000e+001  6.3804522e+002  5.2000000e+000
  9.3740000e+001  6.3951967e+002  5.3300000e+000
  9.3850000e+001  6.4276356e+002  4.9900000e+000
  9.3970000e+001  6.4630371e+002  5.1900000e+000
  9.4200000e+001  6.5308956e+002  4.7900000e+000
  9.4410000e+001  6.5928331e+002  4.9900000e+000
  9.4610000e+001  6.6518434e+002  4.2800000e+000
  9.4770000e+001  6.6990324e+002  4.4200000e+000
  9.4770000e+001  6.6990324e+002  4.2500000e+000
  9.4770000e+001  6.6990324e+002  4.5900000e+000
  9.4770000e+001  6.6990324e+002  4.4200000e+000
  9.4860000e+001  6.7255792e+002  4.4900000e+000
  9.5130000e+001  6.8052421e+002  3.9700000e+000
  9.6160000e+001  7.0539109e+002  3.8000000e+000
  9.6410000e+001  7.1000000e+002  4.2000000e+000
