  1.1000000e-001  0.0000000e+000  2.9100000e+000
  2.2000000e-001  1.5603502e+000  3.1600000e+000
  3.2000000e-001  3.2047536e+000  3.2300000e+000
  4.7000000e-001  5.8374303e+000  3.2300000e+000
  5.5000000e-001  7.8807549e+000  3.2000000e+000
  7.3000000e-001  1.1850302e+001  3.4700000e+000
  1.0300000e+000  1.7420107e+001  4.8200000e+000
  1.0500000e+000  1.7777448e+001  5.0500000e+000
  1.1200000e+000  1.9028143e+001  4.9700000e+000
  1.3200000e+000  2.2366268e+001  4.9300000e+000
  1.4500000e+000  2.5298511e+001  4.7700000e+000
  1.5900000e+000  3.0007138e+001  4.3000000e+000
  1.6700000e+000  3.2475070e+001  4.5400000e+000
  1.8400000e+000  3.7600668e+001  4.3500000e+000
  1.8800000e+000  3.9055914e+001  4.3800000e+000
  2.0400000e+000  4.5682397e+001  4.1300000e+000
  2.1100000e+000  4.8158463e+001  4.4300000e+000
  2.1600000e+000  4.9927083e+001  4.4200000e+000
  2.2200000e+000  5.1971831e+001  4.0300000e+000
  2.4300000e+000  6.0232580e+001  4.3500000e+000
  2.4600000e+000  6.1204647e+001  4.7600000e+000
  2.5400000e+000  6.3857280e+001  4.1300000e+000
  2.7200000e+000  7.0964808e+001  4.1500000e+000
  2.8000000e+000  7.4081607e+001  3.6100000e+000
  2.9200000e+000  7.7674058e+001  3.9200000e+000
  2.9400000e+000  7.8265267e+001  4.2500000e+000
  3.0600000e+000  8.2028228e+001  3.6800000e+000
  3.1400000e+000  8.5577816e+001  3.7200000e+000
  3.2100000e+000  8.8810911e+001  3.8500000e+000
  3.2800000e+000  9.1377364e+001  3.5400000e+000
  3.4800000e+000  9.6346930e+001  3.8500000e+000
  3.6500000e+000  1.0213012e+002  3.8700000e+000
  3.7000000e+000  1.0399630e+002  3.2800000e+000
  3.8500000e+000  1.1117683e+002  4.2500000e+000
  3.9300000e+000  1.1591346e+002  3.2200000e+000
  4.0300000e+000  1.2167700e+002  2.6900000e+000
  4.1400000e+000  1.2672912e+002  2.7900000e+000
  4.2800000e+000  1.3083441e+002  3.6900000e+000
  4.4100000e+000  1.3492982e+002  4.9900000e+000
  4.4200000e+000  1.3524603e+002  4.9600000e+000
  4.5100000e+000  1.3741104e+002  4.5200000e+000
  4.6800000e+000  1.4124252e+002  4.5800000e+000
  4.7000000e+000  1.4166430e+002  4.8000000e+000
  4.8500000e+000  1.4459202e+002  4.5500000e+000
  4.8700000e+000  1.4497160e+002  4.5600000e+000
  5.1200000e+000  1.4971685e+002  4.6800000e+000
  5.1800000e+000  1.5085578e+002  5.0700000e+000
  5.2600000e+000  1.5252630e+002  4.7800000e+000
  5.3400000e+000  1.5439784e+002  4.5000000e+000
  5.4300000e+000  1.5819807e+002  4.7700000e+000
  5.5400000e+000  1.6384200e+002  4.5300000e+000
  5.6300000e+000  1.6905694e+002  4.1100000e+000
  5.7100000e+000  1.7371337e+002  4.2000000e+000
  5.8100000e+000  1.7942995e+002  4.5000000e+000
  5.9100000e+000  1.8514667e+002  4.4400000e+000
  6.0400000e+000  1.9170730e+002  3.6200000e+000
  6.1400000e+000  1.9593287e+002  3.9500000e+000
  6.2600000e+000  1.9976349e+002  2.8700000e+000
  6.3600000e+000  2.0294331e+002  3.4000000e+000
  6.4600000e+000  2.0612241e+002  3.3800000e+000
  6.6200000e+000  2.1120998e+002  3.4100000e+000
  6.7300000e+000  2.1466400e+002  3.5600000e+000
  6.8600000e+000  2.1870992e+002  3.5800000e+000
  6.9300000e+000  2.2067221e+002  4.2000000e+000
  7.0400000e+000  2.2355090e+002  4.7200000e+000
  7.1600000e+000  2.2679812e+002  4.0100000e+000
  7.3100000e+000  2.3085771e+002  4.4000000e+000
  7.4100000e+000  2.3435231e+002  3.6300000e+000
  7.5700000e+000  2.4251244e+002  3.6400000e+000
  7.7300000e+000  2.4709396e+002  4.3600000e+000
  7.8600000e+000  2.5049615e+002  4.5700000e+000
  7.9800000e+000  2.5332846e+002  4.6700000e+000
  8.1200000e+000  2.5643477e+002  4.4100000e+000
  8.2500000e+000  2.5931977e+002  4.8000000e+000
  8.3400000e+000  2.6131721e+002  4.6200000e+000
  8.4600000e+000  2.6408504e+002  4.4400000e+000
  8.5300000e+000  2.6570162e+002  4.6100000e+000
  8.6800000e+000  2.6948457e+002  4.4300000e+000
  8.9100000e+000  2.7855971e+002  4.1000000e+000
  9.0300000e+000  2.8356787e+002  3.7300000e+000
  9.1400000e+000  2.8792478e+002  3.8300000e+000
  9.2300000e+000  2.9106372e+002  4.3500000e+000
  9.3600000e+000  2.9397388e+002  4.6100000e+000
  9.4200000e+000  2.9531066e+002  4.4100000e+000
  9.5500000e+000  2.9857048e+002  4.3500000e+000
  9.6600000e+000  3.0217022e+002  3.8300000e+000
  9.8000000e+000  3.0829364e+002  3.6700000e+000
  1.0000000e+001  3.1456954e+002  3.2900000e+000
  1.0080000e+001  3.1627015e+002  4.0400000e+000
  1.0180000e+001  3.1808848e+002  4.1800000e+000
  1.0220000e+001  3.1881599e+002  3.2500000e+000
  1.0360000e+001  3.2228745e+002  3.5800000e+000
  1.0460000e+001  3.2665650e+002  3.2900000e+000
  1.0660000e+001  3.3495305e+002  3.8200000e+000
  1.0910000e+001  3.4027360e+002  4.5300000e+000
  1.0990000e+001  3.4182850e+002  4.8500000e+000
  1.1170000e+001  3.4436849e+002  4.7900000e+000
  1.1360000e+001  3.4688045e+002  4.4900000e+000
  1.1580000e+001  3.5083164e+002  4.7900000e+000
  1.1720000e+001  3.5361926e+002  4.2500000e+000
  1.1810000e+001  3.5561191e+002  4.7200000e+000
  1.1860000e+001  3.5675870e+002  4.6100000e+000
  1.2020000e+001  3.6056988e+002  4.1000000e+000
  1.2160000e+001  3.6399617e+002  4.3500000e+000
  1.2290000e+001  3.6737247e+002  4.0900000e+000
  1.2400000e+001  3.7037785e+002  4.4600000e+000
  1.2490000e+001  3.7283624e+002  3.9300000e+000
  1.2640000e+001  3.7693357e+002  4.1400000e+000
  1.2780000e+001  3.8075773e+002  3.9900000e+000
  1.2910000e+001  3.8487628e+002  3.8500000e+000
  1.3100000e+001  3.9387374e+002  3.6600000e+000
  1.3240000e+001  4.0391027e+002  2.8900000e+000
  1.3390000e+001  4.1324442e+002  3.3400000e+000
  1.3400000e+001  4.1361950e+002  3.3400000e+000
  1.3520000e+001  4.1709448e+002  3.2400000e+000
  1.3700000e+001  4.2181283e+002  3.8700000e+000
  1.3830000e+001  4.2427009e+002  3.4700000e+000
  1.3930000e+001  4.2564524e+002  4.8800000e+000
  1.4060000e+001  4.2757092e+002  4.5600000e+000
  1.4130000e+001  4.2901403e+002  5.1800000e+000
  1.4270000e+001  4.3184101e+002  5.2100000e+000
  1.4410000e+001  4.3436168e+002  5.0500000e+000
  1.4530000e+001  4.3652225e+002  4.8300000e+000
  1.4640000e+001  4.3850278e+002  4.8000000e+000
  1.4790000e+001  4.4120441e+002  5.0100000e+000
  1.4900000e+001  4.4318625e+002  4.8100000e+000
  1.5110000e+001  4.4811783e+002  4.7700000e+000
  1.5290000e+001  4.5650309e+002  4.3800000e+000
  1.5430000e+001  4.6235508e+002  4.9200000e+000
  1.5440000e+001  4.6267810e+002  4.6700000e+000
  1.5590000e+001  4.6709594e+002  3.8500000e+000
  1.5840000e+001  4.7442872e+002  4.4100000e+000
  1.5870000e+001  4.7528186e+002  4.3200000e+000
  1.5910000e+001  4.7640025e+002  3.9200000e+000
  1.5950000e+001  4.7751864e+002  3.9500000e+000
  1.6050000e+001  4.8031463e+002  3.8600000e+000
  1.6060000e+001  4.8059423e+002  4.1200000e+000
  1.6150000e+001  4.8422277e+002  3.7700000e+000
  1.6260000e+001  4.8904601e+002  3.4500000e+000
  1.6400000e+001  4.9465333e+002  3.9500000e+000
  1.6500000e+001  4.9850563e+002  3.5400000e+000
  1.6610000e+001  5.0257901e+002  3.7000000e+000
  1.6740000e+001  5.0582196e+002  3.8900000e+000
  1.6840000e+001  5.0768836e+002  3.9200000e+000
  1.6930000e+001  5.0897205e+002  4.1100000e+000
  1.7060000e+001  5.1067971e+002  3.9300000e+000
  1.7180000e+001  5.1281098e+002  4.1900000e+000
  1.7280000e+001  5.1478133e+002  4.1800000e+000
  1.7410000e+001  5.1778417e+002  4.1800000e+000
  1.7560000e+001  5.2194326e+002  3.9800000e+000
  1.7660000e+001  5.2538426e+002  3.8600000e+000
  1.7780000e+001  5.3024254e+002  3.8600000e+000
  1.7900000e+001  5.3510082e+002  4.1900000e+000
  1.8040000e+001  5.4038962e+002  4.4500000e+000
  1.8180000e+001  5.4379027e+002  4.7000000e+000
  1.8300000e+001  5.4648609e+002  4.6800000e+000
  1.8430000e+001  5.4929222e+002  4.8200000e+000
  1.8560000e+001  5.5230785e+002  4.4700000e+000
  1.8730000e+001  5.5674964e+002  4.3100000e+000
  1.8910000e+001  5.6405186e+002  3.9200000e+000
  1.8990000e+001  5.7099917e+002  3.6900000e+000
  1.9360000e+001  5.8678017e+002  4.5000000e+000
  1.9510000e+001  5.9265631e+002  3.8000000e+000
  1.9510000e+001  5.9265631e+002  3.6900000e+000
  1.9510000e+001  5.9265631e+002  3.9000000e+000
  1.9510000e+001  5.9265631e+002  3.8000000e+000
  1.9660000e+001  5.9890624e+002  4.4500000e+000
  1.9810000e+001  6.0197712e+002  4.2300000e+000
  2.0030000e+001  6.0663976e+002  4.3500000e+000
  2.0190000e+001  6.1087110e+002  2.8500000e+000
  2.0330000e+001  6.1507373e+002  3.7000000e+000
  2.0470000e+001  6.1844128e+002  3.9500000e+000
  2.0610000e+001  6.2177412e+002  4.0400000e+000
  2.0720000e+001  6.2423092e+002  4.3600000e+000
  2.0850000e+001  6.2786805e+002  4.7800000e+000
  2.0940000e+001  6.3175383e+002  5.0600000e+000
  2.1170000e+001  6.4230257e+002  4.5200000e+000
  2.1530000e+001  6.5225941e+002  4.9100000e+000
  2.1690000e+001  6.5808559e+002  4.6500000e+000
  2.1830000e+001  6.6409791e+002  4.4800000e+000
  2.1960000e+001  6.7076793e+002  4.2600000e+000
  2.2110000e+001  6.7882085e+002  4.1300000e+000
  2.2340000e+001  6.8939633e+002  3.4800000e+000
  2.2440000e+001  6.9396026e+002  3.6200000e+000
  2.2520000e+001  6.9760678e+002  3.4300000e+000
  2.2570000e+001  6.9939461e+002  3.5000000e+000
  2.2680000e+001  7.0332579e+002  3.4900000e+000
  2.2770000e+001  7.0657224e+002  3.8500000e+000
  2.2980000e+001  7.1499192e+002  4.1900000e+000
  2.3030000e+001  7.1711833e+002  4.8400000e+000
  2.3190000e+001  7.2378492e+002  4.3300000e+000
  2.3330000e+001  7.2962298e+002  3.9500000e+000
  2.3460000e+001  7.3503277e+002  3.9000000e+000
  2.3610000e+001  7.4096503e+002  4.2500000e+000
  2.3860000e+001  7.4773183e+002  4.6600000e+000
  2.3940000e+001  7.4971122e+002  4.7500000e+000
  2.4020000e+001  7.5165721e+002  4.4700000e+000
  2.4310000e+001  7.5882107e+002  4.1400000e+000
  2.4530000e+001  7.6624409e+002  4.0200000e+000
  2.4690000e+001  7.7470187e+002  3.7100000e+000
  2.4830000e+001  7.8335190e+002  3.2700000e+000
  2.4960000e+001  7.9024345e+002  4.1400000e+000
  2.5020000e+001  7.9272351e+002  3.9300000e+000
  2.5110000e+001  7.9644361e+002  4.6600000e+000
  2.5220000e+001  8.0099227e+002  4.4400000e+000
  2.5330000e+001  8.0554159e+002  4.3000000e+000
  2.5420000e+001  8.0926376e+002  4.4400000e+000
  2.5440000e+001  8.1009090e+002  4.5000000e+000
  2.5520000e+001  8.1339900e+002  3.8300000e+000
  2.5570000e+001  8.1540264e+002  4.0000000e+000
  2.5670000e+001  8.1932652e+002  3.5800000e+000
  2.5750000e+001  8.2246719e+002  3.9200000e+000
  2.6030000e+001  8.3139390e+002  4.1200000e+000
  2.6190000e+001  8.3660222e+002  3.8100000e+000
  2.6330000e+001  8.4209206e+002  3.6700000e+000
  2.6460000e+001  8.4704769e+002  3.2500000e+000
  2.6610000e+001  8.5175248e+002  3.8700000e+000
  2.6790000e+001  8.5989970e+002  2.8600000e+000
  2.6940000e+001  8.6856252e+002  4.3500000e+000
  2.7170000e+001  8.7678146e+002  4.6000000e+000
  2.7470000e+001  8.8587532e+002  4.7400000e+000
  2.7560000e+001  8.8926570e+002  4.2800000e+000
  2.7650000e+001  8.9269874e+002  4.3100000e+000
  2.7660000e+001  8.9308009e+002  4.5200000e+000
  2.7730000e+001  8.9603768e+002  4.2800000e+000
  2.7830000e+001  9.0034733e+002  4.1300000e+000
  2.7860000e+001  9.0146176e+002  3.8200000e+000
  2.7990000e+001  9.0614043e+002  4.1900000e+000
  2.8040000e+001  9.0793950e+002  3.9000000e+000
  2.8150000e+001  9.1190007e+002  3.9500000e+000
  2.8190000e+001  9.1333822e+002  3.7700000e+000
  2.8250000e+001  9.1599657e+002  3.7900000e+000
  2.8260000e+001  9.1644657e+002  4.1900000e+000
  2.8390000e+001  9.2215537e+002  4.5700000e+000
  2.8570000e+001  9.2861513e+002  3.9200000e+000
  2.8700000e+001  9.3245868e+002  4.0700000e+000
  2.8860000e+001  9.3718920e+002  3.5500000e+000
  2.8870000e+001  9.3748486e+002  3.8000000e+000
  2.8940000e+001  9.3955446e+002  3.7400000e+000
  2.9040000e+001  9.4278232e+002  3.5800000e+000
  2.9060000e+001  9.4362959e+002  3.4300000e+000
  2.9190000e+001  9.4956133e+002  3.1700000e+000
  2.9260000e+001  9.5250200e+002  2.9500000e+000
  2.9350000e+001  9.5628402e+002  3.1800000e+000
  2.9520000e+001  9.6248358e+002  4.2300000e+000
  2.9680000e+001  9.6786245e+002  4.1000000e+000
  2.9810000e+001  9.7223184e+002  3.8800000e+000
  2.9960000e+001  9.7851332e+002  3.4500000e+000
  3.0110000e+001  9.8333263e+002  3.9800000e+000
  3.0260000e+001  9.8732908e+002  3.9500000e+000
  3.0400000e+001  9.9073248e+002  3.6400000e+000
  3.0420000e+001  9.9121831e+002  4.2500000e+000
  3.0540000e+001  9.9429048e+002  3.6700000e+000
  3.0690000e+001  9.9832997e+002  3.4700000e+000
  3.1000000e+001  1.0066651e+003  4.4100000e+000
  3.1160000e+001  1.0097747e+003  3.9000000e+000
  3.1290000e+001  1.0123013e+003  3.9800000e+000
  3.1460000e+001  1.0156704e+003  3.6000000e+000
  3.1590000e+001  1.0185452e+003  3.8900000e+000
  3.1740000e+001  1.0223037e+003  3.3000000e+000
  3.1920000e+001  1.0294851e+003  3.7700000e+000
  3.1940000e+001  1.0303341e+003  3.5500000e+000
  3.2040000e+001  1.0347792e+003  4.1400000e+000
  3.2160000e+001  1.0405306e+003  4.0800000e+000
  3.2500000e+001  1.0535416e+003  4.3600000e+000
  3.2640000e+001  1.0578703e+003  3.8100000e+000
  3.2740000e+001  1.0608434e+003  3.8400000e+000
  3.2810000e+001  1.0624796e+003  3.7100000e+000
  3.2940000e+001  1.0655191e+003  3.1800000e+000
  3.3070000e+001  1.0691126e+003  3.2500000e+000
  3.3220000e+001  1.0745847e+003  2.9800000e+000
  3.3340000e+001  1.0790330e+003  3.3100000e+000
  3.3420000e+001  1.0821749e+003  3.8100000e+000
  3.3460000e+001  1.0832429e+003  3.5300000e+000
  3.3590000e+001  1.0867139e+003  3.5300000e+000
  3.3710000e+001  1.0908079e+003  3.7900000e+000
  3.3920000e+001  1.1013490e+003  3.9100000e+000
  3.3980000e+001  1.1050600e+003  3.7700000e+000
  3.4070000e+001  1.1123785e+003  3.7200000e+000
  3.4120000e+001  1.1165475e+003  3.9200000e+000
  3.4250000e+001  1.1260440e+003  4.6700000e+000
  3.4360000e+001  1.1309372e+003  3.7200000e+000
  3.4470000e+001  1.1341061e+003  3.8300000e+000
  3.4560000e+001  1.1366989e+003  3.9800000e+000
  3.4730000e+001  1.1415984e+003  3.8200000e+000
  3.4890000e+001  1.1462088e+003  3.7000000e+000
  3.5040000e+001  1.1503272e+003  3.3900000e+000
  3.5140000e+001  1.1529449e+003  3.8500000e+000
  3.5270000e+001  1.1564843e+003  3.6100000e+000
  3.5380000e+001  1.1607916e+003  3.3300000e+000
  3.5490000e+001  1.1652974e+003  3.3600000e+000
  3.5620000e+001  1.1706250e+003  3.6000000e+000
  3.5740000e+001  1.1748345e+003  3.0900000e+000
  3.5860000e+001  1.1797158e+003  3.2600000e+000
  3.5970000e+001  1.1842193e+003  3.4500000e+000
  3.6110000e+001  1.1905818e+003  3.9400000e+000
  3.6280000e+001  1.1982495e+003  4.0900000e+000
  3.6380000e+001  1.2031740e+003  4.1500000e+000
  3.6530000e+001  1.2079834e+003  4.6900000e+000
  3.6610000e+001  1.2103496e+003  4.5700000e+000
  3.6750000e+001  1.2144958e+003  3.7100000e+000
  3.6810000e+001  1.2162734e+003  3.7000000e+000
  3.6940000e+001  1.2201258e+003  4.1400000e+000
  3.7110000e+001  1.2252990e+003  3.5200000e+000
  3.7240000e+001  1.2309534e+003  3.1100000e+000
  3.7340000e+001  1.2358607e+003  3.1200000e+000
  3.7470000e+001  1.2422567e+003  3.3200000e+000
  3.7540000e+001  1.2457515e+003  4.2000000e+000
  3.7610000e+001  1.2489824e+003  4.5000000e+000
  3.7730000e+001  1.2537163e+003  4.3200000e+000
  3.7740000e+001  1.2540873e+003  4.0100000e+000
  3.7890000e+001  1.2596528e+003  3.6000000e+000
  3.7930000e+001  1.2611154e+003  3.8600000e+000
  3.8130000e+001  1.2686267e+003  3.9200000e+000
  3.8210000e+001  1.2714600e+003  3.2800000e+000
  3.8350000e+001  1.2772085e+003  3.3700000e+000
  3.8470000e+001  1.2822513e+003  3.3700000e+000
  3.8580000e+001  1.2850131e+003  3.8800000e+000
  3.8610000e+001  1.2857185e+003  3.7300000e+000
  3.8780000e+001  1.2893495e+003  4.3100000e+000
  3.8860000e+001  1.2910853e+003  4.1800000e+000
  3.8990000e+001  1.2941160e+003  3.7000000e+000
  3.9100000e+001  1.2968765e+003  3.9300000e+000
  3.9190000e+001  1.2991879e+003  4.3100000e+000
  3.9350000e+001  1.3034737e+003  3.7100000e+000
  3.9470000e+001  1.3065416e+003  3.5100000e+000
  3.9850000e+001  1.3152707e+003  3.0900000e+000
  3.9970000e+001  1.3181102e+003  3.2400000e+000
  4.0080000e+001  1.3211682e+003  3.7400000e+000
  4.0210000e+001  1.3248978e+003  3.6200000e+000
  4.0360000e+001  1.3293443e+003  4.2500000e+000
  4.0490000e+001  1.3331980e+003  4.0000000e+000
  4.0690000e+001  1.3392536e+003  4.2800000e+000
  4.0850000e+001  1.3439193e+003  3.6200000e+000
  4.0970000e+001  1.3470400e+003  2.7100000e+000
  4.1060000e+001  1.3492549e+003  3.8600000e+000
  4.1230000e+001  1.3540167e+003  2.9700000e+000
  4.1350000e+001  1.3580605e+003  3.2100000e+000
  4.1470000e+001  1.3625073e+003  3.4900000e+000
  4.1580000e+001  1.3672359e+003  3.9900000e+000
  4.1710000e+001  1.3730570e+003  4.1900000e+000
  4.1860000e+001  1.3796290e+003  4.3000000e+000
  4.1990000e+001  1.3851465e+003  2.9900000e+000
  4.2090000e+001  1.3888886e+003  3.1300000e+000
  4.2190000e+001  1.3929301e+003  3.4300000e+000
  4.2350000e+001  1.3999967e+003  3.3900000e+000
  4.2730000e+001  1.4256251e+003  3.3700000e+000
  4.2850000e+001  1.4327271e+003  3.2900000e+000
  4.2970000e+001  1.4388945e+003  3.1600000e+000
  4.3080000e+001  1.4441576e+003  3.3200000e+000
  4.3210000e+001  1.4501225e+003  3.3000000e+000
  4.3360000e+001  1.4541099e+003  4.3400000e+000
  4.3490000e+001  1.4575561e+003  4.1900000e+000
  4.3590000e+001  1.4603224e+003  3.8500000e+000
  4.3690000e+001  1.4628355e+003  4.4100000e+000
  4.3850000e+001  1.4667626e+003  3.9100000e+000
  4.4230000e+001  1.4802331e+003  3.2600000e+000
  4.4360000e+001  1.4864053e+003  3.2700000e+000
  4.4580000e+001  1.4948258e+003  3.8300000e+000
  4.4710000e+001  1.4987709e+003  3.6800000e+000
  4.4730000e+001  1.4993783e+003  4.1500000e+000
  4.4860000e+001  1.5025383e+003  4.6200000e+000
  4.4990000e+001  1.5059026e+003  3.9700000e+000
  4.5090000e+001  1.5089390e+003  3.9900000e+000
  4.5190000e+001  1.5123852e+003  3.8600000e+000
  4.5350000e+001  1.5195332e+003  3.6300000e+000
  4.5400000e+001  1.5219118e+003  3.8300000e+000
  4.5530000e+001  1.5278563e+003  3.5200000e+000
  4.5640000e+001  1.5325434e+003  4.8000000e+000
  4.5750000e+001  1.5365716e+003  3.8300000e+000
  4.5820000e+001  1.5395646e+003  4.1500000e+000
  4.5910000e+001  1.5434432e+003  4.0700000e+000
  4.6020000e+001  1.5484537e+003  3.9000000e+000
  4.6140000e+001  1.5545359e+003  3.2700000e+000
  4.6200000e+001  1.5576144e+003  3.8700000e+000
  4.6270000e+001  1.5615288e+003  3.8800000e+000
  4.6390000e+001  1.5683460e+003  3.7100000e+000
  4.6540000e+001  1.5765238e+003  4.4900000e+000
  4.6680000e+001  1.5838478e+003  3.3400000e+000
  4.6730000e+001  1.5862185e+003  3.4400000e+000
  4.6790000e+001  1.5888784e+003  3.6600000e+000
  4.6920000e+001  1.5946360e+003  3.8800000e+000
  4.7030000e+001  1.5998948e+003  3.6600000e+000
  4.7130000e+001  1.6053611e+003  3.5100000e+000
  4.7260000e+001  1.6127444e+003  3.9400000e+000
  4.7410000e+001  1.6225697e+003  3.5100000e+000
  4.7530000e+001  1.6328692e+003  3.2800000e+000
  4.7650000e+001  1.6412008e+003  3.5600000e+000
  4.7700000e+001  1.6440767e+003  3.9600000e+000
  4.7770000e+001  1.6479347e+003  4.4200000e+000
  4.7930000e+001  1.6556395e+003  3.9900000e+000
  4.8030000e+001  1.6593701e+003  4.0600000e+000
  4.8190000e+001  1.6637800e+003  4.3900000e+000
  4.8210000e+001  1.6643313e+003  4.1800000e+000
  4.8270000e+001  1.6662224e+003  4.3800000e+000
  4.8320000e+001  1.6679436e+003  3.9800000e+000
  4.8380000e+001  1.6707396e+003  3.5300000e+000
  4.8430000e+001  1.6732526e+003  3.4600000e+000
  4.8490000e+001  1.6764582e+003  3.8200000e+000
  4.8540000e+001  1.6792920e+003  3.5700000e+000
  4.8630000e+001  1.6848881e+003  3.4900000e+000
  4.8770000e+001  1.6924717e+003  3.7700000e+000
  4.8990000e+001  1.7033055e+003  4.3200000e+000
  4.9080000e+001  1.7071901e+003  4.0600000e+000
  4.9190000e+001  1.7111481e+003  3.8800000e+000
  4.9290000e+001  1.7147450e+003  4.1200000e+000
  4.9420000e+001  1.7193628e+003  3.3800000e+000
  4.9490000e+001  1.7217607e+003  3.7800000e+000
  4.9540000e+001  1.7234750e+003  3.6700000e+000
  4.9630000e+001  1.7265573e+003  3.6100000e+000
  4.9770000e+001  1.7309826e+003  4.2300000e+000
  4.9910000e+001  1.7347725e+003  3.5700000e+000
  4.9990000e+001  1.7372522e+003  3.4000000e+000
  5.0030000e+001  1.7386063e+003  3.3600000e+000
  5.0130000e+001  1.7428072e+003  3.3300000e+000
  5.0270000e+001  1.7484421e+003  4.5600000e+000
  5.0480000e+001  1.7544374e+003  3.6700000e+000
  5.0540000e+001  1.7560294e+003  3.6200000e+000
  5.0700000e+001  1.7601978e+003  3.4800000e+000
  5.0790000e+001  1.7624827e+003  3.6200000e+000
  5.0910000e+001  1.7654388e+003  3.4100000e+000
  5.0990000e+001  1.7677664e+003  3.3900000e+000
  5.1040000e+001  1.7694479e+003  3.3500000e+000
  5.1130000e+001  1.7729132e+003  3.2700000e+000
  5.1270000e+001  1.7777686e+003  3.6100000e+000
  5.1410000e+001  1.7820760e+003  3.4200000e+000
  5.1490000e+001  1.7845402e+003  3.4700000e+000
  5.1520000e+001  1.7854630e+003  3.5800000e+000
  5.1640000e+001  1.7891590e+003  3.6100000e+000
  5.1770000e+001  1.7931617e+003  4.3500000e+000
  5.1980000e+001  1.7999740e+003  4.1000000e+000
  5.2030000e+001  1.8019490e+003  3.6800000e+000
  5.2130000e+001  1.8070659e+003  3.8700000e+000
  5.2200000e+001  1.8109214e+003  3.4400000e+000
  5.2290000e+001  1.8164162e+003  3.7400000e+000
  5.2440000e+001  1.8259414e+003  3.4400000e+000
  5.2630000e+001  1.8377018e+003  3.3800000e+000
  5.2770000e+001  1.8459692e+003  3.6800000e+000
  5.2900000e+001  1.8526913e+003  3.5600000e+000
  5.2980000e+001  1.8564628e+003  3.3800000e+000
  5.3030000e+001  1.8584498e+003  3.7400000e+000
  5.3120000e+001  1.8607340e+003  3.9900000e+000
  5.3270000e+001  1.8640551e+003  4.2500000e+000
  5.3480000e+001  1.8685116e+003  3.5200000e+000
  5.3540000e+001  1.8697853e+003  3.1400000e+000
  5.3680000e+001  1.8727567e+003  3.2500000e+000
  5.3790000e+001  1.8750907e+003  3.7500000e+000
  5.3900000e+001  1.8775366e+003  3.6500000e+000
  5.3980000e+001  1.8794230e+003  3.5900000e+000
  5.4020000e+001  1.8803662e+003  3.4200000e+000
  5.4120000e+001  1.8827046e+003  3.2200000e+000
  5.4230000e+001  1.8850350e+003  3.6600000e+000
  5.4240000e+001  1.8852468e+003  3.6700000e+000
  5.4420000e+001  1.8887243e+003  3.0000000e+000
  5.4490000e+001  1.8900631e+003  3.2200000e+000
  5.4530000e+001  1.8908281e+003  3.2100000e+000
  5.4640000e+001  1.8929319e+003  3.1600000e+000
  5.4770000e+001  1.8954181e+003  3.6800000e+000
  5.4980000e+001  1.8994348e+003  3.6700000e+000
  5.5040000e+001  1.9005828e+003  3.8200000e+000
  5.5180000e+001  1.9032613e+003  3.9500000e+000
  5.5290000e+001  1.9053650e+003  4.1000000e+000
  5.5390000e+001  1.9073229e+003  3.9000000e+000
  5.5430000e+001  1.9082769e+003  3.8300000e+000
  5.5510000e+001  1.9101709e+003  3.8400000e+000
  5.5580000e+001  1.9119498e+003  3.6300000e+000
  5.5690000e+001  1.9160200e+003  3.6400000e+000
  5.5770000e+001  1.9191214e+003  3.8200000e+000
  5.5900000e+001  1.9245040e+003  3.4700000e+000
  5.6000000e+001  1.9292392e+003  3.3700000e+000
  5.6100000e+001  1.9345616e+003  3.2900000e+000
  5.6200000e+001  1.9390048e+003  3.2700000e+000
  5.6270000e+001  1.9420977e+003  3.8200000e+000
  5.6440000e+001  1.9488958e+003  3.9700000e+000
  5.6490000e+001  1.9507446e+003  3.8100000e+000
  5.6540000e+001  1.9525091e+003  3.9000000e+000
  5.6680000e+001  1.9583437e+003  3.8900000e+000
  5.6790000e+001  1.9636159e+003  3.8900000e+000
  5.7020000e+001  1.9759745e+003  3.5500000e+000
  5.7080000e+001  1.9795618e+003  3.2500000e+000
  5.7110000e+001  1.9813747e+003  3.0600000e+000
  5.7200000e+001  1.9868502e+003  3.4900000e+000
  5.7230000e+001  1.9885877e+003  3.4000000e+000
  5.7270000e+001  1.9905346e+003  3.5300000e+000
  5.7340000e+001  1.9939415e+003  3.3300000e+000
  5.7590000e+001  2.0015488e+003  4.0600000e+000
  5.7740000e+001  2.0051969e+003  3.5100000e+000
  5.7860000e+001  2.0080655e+003  4.0500000e+000
  5.7980000e+001  2.0111440e+003  3.4500000e+000
  5.8090000e+001  2.0140653e+003  3.6600000e+000
  5.8120000e+001  2.0148859e+003  3.7700000e+000
  5.8250000e+001  2.0184414e+003  3.3700000e+000
  5.8370000e+001  2.0224931e+003  3.5200000e+000
  5.8450000e+001  2.0252227e+003  2.7600000e+000
  5.8680000e+001  2.0343743e+003  3.3900000e+000
  5.8790000e+001  2.0383426e+003  3.6100000e+000
  5.8920000e+001  2.0427297e+003  3.4500000e+000
  5.8980000e+001  2.0442998e+003  3.8300000e+000
  5.9020000e+001  2.0453032e+003  3.6600000e+000
  5.9070000e+001  2.0465575e+003  3.7700000e+000
  5.9200000e+001  2.0498187e+003  3.9800000e+000
  5.9310000e+001  2.0525781e+003  3.4600000e+000
  5.9370000e+001  2.0540833e+003  3.7600000e+000
  5.9480000e+001  2.0574717e+003  3.6900000e+000
  5.9570000e+001  2.0602869e+003  3.5200000e+000
  5.9610000e+001  2.0615419e+003  3.6100000e+000
  5.9700000e+001  2.0643639e+003  4.3200000e+000
  5.9810000e+001  2.0679565e+003  4.2000000e+000
  5.9850000e+001  2.0690338e+003  4.4300000e+000
  5.9940000e+001  2.0714578e+003  4.2300000e+000
  6.0020000e+001  2.0734439e+003  4.6200000e+000
  6.0100000e+001  2.0753588e+003  3.7800000e+000
  6.0180000e+001  2.0772736e+003  4.2400000e+000
  6.0240000e+001  2.0786940e+003  3.8800000e+000
  6.0300000e+001  2.0799863e+003  3.9500000e+000
  6.0420000e+001  2.0826226e+003  3.4000000e+000
  6.0500000e+001  2.0844013e+003  3.4000000e+000
  6.0570000e+001  2.0859561e+003  3.8700000e+000
  6.0630000e+001  2.0872888e+003  3.8800000e+000
  6.0680000e+001  2.0883994e+003  3.8400000e+000
  6.0700000e+001  2.0889403e+003  3.9000000e+000
  6.0820000e+001  2.0922804e+003  3.7500000e+000
  6.0990000e+001  2.0990509e+003  3.5100000e+000
  6.1070000e+001  2.1029807e+003  3.6200000e+000
  6.1110000e+001  2.1049455e+003  3.8300000e+000
  6.1220000e+001  2.1103489e+003  3.9800000e+000
  6.1350000e+001  2.1167271e+003  3.8100000e+000
  6.1510000e+001  2.1246804e+003  3.4700000e+000
  6.1680000e+001  2.1332374e+003  3.3500000e+000
  6.1810000e+001  2.1397784e+003  3.3100000e+000
  6.1990000e+001  2.1481649e+003  3.9200000e+000
  6.2070000e+001  2.1506852e+003  4.1200000e+000
  6.2190000e+001  2.1540363e+003  4.6000000e+000
  6.2380000e+001  2.1593424e+003  4.2900000e+000
  6.2590000e+001  2.1652069e+003  3.8100000e+000
  6.2710000e+001  2.1685938e+003  3.7500000e+000
  6.2850000e+001  2.1736260e+003  3.6000000e+000
  6.3020000e+001  2.1813175e+003  3.5500000e+000
  6.3180000e+001  2.1880683e+003  3.6800000e+000
  6.3370000e+001  2.1937405e+003  3.7500000e+000
  6.3510000e+001  2.1975368e+003  4.0500000e+000
  6.3570000e+001  2.1992143e+003  3.8400000e+000
  6.3800000e+001  2.2055912e+003  3.8300000e+000
  6.3980000e+001  2.2102895e+003  3.6600000e+000
  6.4070000e+001  2.2126387e+003  3.4300000e+000
  6.4090000e+001  2.2131607e+003  3.3400000e+000
  6.4220000e+001  2.2165188e+003  3.6700000e+000
  6.4350000e+001  2.2207794e+003  3.5600000e+000
  6.4520000e+001  2.2275086e+003  3.4500000e+000
  6.4680000e+001  2.2339117e+003  3.4600000e+000
  6.4790000e+001  2.2371231e+003  3.7200000e+000
  6.4910000e+001  2.2401591e+003  4.0500000e+000
  6.5060000e+001  2.2432109e+003  3.5200000e+000
  6.5070000e+001  2.2434143e+003  3.9200000e+000
  6.5220000e+001  2.2466602e+003  3.8000000e+000
  6.5280000e+001  2.2480524e+003  3.9700000e+000
  6.5320000e+001  2.2490700e+003  3.6400000e+000
  6.5450000e+001  2.2524117e+003  3.2800000e+000
  6.5570000e+001  2.2571506e+003  3.1700000e+000
  6.5600000e+001  2.2584226e+003  3.1600000e+000
  6.5710000e+001  2.2630866e+003  3.3000000e+000
  6.5850000e+001  2.2690227e+003  3.3500000e+000
  6.5970000e+001  2.2741012e+003  3.5900000e+000
  6.6060000e+001  2.2776595e+003  3.7700000e+000
  6.6110000e+001  2.2791181e+003  3.8100000e+000
  6.6270000e+001  2.2834584e+003  4.0600000e+000
  6.6290000e+001  2.2840009e+003  3.9200000e+000
  6.6390000e+001  2.2867136e+003  3.7600000e+000
  6.6490000e+001  2.2893565e+003  3.9300000e+000
  6.6590000e+001  2.2923821e+003  3.4000000e+000
  6.6700000e+001  2.2966457e+003  3.2800000e+000
  6.6830000e+001  2.3016252e+003  3.4100000e+000
  6.6950000e+001  2.3050933e+003  3.3400000e+000
  6.7100000e+001  2.3089897e+003  3.5500000e+000
  6.7250000e+001  2.3126557e+003  3.9500000e+000
  6.7390000e+001  2.3157901e+003  3.7100000e+000
  6.7760000e+001  2.3237959e+003  3.6400000e+000
  6.7860000e+001  2.3259569e+003  3.4600000e+000
  6.8060000e+001  2.3306862e+003  3.9000000e+000
  6.8080000e+001  2.3311877e+003  3.6700000e+000
  6.8090000e+001  2.3314385e+003  3.6000000e+000
  6.8140000e+001  2.3326921e+003  3.7900000e+000
  6.8190000e+001  2.3343445e+003  3.6500000e+000
  6.8310000e+001  2.3392447e+003  2.8700000e+000
  6.8490000e+001  2.3473014e+003  3.4600000e+000
  6.8620000e+001  2.3528608e+003  3.7400000e+000
  6.8660000e+001  2.3540819e+003  3.9800000e+000
  6.8750000e+001  2.3564996e+003  4.0700000e+000
  6.8880000e+001  2.3598016e+003  3.8500000e+000
  6.9020000e+001  2.3631457e+003  3.7600000e+000
  6.9180000e+001  2.3672497e+003  3.8000000e+000
  6.9290000e+001  2.3701027e+003  3.5100000e+000
  6.9360000e+001  2.3723457e+003  3.4900000e+000
  6.9530000e+001  2.3777553e+003  3.0600000e+000
  6.9760000e+001  2.3847960e+003  3.0100000e+000
  6.9970000e+001  2.3901516e+003  3.9000000e+000
  7.0100000e+001  2.3934657e+003  3.9800000e+000
  7.0200000e+001  2.3962424e+003  3.2400000e+000
  7.0270000e+001  2.3994392e+003  3.0300000e+000
  7.0380000e+001  2.4049645e+003  3.4400000e+000
  7.0410000e+001  2.4065066e+003  3.2600000e+000
  7.0510000e+001  2.4116468e+003  2.9900000e+000
  7.0610000e+001  2.4172098e+003  3.1100000e+000
  7.0710000e+001  2.4223791e+003  3.4700000e+000
  7.0840000e+001  2.4287029e+003  3.6800000e+000
  7.0860000e+001  2.4296153e+003  3.9000000e+000
  7.1060000e+001  2.4361512e+003  3.8200000e+000
  7.1290000e+001  2.4426098e+003  4.5200000e+000
  7.1370000e+001  2.4447995e+003  4.1800000e+000
  7.1470000e+001  2.4473546e+003  4.2900000e+000
  7.1600000e+001  2.4507623e+003  3.4200000e+000
  7.1770000e+001  2.4554198e+003  3.4700000e+000
  7.1870000e+001  2.4588424e+003  3.1500000e+000
  7.1980000e+001  2.4636505e+003  3.0000000e+000
  7.2090000e+001  2.4684735e+003  3.0700000e+000
  7.2200000e+001  2.4732966e+003  3.4900000e+000
  7.2310000e+001  2.4773915e+003  3.5200000e+000
  7.2350000e+001  2.4787616e+003  3.6200000e+000
  7.2360000e+001  2.4791032e+003  3.7900000e+000
  7.2800000e+001  2.4912682e+003  4.3900000e+000
  7.2880000e+001  2.4939149e+003  3.6500000e+000
  7.2910000e+001  2.4949296e+003  3.4100000e+000
  7.2970000e+001  2.4969627e+003  3.6000000e+000
  7.3060000e+001  2.5001770e+003  3.3200000e+000
  7.3100000e+001  2.5018877e+003  3.0600000e+000
  7.3250000e+001  2.5083344e+003  3.5900000e+000
  7.3360000e+001  2.5130648e+003  3.6600000e+000
  7.3390000e+001  2.5143550e+003  3.7900000e+000
  7.3540000e+001  2.5189416e+003  4.3900000e+000
  7.3620000e+001  2.5211439e+003  4.2100000e+000
  7.3710000e+001  2.5235515e+003  4.3400000e+000
  7.3830000e+001  2.5266495e+003  3.9200000e+000
  7.3860000e+001  2.5274232e+003  4.5000000e+000
  7.4290000e+001  2.5430608e+003  3.3600000e+000
  7.4460000e+001  2.5512466e+003  3.1600000e+000
  7.4470000e+001  2.5517281e+003  3.1400000e+000
  7.4710000e+001  2.5626383e+003  3.4600000e+000
  7.4800000e+001  2.5653227e+003  3.8000000e+000
  7.4860000e+001  2.5668931e+003  3.3200000e+000
  7.4880000e+001  2.5674166e+003  3.4700000e+000
  7.4980000e+001  2.5698813e+003  3.6700000e+000
  7.5210000e+001  2.5752346e+003  3.7100000e+000
  7.5360000e+001  2.5788083e+003  3.2500000e+000
  7.5440000e+001  2.5809034e+003  3.5200000e+000
  7.5580000e+001  2.5846859e+003  3.0800000e+000
  7.5700000e+001  2.5880316e+003  3.2200000e+000
  7.5750000e+001  2.5893905e+003  3.2200000e+000
  7.5890000e+001  2.5937876e+003  3.1800000e+000
  7.5950000e+001  2.5956710e+003  3.4600000e+000
  7.7660000e+001  2.6649312e+003  3.2100000e+000
  7.7880000e+001  2.6691509e+003  3.3100000e+000
  7.8020000e+001  2.6718335e+003  3.3700000e+000
  7.8180000e+001  2.6748982e+003  3.3500000e+000
  7.8270000e+001  2.6767504e+003  3.5100000e+000
  7.8300000e+001  2.6773920e+003  3.3900000e+000
  7.8410000e+001  2.6799093e+003  3.5700000e+000
  7.8560000e+001  2.6835012e+003  3.7900000e+000
  7.8750000e+001  2.6879896e+003  4.0500000e+000
  7.8890000e+001  2.6914172e+003  3.8600000e+000
  7.9030000e+001  2.6954949e+003  3.7200000e+000
  7.9110000e+001  2.6979406e+003  3.4100000e+000
  7.9180000e+001  2.7003481e+003  3.6700000e+000
  7.9270000e+001  2.7037879e+003  4.1600000e+000
  7.9330000e+001  2.7061009e+003  4.0000000e+000
  7.9420000e+001  2.7097619e+003  3.8800000e+000
  7.9480000e+001  2.7123334e+003  4.1600000e+000
  7.9690000e+001  2.7224551e+003  3.9300000e+000
  7.9770000e+001  2.7266407e+003  3.7800000e+000
  7.9900000e+001  2.7330458e+003  3.5100000e+000
  7.9940000e+001  2.7347385e+003  3.4800000e+000
  8.0060000e+001  2.7396265e+003  2.9000000e+000
  8.0180000e+001  2.7436360e+003  2.9800000e+000
  8.0260000e+001  2.7463139e+003  3.2600000e+000
  8.0390000e+001  2.7510382e+003  3.2500000e+000
  8.0460000e+001  2.7536672e+003  3.0200000e+000
  8.0530000e+001  2.7562916e+003  3.3200000e+000
  8.0600000e+001  2.7589229e+003  3.0900000e+000
  8.0690000e+001  2.7626466e+003  3.5200000e+000
  8.0790000e+001  2.7673454e+003  3.1600000e+000
  8.0930000e+001  2.7727217e+003  3.4400000e+000
  8.1120000e+001  2.7780410e+003  3.3700000e+000
  8.1270000e+001  2.7822420e+003  3.2600000e+000
  8.1300000e+001  2.7830823e+003  3.1100000e+000
  8.1430000e+001  2.7869372e+003  3.2000000e+000
  8.1790000e+001  2.8000353e+003  3.6300000e+000
  8.1890000e+001  2.8039087e+003  3.9100000e+000
  8.2020000e+001  2.8089507e+003  3.7800000e+000
  8.2130000e+001  2.8136325e+003  3.5900000e+000
  8.2290000e+001  2.8193579e+003  3.6400000e+000
  8.2630000e+001  2.8326231e+003  3.3600000e+000
  8.2770000e+001  2.8386250e+003  3.5000000e+000
  8.2900000e+001  2.8442001e+003  3.2700000e+000
  8.2920000e+001  2.8450569e+003  3.5500000e+000
  8.3060000e+001  2.8509648e+003  3.5100000e+000
  8.3210000e+001  2.8556233e+003  3.6200000e+000
  8.3290000e+001  2.8578142e+003  3.0700000e+000
  8.3390000e+001  2.8605038e+003  3.3600000e+000
  8.3510000e+001  2.8640212e+003  3.2800000e+000
  8.3660000e+001  2.8684425e+003  3.3600000e+000
  8.3750000e+001  2.8709798e+003  3.1100000e+000
  8.3780000e+001  2.8717651e+003  3.1100000e+000
  8.3850000e+001  2.8735974e+003  3.2500000e+000
  8.3990000e+001  2.8772611e+003  3.7700000e+000
  8.4100000e+001  2.8800478e+003  3.6900000e+000
  8.4190000e+001  2.8822951e+003  3.6600000e+000
  8.4270000e+001  2.8843648e+003  3.4300000e+000
  8.4310000e+001  2.8854902e+003  3.2600000e+000
  8.4420000e+001  2.8885852e+003  3.5800000e+000
  8.4560000e+001  2.8924843e+003  3.7200000e+000
  8.4710000e+001  2.8969977e+003  3.5200000e+000
  8.4790000e+001  2.8998027e+003  3.1000000e+000
  8.4900000e+001  2.9044864e+003  3.4500000e+000
  8.5020000e+001  2.9092035e+003  3.1800000e+000
  8.5170000e+001  2.9147743e+003  3.9000000e+000
  8.5340000e+001  2.9200753e+003  3.7900000e+000
  8.5380000e+001  2.9214992e+003  3.5900000e+000
  8.5460000e+001  2.9246136e+003  3.9100000e+000
  8.5480000e+001  2.9253922e+003  3.8000000e+000
  8.5660000e+001  2.9324062e+003  3.6600000e+000
  8.5770000e+001  2.9365158e+003  2.9000000e+000
  8.5840000e+001  2.9384613e+003  3.0100000e+000
  8.5970000e+001  2.9420743e+003  2.9600000e+000
  8.6060000e+001  2.9444396e+003  3.0400000e+000
  8.6170000e+001  2.9473132e+003  3.4500000e+000
  8.6270000e+001  2.9499205e+003  3.1400000e+000
  8.6370000e+001  2.9524760e+003  3.1700000e+000
  8.6470000e+001  2.9548399e+003  2.9900000e+000
  8.6620000e+001  2.9583859e+003  3.3100000e+000
  8.6710000e+001  2.9605473e+003  3.0100000e+000
  8.6850000e+001  2.9640731e+003  3.0800000e+000
  8.6970000e+001  2.9676315e+003  3.1700000e+000
  8.7150000e+001  2.9754386e+003  3.7100000e+000
  8.7260000e+001  2.9809981e+003  3.5800000e+000
  8.7420000e+001  2.9892885e+003  3.5700000e+000
  8.7640000e+001  3.0011434e+003  3.3100000e+000
  8.7720000e+001  3.0056107e+003  3.3100000e+000
  8.7840000e+001  3.0126298e+003  3.7000000e+000
  8.7990000e+001  3.0209593e+003  3.4500000e+000
  8.8160000e+001  3.0286421e+003  3.2200000e+000
  8.8290000e+001  3.0332226e+003  3.0300000e+000
  8.8310000e+001  3.0338679e+003  3.4700000e+000
  8.8460000e+001  3.0391126e+003  3.1500000e+000
  8.8630000e+001  3.0443760e+003  3.3000000e+000
  8.8660000e+001  3.0452456e+003  3.3700000e+000
  8.8790000e+001  3.0488998e+003  3.0600000e+000
  8.8860000e+001  3.0507970e+003  3.4100000e+000
  8.8980000e+001  3.0538315e+003  2.9700000e+000
  8.9050000e+001  3.0555269e+003  3.2900000e+000
  8.9250000e+001  3.0600896e+003  3.0400000e+000
  8.9380000e+001  3.0630626e+003  2.9700000e+000
  8.9530000e+001  3.0664911e+003  3.1700000e+000
  8.9670000e+001  3.0696849e+003  3.0100000e+000
  8.9760000e+001  3.0718770e+003  3.0700000e+000
  8.9850000e+001  3.0741959e+003  2.9300000e+000
  8.9930000e+001  3.0764827e+003  3.1900000e+000
  9.0080000e+001  3.0808902e+003  2.8900000e+000
  9.0260000e+001  3.0861724e+003  3.1900000e+000
  9.0360000e+001  3.0901579e+003  3.0900000e+000
  9.0400000e+001  3.0918261e+003  3.2600000e+000
  9.0530000e+001  3.0972477e+003  3.2300000e+000
  9.0750000e+001  3.1064292e+003  2.9700000e+000
  9.0850000e+001  3.1106053e+003  3.5100000e+000
  9.0980000e+001  3.1160343e+003  3.4400000e+000
  9.1130000e+001  3.1222908e+003  3.3600000e+000
  9.1230000e+001  3.1266304e+003  3.4800000e+000
  9.1260000e+001  3.1279661e+003  3.3700000e+000
  9.1290000e+001  3.1293018e+003  3.4500000e+000
  9.1330000e+001  3.1310828e+003  3.3900000e+000
  9.1560000e+001  3.1415188e+003  3.4700000e+000
  9.1630000e+001  3.1446413e+003  3.5000000e+000
  9.1770000e+001  3.1506185e+003  2.7700000e+000
  9.1880000e+001  3.1554504e+003  3.0600000e+000
  9.2060000e+001  3.1617612e+003  3.1300000e+000
  9.2180000e+001  3.1659801e+003  3.0900000e+000
  9.2250000e+001  3.1684347e+003  3.0500000e+000
  9.2460000e+001  3.1758125e+003  3.1500000e+000
  9.2630000e+001  3.1817817e+003  3.1200000e+000
  9.2740000e+001  3.1856485e+003  3.0200000e+000
  9.2760000e+001  3.1863528e+003  3.1600000e+000
  9.2930000e+001  3.1918221e+003  3.1500000e+000
  9.3130000e+001  3.1969133e+003  3.1200000e+000
  9.3260000e+001  3.2002227e+003  3.0500000e+000
  9.3360000e+001  3.2027685e+003  2.8300000e+000
  9.3520000e+001  3.2068434e+003  2.9800000e+000
  9.3680000e+001  3.2109169e+003  3.0800000e+000
  9.3760000e+001  3.2129534e+003  3.0400000e+000
  9.4040000e+001  3.2200812e+003  2.9800000e+000
  9.4130000e+001  3.2223723e+003  3.2600000e+000
  9.4280000e+001  3.2259916e+003  3.1700000e+000
  9.4390000e+001  3.2284255e+003  2.6500000e+000
  9.4460000e+001  3.2298491e+003  3.0000000e+000
  9.4760000e+001  3.2357384e+003  3.1300000e+000
  9.4860000e+001  3.2376000e+003  3.3000000e+000
  9.5030000e+001  3.2406089e+003  3.1700000e+000
  9.5180000e+001  3.2432638e+003  3.3200000e+000
  9.5330000e+001  3.2460647e+003  3.1900000e+000
  9.5480000e+001  3.2490071e+003  2.6000000e+000
  9.5650000e+001  3.2525908e+003  2.5300000e+000
  9.5760000e+001  3.2554901e+003  3.2100000e+000
  9.6810000e+001  3.3075508e+003  3.4400000e+000
  9.6910000e+001  3.3127998e+003  3.5400000e+000
  9.7090000e+001  3.3230720e+003  3.1800000e+000
  9.7150000e+001  3.3265546e+003  3.2700000e+000
  9.7250000e+001  3.3323202e+003  3.4000000e+000
  9.7470000e+001  3.3447186e+003  3.1400000e+000
  9.7570000e+001  3.3497492e+003  3.0800000e+000
  9.7660000e+001  3.3538013e+003  3.0100000e+000
  9.7830000e+001  3.3614754e+003  3.1100000e+000
  9.7940000e+001  3.3664242e+003  3.0900000e+000
  9.8020000e+001  3.3700347e+003  3.3900000e+000
  9.8160000e+001  3.3763541e+003  3.5600000e+000
  9.8390000e+001  3.3879195e+003  3.3900000e+000
  9.8540000e+001  3.3960517e+003  3.0500000e+000
  9.8670000e+001  3.4030990e+003  3.2900000e+000
  9.8700000e+001  3.4048737e+003  3.1900000e+000
  9.8930000e+001  3.4168560e+003  2.6100000e+000
  9.9110000e+001  3.4259274e+003  3.2300000e+000
  9.9180000e+001  3.4297843e+003  3.1300000e+000
  9.9300000e+001  3.4364079e+003  2.7400000e+000
  9.9370000e+001  3.4398721e+003  2.9300000e+000
  9.9520000e+001  3.4472094e+003  2.8600000e+000
  9.9660000e+001  3.4540652e+003  3.0600000e+000
  9.9800000e+001  3.4609247e+003  2.9300000e+000
  9.9910000e+001  3.4663106e+003  3.3100000e+000
  1.0009000e+002  3.4743965e+003  2.8300000e+000
  1.0021000e+002  3.4783179e+003  2.5100000e+000
  1.0038000e+002  3.4838416e+003  2.8800000e+000
  1.0050000e+002  3.4877576e+003  2.7700000e+000
  1.0059000e+002  3.4907108e+003  2.6500000e+000
  1.0068000e+002  3.4936464e+003  2.8300000e+000
  1.0084000e+002  3.4993032e+003  3.1800000e+000
  1.0095000e+002  3.5040574e+003  2.9200000e+000
  1.0105000e+002  3.5084015e+003  3.0800000e+000
  1.0139000e+002  3.5231453e+003  3.2000000e+000
  1.0157000e+002  3.5299719e+003  2.9300000e+000
  1.0176000e+002  3.5357161e+003  2.8600000e+000
  1.0182000e+002  3.5380666e+003  2.9900000e+000
  1.0197000e+002  3.5441185e+003  3.0000000e+000
  1.0209000e+002  3.5482874e+003  3.1100000e+000
  1.0225000e+002  3.5543917e+003  3.1600000e+000
  1.0227000e+002  3.5551984e+003  3.2100000e+000
  1.0233000e+002  3.5576123e+003  3.1400000e+000
  1.0237000e+002  3.5592144e+003  3.2200000e+000
  1.0263000e+002  3.5696688e+003  3.0400000e+000
  1.0266000e+002  3.5708789e+003  3.0900000e+000
  1.0268000e+002  3.5716808e+003  3.0500000e+000
  1.0282000e+002  3.5772463e+003  3.0200000e+000
  1.0289000e+002  3.5794785e+003  3.2500000e+000
  1.0301000e+002  3.5821985e+003  3.2900000e+000
  1.0308000e+002  3.5837361e+003  3.3300000e+000
  1.0327000e+002  3.5875355e+003  3.2800000e+000
  1.0342000e+002  3.5907788e+003  3.1700000e+000
  1.0355000e+002  3.5940344e+003  2.9500000e+000
  1.0359000e+002  3.5956026e+003  2.9300000e+000
  1.0363000e+002  3.5972402e+003  3.1100000e+000
  1.0368000e+002  3.5992872e+003  2.8400000e+000
  1.0381000e+002  3.6048288e+003  2.9600000e+000
  1.0388000e+002  3.6078833e+003  3.1900000e+000
  1.0398000e+002  3.6122523e+003  2.8400000e+000
  1.0406000e+002  3.6160867e+003  3.0200000e+000
  1.0412000e+002  3.6190164e+003  3.4400000e+000
  1.0416000e+002  3.6209696e+003  3.4900000e+000
  1.0427000e+002  3.6263556e+003  3.3900000e+000
  1.0437000e+002  3.6311729e+003  3.7600000e+000
  1.0439000e+002  3.6320452e+003  3.6900000e+000
  1.0451000e+002  3.6371993e+003  3.2100000e+000
  1.0458000e+002  3.6400528e+003  3.2900000e+000
  1.0480000e+002  3.6478861e+003  2.6700000e+000
  1.0488000e+002  3.6508367e+003  3.0400000e+000
  1.0494000e+002  3.6532964e+003  3.0600000e+000
  1.0510000e+002  3.6597214e+003  3.2700000e+000
  1.0518000e+002  3.6629273e+003  3.3300000e+000
  1.0530000e+002  3.6677176e+003  3.6200000e+000
  1.0536000e+002  3.6701117e+003  3.4100000e+000
  1.0548000e+002  3.6740250e+003  3.3300000e+000
  1.0555000e+002  3.6762440e+003  3.0500000e+000
  1.0568000e+002  3.6804110e+003  3.0400000e+000
  1.0583000e+002  3.6865967e+003  2.9800000e+000
  1.0593000e+002  3.6909267e+003  2.7600000e+000
  1.0602000e+002  3.6948940e+003  2.9500000e+000
  1.0619000e+002  3.7022223e+003  2.9300000e+000
  1.0626000e+002  3.7051221e+003  3.1100000e+000
  1.0638000e+002  3.7100737e+003  3.1800000e+000
  1.0644000e+002  3.7125577e+003  3.3900000e+000
  1.0652000e+002  3.7158723e+003  3.1700000e+000
  1.0668000e+002  3.7221234e+003  2.9100000e+000
  1.0679000e+002  3.7257025e+003  3.0100000e+000
  1.0690000e+002  3.7292805e+003  2.6300000e+000
  1.0698000e+002  3.7323970e+003  3.3300000e+000
  1.0706000e+002  3.7355239e+003  3.1300000e+000
  1.0731000e+002  3.7456406e+003  3.2100000e+000
  1.0740000e+002  3.7490739e+003  3.5300000e+000
  1.0748000e+002  3.7517062e+003  3.3500000e+000
  1.0761000e+002  3.7561654e+003  3.1300000e+000
  1.0772000e+002  3.7607069e+003  2.8000000e+000
  1.0779000e+002  3.7636419e+003  2.4800000e+000
  1.0788000e+002  3.7674218e+003  3.0000000e+000
  1.0794000e+002  3.7699418e+003  3.2200000e+000
  1.0796000e+002  3.7706512e+003  3.0700000e+000
  1.0810000e+002  3.7746140e+003  3.2300000e+000
  1.0818000e+002  3.7767678e+003  3.1100000e+000
  1.0824000e+002  3.7783831e+003  3.1400000e+000
  1.0834000e+002  3.7810752e+003  2.8800000e+000
  1.0843000e+002  3.7834981e+003  3.0700000e+000
  1.0852000e+002  3.7868966e+003  2.9200000e+000
  1.0856000e+002  3.7885743e+003  3.1600000e+000
  1.0868000e+002  3.7938966e+003  3.0400000e+000
  1.0884000e+002  3.8017658e+003  3.0900000e+000
  1.0897000e+002  3.8092351e+003  3.0300000e+000
  1.0909000e+002  3.8163363e+003  3.1600000e+000
  1.0926000e+002  3.8263869e+003  3.2800000e+000
  1.0929000e+002  3.8279894e+003  3.3500000e+000
  1.0938000e+002  3.8325225e+003  3.2700000e+000
  1.0941000e+002  3.8340835e+003  3.1500000e+000
  1.0944000e+002  3.8363446e+003  2.8600000e+000
  1.0954000e+002  3.8438815e+003  2.8500000e+000
  1.0959000e+002  3.8480074e+003  2.9600000e+000
  1.0968000e+002  3.8536346e+003  2.8000000e+000
  1.0975000e+002  3.8571373e+003  2.7800000e+000
  1.0989000e+002  3.8632938e+003  3.2200000e+000
  1.1003000e+002  3.8699340e+003  3.0400000e+000
  1.1006000e+002  3.8713055e+003  3.0500000e+000
  1.1018000e+002  3.8767952e+003  3.1100000e+000
  1.1081000e+002  3.9044875e+003  2.9600000e+000
  1.1105000e+002  3.9132460e+003  2.9600000e+000
  1.1114000e+002  3.9162977e+003  3.2100000e+000
  1.1118000e+002  3.9176437e+003  3.1900000e+000
  1.1131000e+002  3.9219745e+003  3.1600000e+000
  1.1137000e+002  3.9239477e+003  2.9900000e+000
  1.1151000e+002  3.9291282e+003  2.9400000e+000
  1.1164000e+002  3.9345725e+003  2.7300000e+000
  1.1169000e+002  3.9366848e+003  2.5800000e+000
  1.1171000e+002  3.9375297e+003  2.9300000e+000
  1.1177000e+002  3.9400644e+003  3.1500000e+000
  1.1192000e+002  3.9463804e+003  3.1700000e+000
  1.1204000e+002  3.9519245e+003  2.9500000e+000
  1.1218000e+002  3.9585180e+003  2.8900000e+000
  1.1219000e+002  3.9589872e+003  3.0300000e+000
  1.1227000e+002  3.9627412e+003  3.0100000e+000
  1.1246000e+002  3.9716818e+003  3.1500000e+000
  1.1264000e+002  3.9789644e+003  3.3700000e+000
  1.1268000e+002  3.9804575e+003  3.2200000e+000
  1.1280000e+002  3.9849663e+003  3.2900000e+000
  1.1288000e+002  3.9879127e+003  3.2700000e+000
  1.1295000e+002  3.9900182e+003  3.3200000e+000
  1.1314000e+002  3.9952919e+003  3.4900000e+000
  1.1319000e+002  3.9964792e+003  3.2900000e+000
  1.1329000e+002  3.9988538e+003  3.1300000e+000
  1.1346000e+002  4.0026688e+003  3.1500000e+000
  1.1365000e+002  4.0069774e+003  3.1700000e+000
  1.1368000e+002  4.0076598e+003  3.0100000e+000
  1.1389000e+002  4.0124300e+003  2.4300000e+000
  1.1401000e+002  4.0151632e+003  2.5500000e+000
  1.1413000e+002  4.0180530e+003  3.3700000e+000
  1.1419000e+002  4.0195074e+003  3.2100000e+000
  1.1427000e+002  4.0216024e+003  3.2800000e+000
  1.1438000e+002  4.0249407e+003  3.0200000e+000
  1.1443000e+002  4.0264366e+003  3.1100000e+000
  1.1462000e+002  4.0322126e+003  3.2100000e+000
  1.1476000e+002  4.0364275e+003  3.2300000e+000
  1.1514000e+002  4.0475701e+003  3.1300000e+000
  1.1522000e+002  4.0502175e+003  3.0800000e+000
  1.1537000e+002  4.0557297e+003  3.2000000e+000
  1.1554000e+002  4.0619400e+003  2.8700000e+000
  1.1562000e+002  4.0648820e+003  3.0800000e+000
  1.1577000e+002  4.0707080e+003  3.0600000e+000
  1.1595000e+002  4.0786582e+003  2.7600000e+000
  1.1613000e+002  4.0877768e+003  3.1300000e+000
  1.1623000e+002  4.0926809e+003  2.8500000e+000
  1.1626000e+002  4.0940615e+003  2.8100000e+000
  1.1636000e+002  4.0986244e+003  2.3700000e+000
  1.1653000e+002  4.1055587e+003  2.7900000e+000
  1.1662000e+002  4.1091398e+003  2.6000000e+000
  1.1664000e+002  4.1099356e+003  2.8800000e+000
  1.1676000e+002  4.1141515e+003  3.1900000e+000
  1.1681000e+002  4.1157312e+003  2.8900000e+000
  1.1693000e+002  4.1195646e+003  3.0400000e+000
  1.1704000e+002  4.1230744e+003  2.8800000e+000
  1.1720000e+002  4.1291375e+003  2.8900000e+000
  1.1726000e+002  4.1315530e+003  3.1600000e+000
  1.1748000e+002  4.1409278e+003  2.9100000e+000
  1.1761000e+002  4.1464958e+003  2.8800000e+000
  1.1767000e+002  4.1490657e+003  3.2900000e+000
  1.1776000e+002  4.1529205e+003  3.3000000e+000
  1.1787000e+002  4.1578432e+003  3.1700000e+000
  1.1801000e+002  4.1640410e+003  2.8700000e+000
  1.1811000e+002  4.1683100e+003  3.0300000e+000
  1.1826000e+002  4.1727303e+003  3.0700000e+000
  1.1828000e+002  4.1732819e+003  3.0000000e+000
  1.1841000e+002  4.1768671e+003  2.8600000e+000
  1.1864000e+002  4.1832101e+003  2.8900000e+000
  1.1876000e+002  4.1865195e+003  2.9500000e+000
  1.1891000e+002  4.1917914e+003  2.8700000e+000
  1.1909000e+002  4.1996266e+003  2.9900000e+000
  1.1919000e+002  4.2039580e+003  3.0200000e+000
  1.1925000e+002  4.2061533e+003  2.8700000e+000
  1.1971000e+002  4.2207115e+003  2.9900000e+000
  1.1976000e+002  4.2220599e+003  2.9100000e+000
  1.1980000e+002  4.2231310e+003  3.0200000e+000
  1.1993000e+002  4.2266386e+003  2.8200000e+000
  1.2014000e+002  4.2322868e+003  2.8500000e+000
  1.2026000e+002  4.2355171e+003  3.1900000e+000
  1.2044000e+002  4.2416292e+003  3.0200000e+000
  1.2048000e+002  4.2431331e+003  3.2600000e+000
  1.2061000e+002  4.2472059e+003  3.0100000e+000
  1.2076000e+002  4.2517418e+003  3.0900000e+000
  1.2111000e+002  4.2611490e+003  2.8400000e+000
  1.2126000e+002  4.2650536e+003  2.8700000e+000
  1.2132000e+002  4.2665154e+003  2.8500000e+000
  1.2141000e+002  4.2688133e+003  2.7900000e+000
  1.2146000e+002  4.2702569e+003  2.9900000e+000
  1.2170000e+002  4.2764382e+003  3.1300000e+000
  1.2176000e+002  4.2779064e+003  3.0800000e+000
  1.2193000e+002  4.2818231e+003  3.0600000e+000
  1.2211000e+002  4.2854993e+003  3.0000000e+000
  1.2225000e+002  4.2883598e+003  2.9500000e+000
  1.2234000e+002  4.2901915e+003  2.9500000e+000
  1.2261000e+002  4.2960060e+003  3.1700000e+000
  1.2276000e+002  4.2996136e+003  3.1100000e+000
  1.2291000e+002  4.3036981e+003  2.9700000e+000
  1.2313000e+002  4.3101834e+003  2.8300000e+000
  1.2326000e+002  4.3144503e+003  2.8200000e+000
  1.2327000e+002  4.3148101e+003  3.1300000e+000
  1.2348000e+002  4.3224551e+003  2.6100000e+000
  1.2354000e+002  4.3246310e+003  2.7900000e+000
  1.2360000e+002  4.3268135e+003  2.9600000e+000
  1.2371000e+002  4.3308137e+003  3.1400000e+000
  1.2383000e+002  4.3351709e+003  2.9700000e+000
  1.2397000e+002  4.3402733e+003  2.6500000e+000
  1.2434000e+002  4.3524048e+003  2.7700000e+000
  1.2447000e+002  4.3563827e+003  3.0000000e+000
  1.2461000e+002  4.3606824e+003  2.9200000e+000
  1.2472000e+002  4.3640632e+003  3.3700000e+000
  1.2473000e+002  4.3643692e+003  3.3900000e+000
  1.2488000e+002  4.3689591e+003  2.9900000e+000
  1.2502000e+002  4.3732430e+003  2.8400000e+000
  1.2537000e+002  4.3837885e+003  2.7600000e+000
  1.2546000e+002  4.3869344e+003  2.4500000e+000
  1.2558000e+002  4.3912500e+003  3.1400000e+000
  1.2570000e+002  4.3956786e+003  3.0800000e+000
  1.2587000e+002  4.4022708e+003  3.1100000e+000
  1.2608000e+002  4.4103890e+003  3.0200000e+000
  1.2621000e+002  4.4154889e+003  2.8800000e+000
  1.2631000e+002  4.4200088e+003  3.0400000e+000
  1.2637000e+002  4.4227091e+003  2.8900000e+000
  1.2644000e+002  4.4258402e+003  3.2200000e+000
  1.2646000e+002  4.4267347e+003  2.9800000e+000
  1.2655000e+002  4.4307644e+003  2.7100000e+000
  1.2677000e+002  4.4406562e+003  2.9400000e+000
  1.2691000e+002  4.4469239e+003  3.0900000e+000
  1.2706000e+002  4.4536803e+003  3.2000000e+000
  1.2720000e+002  4.4599452e+003  2.9200000e+000
  1.2737000e+002  4.4675877e+003  2.8600000e+000
  1.2758000e+002  4.4769978e+003  3.1300000e+000
  1.2770000e+002  4.4826782e+003  2.9500000e+000
  1.2785000e+002  4.4898666e+003  3.1300000e+000
  1.2787000e+002  4.4908463e+003  3.0700000e+000
  1.2806000e+002  4.5007018e+003  3.5800000e+000
  1.2821000e+002  4.5096431e+003  2.8700000e+000
  1.2835000e+002  4.5195395e+003  2.9100000e+000
  1.2847000e+002  4.5281031e+003  3.1200000e+000
  1.2863000e+002  4.5381154e+003  2.9500000e+000
  1.2881000e+002  4.5473014e+003  3.0200000e+000
  1.2894000e+002  4.5520310e+003  3.1000000e+000
  1.2908000e+002  4.5560893e+003  3.2300000e+000
  1.2919000e+002  4.5591185e+003  3.2600000e+000
  1.2940000e+002  4.5645291e+003  2.9200000e+000
  1.2956000e+002  4.5687000e+003  2.6400000e+000
  1.2971000e+002  4.5744159e+003  3.2700000e+000
  1.2988000e+002  4.5815423e+003  3.1300000e+000
  1.2999000e+002  4.5865019e+003  3.0300000e+000
  1.3016000e+002  4.5950812e+003  3.0200000e+000
  1.3028000e+002  4.6000397e+003  2.8800000e+000
  1.3037000e+002  4.6035285e+003  3.0700000e+000
  1.3058000e+002  4.6144008e+003  2.9600000e+000
  1.3072000e+002  4.6215963e+003  2.9300000e+000
  1.3088000e+002  4.6296589e+003  3.1700000e+000
  1.3106000e+002  4.6403508e+003  3.0700000e+000
  1.3121000e+002  4.6495310e+003  2.9900000e+000
  1.3135000e+002  4.6580906e+003  3.0100000e+000
  1.3150000e+002  4.6669705e+003  2.8900000e+000
  1.3165000e+002  4.6755085e+003  2.9600000e+000
  1.3187000e+002  4.6861041e+003  2.9800000e+000
  1.3203000e+002  4.6936929e+003  3.0100000e+000
  1.3208000e+002  4.6960624e+003  3.1200000e+000
  1.3213000e+002  4.6984319e+003  3.1100000e+000
  1.3224000e+002  4.7036429e+003  3.1700000e+000
  1.3245000e+002  4.7135859e+003  3.0300000e+000
  1.3249000e+002  4.7154839e+003  2.9700000e+000
  1.3257000e+002  4.7192003e+003  3.0600000e+000
  1.3264000e+002  4.7224522e+003  3.1100000e+000
  1.3270000e+002  4.7248877e+003  3.2300000e+000
  1.3280000e+002  4.7286161e+003  3.4600000e+000
  1.3294000e+002  4.7338339e+003  3.1000000e+000
  1.3312000e+002  4.7405404e+003  2.8600000e+000
  1.3331000e+002  4.7474549e+003  3.0600000e+000
  1.3344000e+002  4.7516281e+003  3.0300000e+000
  1.3358000e+002  4.7556724e+003  3.0300000e+000
  1.3374000e+002  4.7600048e+003  3.4300000e+000
  1.3390000e+002  4.7639223e+003  3.0300000e+000
  1.3404000e+002  4.7672930e+003  3.2900000e+000
  1.3420000e+002  4.7711251e+003  3.6400000e+000
  1.3431000e+002  4.7737601e+003  3.7300000e+000
  1.3444000e+002  4.7772808e+003  3.6900000e+000
  1.3454000e+002  4.7805242e+003  3.0900000e+000
  1.3471000e+002  4.7859105e+003  3.2000000e+000
  1.3486000e+002  4.7906337e+003  2.9100000e+000
  1.3500000e+002  4.7950369e+003  2.9300000e+000
  1.3508000e+002  4.7975453e+003  2.9600000e+000
  1.3523000e+002  4.8022631e+003  3.1300000e+000
  1.3524000e+002  4.8025761e+003  3.1400000e+000
  1.3540000e+002  4.8078736e+003  3.1700000e+000
  1.3554000e+002  4.8133637e+003  3.3800000e+000
  1.3564000e+002  4.8171023e+003  3.1200000e+000
  1.3570000e+002  4.8193088e+003  3.1300000e+000
  1.3585000e+002  4.8248224e+003  3.0400000e+000
  1.3591000e+002  4.8270251e+003  2.7800000e+000
  1.3610000e+002  4.8336349e+003  3.1900000e+000
  1.3614000e+002  4.8348896e+003  3.0100000e+000
  1.3624000e+002  4.8372399e+003  3.0400000e+000
  1.3646000e+002  4.8419860e+003  3.2400000e+000
  1.3649000e+002  4.8426049e+003  3.2300000e+000
  1.3658000e+002  4.8444303e+003  3.3200000e+000
  1.3680000e+002  4.8482891e+003  3.2500000e+000
  1.3702000e+002  4.8519246e+003  3.1400000e+000
  1.3714000e+002  4.8539052e+003  2.9700000e+000
  1.3730000e+002  4.8565576e+003  2.7600000e+000
  1.3748000e+002  4.8595376e+003  3.1500000e+000
  1.3765000e+002  4.8615125e+003  3.2900000e+000
  1.3788000e+002  4.8642739e+003  3.3400000e+000
  1.3808000e+002  4.8670707e+003  3.3100000e+000
  1.3812000e+002  4.8676493e+003  2.9900000e+000
  1.3831000e+002  4.8705860e+003  3.0900000e+000
  1.3850000e+002  4.8747085e+003  2.9300000e+000
  1.3869000e+002  4.8795115e+003  2.9400000e+000
  1.3883000e+002  4.8832183e+003  2.7600000e+000
  1.3895000e+002  4.8862186e+003  3.4200000e+000
  1.3902000e+002  4.8876988e+003  3.5300000e+000
  1.3917000e+002  4.8912370e+003  3.2600000e+000
  1.3928000e+002  4.8943306e+003  3.4000000e+000
  1.3939000e+002  4.8973940e+003  3.1200000e+000
  1.3959000e+002  4.9039717e+003  3.2900000e+000
  1.3977000e+002  4.9102807e+003  3.0300000e+000
  1.3980000e+002  4.9113331e+003  3.0600000e+000
  1.4006000e+002  4.9204473e+003  3.1500000e+000
  1.4029000e+002  4.9291683e+003  3.1100000e+000
  1.4044000e+002  4.9342772e+003  3.0900000e+000
  1.4053000e+002  4.9371372e+003  2.9700000e+000
  1.4071000e+002  4.9428185e+003  2.9800000e+000
  1.4080000e+002  4.9456863e+003  3.0200000e+000
  1.4094000e+002  4.9507337e+003  3.0100000e+000
  1.4100000e+002  4.9530508e+003  2.5700000e+000
  1.4119000e+002  4.9589263e+003  2.9400000e+000
  1.4130000e+002  4.9623137e+003  3.1200000e+000
  1.4140000e+002  4.9653932e+003  2.6600000e+000
  1.4159000e+002  4.9710571e+003  3.0700000e+000
  1.4170000e+002  4.9736640e+003  2.8700000e+000
  1.4193000e+002  4.9793523e+003  3.2300000e+000
  1.4207000e+002  4.9844924e+003  3.2200000e+000
  1.4216000e+002  4.9879414e+003  3.0100000e+000
