  1.1731000e+002  1.5500000e+003  3.7100000e+000
  1.1739000e+002  1.5533684e+003  3.5500000e+000
  1.1749000e+002  1.5576170e+003  3.7000000e+000
  1.1761000e+002  1.5626048e+003  3.6600000e+000
  1.1770000e+002  1.5660070e+003  3.6300000e+000
  1.1779000e+002  1.5688281e+003  3.9400000e+000
  1.1791000e+002  1.5715383e+003  4.1100000e+000
  1.1799000e+002  1.5733450e+003  4.0800000e+000
  1.1809000e+002  1.5756035e+003  4.3500000e+000
  1.1822000e+002  1.5785395e+003  4.1700000e+000
  1.1830000e+002  1.5805863e+003  3.9600000e+000
  1.1839000e+002  1.5837357e+003  3.8300000e+000
  1.1851000e+002  1.5879652e+003  3.7800000e+000
  1.1859000e+002  1.5907885e+003  3.8100000e+000
  1.1866000e+002  1.5932589e+003  3.7600000e+000
  1.1881000e+002  1.5985525e+003  3.7200000e+000
  1.1889000e+002  1.6013748e+003  3.6400000e+000
  1.1899000e+002  1.6048986e+003  3.5800000e+000
  1.1911000e+002  1.6087600e+003  3.8200000e+000
  1.1920000e+002  1.6107840e+003  3.9500000e+000
  1.1929000e+002  1.6128081e+003  3.8100000e+000
  1.1941000e+002  1.6154180e+003  3.7200000e+000
  1.1949000e+002  1.6171111e+003  3.8800000e+000
  1.1959000e+002  1.6190906e+003  3.7000000e+000
  1.1971000e+002  1.6212802e+003  3.6800000e+000
  1.1980000e+002  1.6228056e+003  3.4800000e+000
  1.1989000e+002  1.6243310e+003  3.4800000e+000
  1.2001000e+002  1.6263649e+003  3.8900000e+000
  1.2031000e+002  1.6317437e+003  3.7000000e+000
  1.2061000e+002  1.6373818e+003  3.5200000e+000
  1.2079000e+002  1.6407691e+003  3.7200000e+000
  1.2091000e+002  1.6430342e+003  3.9000000e+000
  1.2099000e+002  1.6445384e+003  4.0600000e+000
  1.2109000e+002  1.6464121e+003  4.0000000e+000
  1.2121000e+002  1.6488326e+003  4.4700000e+000
  1.2130000e+002  1.6507374e+003  4.4100000e+000
  1.2130000e+002  1.6507374e+003  4.2600000e+000
  1.2139000e+002  1.6526422e+003  4.4900000e+000
  1.2139000e+002  1.6526422e+003  4.3900000e+000
  1.2151000e+002  1.6551819e+003  4.3400000e+000
  1.2151000e+002  1.6551819e+003  4.3300000e+000
  1.2159000e+002  1.6568750e+003  4.4100000e+000
  1.2159000e+002  1.6568750e+003  4.1600000e+000
  1.2166000e+002  1.6583565e+003  4.1200000e+000
  1.2181000e+002  1.6615195e+003  3.9400000e+000
  1.2189000e+002  1.6632037e+003  3.7900000e+000
  1.2199000e+002  1.6651100e+003  3.9900000e+000
  1.2211000e+002  1.6672321e+003  3.9300000e+000
  1.2220000e+002  1.6687511e+003  4.0100000e+000
  1.2229000e+002  1.6702712e+003  3.9000000e+000
  1.2249000e+002  1.6736610e+003  3.7800000e+000
  1.2271000e+002  1.6773898e+003  3.7700000e+000
  1.2280000e+002  1.6789114e+003  3.6300000e+000
  1.2289000e+002  1.6804304e+003  3.4600000e+000
  1.2301000e+002  1.6824576e+003  3.5900000e+000
  1.2309000e+002  1.6838136e+003  3.5400000e+000
  1.2316000e+002  1.6850000e+003  3.3200000e+000
  1.2331000e+002  1.6875359e+003  3.5600000e+000
  1.2349000e+002  1.6905763e+003  4.2200000e+000
  1.2349000e+002  1.6905763e+003  4.1600000e+000
  1.2361000e+002  1.6926102e+003  4.0200000e+000
  1.2361000e+002  1.6926102e+003  3.9000000e+000
  1.2370000e+002  1.6941504e+003  4.1000000e+000
  1.2370000e+002  1.6941504e+003  3.9600000e+000
  1.2379000e+002  1.6958427e+003  3.7800000e+000
  1.2391000e+002  1.6982785e+003  3.5200000e+000
  1.2399000e+002  1.6999716e+003  3.9000000e+000
  1.2409000e+002  1.7025660e+003  4.0200000e+000
  1.2421000e+002  1.7059434e+003  3.8900000e+000
  1.2430000e+002  1.7084989e+003  3.9600000e+000
  1.2451000e+002  1.7143962e+003  3.7800000e+000
  1.2459000e+002  1.7166700e+003  3.6900000e+000
  1.2459000e+002  1.7166700e+003  3.5900000e+000
  1.2466000e+002  1.7186373e+003  3.2300000e+000
  1.2481000e+002  1.7230940e+003  3.5500000e+000
  1.2489000e+002  1.7259173e+003  3.3600000e+000
  1.2499000e+002  1.7294958e+003  3.4900000e+000
  1.2511000e+002  1.7340000e+003  3.6000000e+000
  1.2520000e+002  1.7377895e+003  3.4400000e+000
  1.3829000e+002  2.2713857e+003  3.4000000e+000
  1.3829000e+002  2.2713857e+003  2.9300000e+000
  1.3845000e+002  2.2755866e+003  3.8300000e+000
  1.3853000e+002  2.2778337e+003  3.6900000e+000
  1.3935000e+002  2.2960455e+003  3.7600000e+000
  1.3953000e+002  2.2990937e+003  3.5700000e+000
  1.3965000e+002  2.3011276e+003  3.4600000e+000
  1.3973000e+002  2.3024836e+003  3.3400000e+000
  1.3980000e+002  2.3036700e+003  3.1700000e+000
  1.3995000e+002  2.3062059e+003  3.6200000e+000
  1.4003000e+002  2.3075561e+003  3.4000000e+000
  1.4025000e+002  2.3106759e+003  3.7500000e+000
  1.4043000e+002  2.3127038e+003  3.8100000e+000
  1.4055000e+002  2.3140564e+003  4.0800000e+000
  1.4063000e+002  2.3149581e+003  3.6700000e+000
  1.4073000e+002  2.3160880e+003  4.1800000e+000
  1.4085000e+002  2.3174456e+003  3.8000000e+000
  1.4103000e+002  2.3194758e+003  3.9400000e+000
  1.4115000e+002  2.3208278e+003  4.2200000e+000
  1.4123000e+002  2.3217295e+003  3.9100000e+000
  1.4130000e+002  2.3225185e+003  3.7800000e+000
  1.4163000e+002  2.3262478e+003  4.1700000e+000
  1.4175000e+002  2.3275997e+003  3.7000000e+000
  1.4193000e+002  2.3298727e+003  3.8600000e+000
  1.4205000e+002  2.3318734e+003  3.5700000e+000
  1.4213000e+002  2.3332236e+003  3.6400000e+000
  1.4223000e+002  2.3351429e+003  3.4200000e+000
  1.4235000e+002  2.3376825e+003  3.1200000e+000
  1.4253000e+002  2.3426509e+003  3.2300000e+000
  1.4265000e+002  2.3455022e+003  3.0100000e+000
  1.4273000e+002  2.3473124e+003  3.1300000e+000
  1.4280000e+002  2.3488816e+003  3.2400000e+000
  1.4295000e+002  2.3520562e+003  3.9100000e+000
  1.4303000e+002  2.3536254e+003  3.5700000e+000
  1.4313000e+002  2.3554819e+003  4.1300000e+000
  1.4325000e+002  2.3575072e+003  4.0200000e+000
  1.4343000e+002  2.3603564e+003  3.8900000e+000
  1.4363000e+002  2.3626678e+003  3.8700000e+000
  1.4373000e+002  2.3639145e+003  3.8000000e+000
  1.4373000e+002  2.3639145e+003  3.7900000e+000
  1.4385000e+002  2.3658056e+003  3.7700000e+000
  1.4403000e+002  2.3688557e+003  3.7000000e+000
  1.4415000e+002  2.3708810e+003  3.6800000e+000
  1.4423000e+002  2.3722312e+003  3.5600000e+000
  1.4445000e+002  2.3759581e+003  3.3000000e+000
  1.4453000e+002  2.3773114e+003  3.2300000e+000
  1.4463000e+002  2.3789991e+003  3.3000000e+000
  1.4475000e+002  2.3810259e+003  3.2500000e+000
  1.4493000e+002  2.3840768e+003  3.1300000e+000
  1.4505000e+002  2.3862623e+003  3.1800000e+000
  1.4513000e+002  2.3877625e+003  3.2100000e+000
  1.4523000e+002  2.3896427e+003  3.2900000e+000
  1.4535000e+002  2.3921376e+003  3.4700000e+000
  1.4553000e+002  2.3959471e+003  3.5300000e+000
  1.4565000e+002  2.3984868e+003  3.4500000e+000
  1.4573000e+002  2.4001799e+003  3.5000000e+000
  1.4580000e+002  2.4016614e+003  3.5600000e+000
  1.4595000e+002  2.4050264e+003  3.5800000e+000
  1.4603000e+002  2.4068331e+003  3.4800000e+000
  1.4613000e+002  2.4095290e+003  3.4000000e+000
  1.4625000e+002  2.4136350e+003  3.3300000e+000
  1.4635000e+002  2.4171633e+003  3.2100000e+000
  1.4645000e+002  2.4206871e+003  3.3400000e+000
  1.4657000e+002  2.4246130e+003  3.5300000e+000
  1.4657000e+002  2.4246130e+003  3.3000000e+000
  1.4668000e+002  2.4272842e+003  3.5500000e+000
  1.4668000e+002  2.4272842e+003  3.7700000e+000
  1.4678000e+002  2.4293895e+003  3.8900000e+000
  1.4686000e+002  2.4308644e+003  4.1600000e+000
  1.4686000e+002  2.4308644e+003  4.2000000e+000
  1.4696000e+002  2.4325593e+003  4.1500000e+000
  1.4708000e+002  2.4343960e+003  4.2600000e+000
  1.4708000e+002  2.4343960e+003  3.9800000e+000
  1.4726000e+002  2.4364324e+003  4.1200000e+000
  1.4738000e+002  2.4377811e+003  4.0900000e+000
  1.4746000e+002  2.4386790e+003  4.0800000e+000
  1.4756000e+002  2.4398052e+003  4.1000000e+000
  1.4768000e+002  2.4411628e+003  4.2500000e+000
  1.4786000e+002  2.4431992e+003  4.0800000e+000
  1.4786000e+002  2.4431992e+003  4.0900000e+000
  1.4806000e+002  2.4454557e+003  3.9600000e+000
  1.4813000e+002  2.4462413e+003  3.7700000e+000
  1.4826000e+002  2.4478004e+003  3.8800000e+000
  1.4836000e+002  2.4493282e+003  3.7700000e+000
  1.4846000e+002  2.4510160e+003  3.8800000e+000
  1.4858000e+002  2.4530850e+003  3.5100000e+000
  1.4876000e+002  2.4564770e+003  3.6500000e+000
  1.4888000e+002  2.4588254e+003  3.2500000e+000
  1.4888000e+002  2.4588254e+003  3.1700000e+000
  1.4956000e+002  2.4738763e+003  3.3200000e+000
  1.4962000e+002  2.4751462e+003  3.4600000e+000
  1.4979000e+002  2.4785058e+003  3.8600000e+000
  1.4984000e+002  2.4794317e+003  3.7600000e+000
  1.4999000e+002  2.4819741e+003  3.9600000e+000
  1.5008000e+002  2.4834988e+003  4.1200000e+000
  1.5026000e+002  2.4865368e+003  4.1700000e+000
  1.5038000e+002  2.4885673e+003  4.0900000e+000
  1.5046000e+002  2.4899232e+003  3.9100000e+000
  1.5046000e+002  2.4899232e+003  3.8300000e+000
  1.5056000e+002  2.4916496e+003  3.8800000e+000
  1.5068000e+002  2.4939060e+003  3.6700000e+000
  1.5085000e+002  2.4974921e+003  3.0900000e+000
  1.5128000e+002  2.5065926e+003  3.3200000e+000
  1.5136000e+002  2.5082857e+003  3.5500000e+000
  1.5146000e+002  2.5104273e+003  3.5000000e+000
  1.5158000e+002  2.5131260e+003  3.6100000e+000
  1.5176000e+002  2.5176604e+003  4.2100000e+000
  1.5176000e+002  2.5176604e+003  4.1600000e+000
  1.5188000e+002  2.5210379e+003  4.3300000e+000
  1.5196000e+002  2.5230389e+003  4.0800000e+000
  1.5206000e+002  2.5252974e+003  4.0500000e+000
  1.5218000e+002  2.5280059e+003  3.9600000e+000
  1.5236000e+002  2.5320616e+003  3.9100000e+000
  1.5256000e+002  2.5384467e+003  3.5600000e+000
  1.5263000e+002  2.5409647e+003  3.6400000e+000
  1.5278000e+002  2.5483832e+003  3.2300000e+000
  1.5286000e+002  2.5540000e+003  3.3200000e+000
  1.5296000e+002  2.5610906e+003  3.1700000e+000
  1.5308000e+002  2.5690911e+003  3.1100000e+000
  1.5326000e+002  2.5777018e+003  2.9700000e+000
  1.5338000e+002  2.5833300e+003  3.2300000e+000
  1.5346000e+002  2.5867343e+003  3.2300000e+000
  1.5356000e+002  2.5909511e+003  3.4300000e+000
  1.5368000e+002  2.5955338e+003  3.4800000e+000
  1.5386000e+002  2.6022823e+003  3.6600000e+000
  1.5406000e+002  2.6091965e+003  3.5400000e+000
  1.5413000e+002  2.6111602e+003  3.5400000e+000
  1.5428000e+002  2.6151245e+003  3.2700000e+000
  1.5446000e+002  2.6191726e+003  3.4200000e+000
  1.5446000e+002  2.6191726e+003  3.1500000e+000
  1.5458000e+002  2.6218869e+003  3.3400000e+000
  1.5458000e+002  2.6218869e+003  3.2000000e+000
  1.5476000e+002  2.6259519e+003  3.0700000e+000
  1.5476000e+002  2.6259519e+003  2.9900000e+000
  1.5476000e+002  2.6259519e+003  3.2300000e+000
  1.5488000e+002  2.6286506e+003  3.1500000e+000
  1.5496000e+002  2.6304517e+003  3.1600000e+000
  1.5506000e+002  2.6327102e+003  3.2700000e+000
  1.5518000e+002  2.6354147e+003  3.3400000e+000
  1.5536000e+002  2.6392242e+003  3.4200000e+000
  1.5546000e+002  2.6411163e+003  3.9100000e+000
  1.5554000e+002  2.6425593e+003  3.7900000e+000
  1.5554000e+002  2.6425593e+003  3.9300000e+000
  1.5563000e+002  2.6440847e+003  3.7700000e+000
  1.5563000e+002  2.6440847e+003  3.9100000e+000
  1.5574000e+002  2.6459492e+003  3.7100000e+000
  1.5574000e+002  2.6459492e+003  3.7700000e+000
  1.5584000e+002  2.6476371e+003  3.6800000e+000
  1.5584000e+002  2.6476371e+003  3.6000000e+000
  1.5595000e+002  2.6494937e+003  3.5500000e+000
  1.5605000e+002  2.6511864e+003  3.5000000e+000
  1.5615000e+002  2.6528814e+003  3.2800000e+000
  1.5635000e+002  2.6562712e+003  3.3200000e+000
  1.5645000e+002  2.6579661e+003  2.9900000e+000
  1.5655000e+002  2.6598427e+003  3.0600000e+000
  1.5665000e+002  2.6618552e+003  3.1000000e+000
  1.5675000e+002  2.6639716e+003  3.0000000e+000
  1.5685000e+002  2.6660880e+003  3.0300000e+000
  1.5695000e+002  2.6682044e+003  3.0900000e+000
  1.5705000e+002  2.6701311e+003  3.2000000e+000
  1.5713000e+002  2.6716308e+003  3.4700000e+000
  1.5719000e+002  2.6727590e+003  2.9600000e+000
  1.5731000e+002  2.6750154e+003  2.9500000e+000
  1.5749000e+002  2.6783934e+003  2.9900000e+000
  1.5761000e+002  2.6806555e+003  3.2700000e+000
  1.5769000e+002  2.6821519e+003  3.3500000e+000
  1.5779000e+002  2.6838397e+003  3.7000000e+000
  1.5791000e+002  2.6858650e+003  3.8600000e+000
  1.5809000e+002  2.6889153e+003  3.8600000e+000
  1.5821000e+002  2.6909451e+003  4.0000000e+000
  1.5821000e+002  2.6909451e+003  3.8400000e+000
  1.5829000e+002  2.6922954e+003  3.7300000e+000
  1.5837000e+002  2.6936456e+003  3.6700000e+000
  1.5837000e+002  2.6936456e+003  3.6800000e+000
  1.5851000e+002  2.6960169e+003  3.5600000e+000
  1.5859000e+002  2.6973729e+003  3.5000000e+000
  1.5881000e+002  2.7011017e+003  3.5100000e+000
  1.5899000e+002  2.7041435e+003  3.5600000e+000
  1.5911000e+002  2.7061695e+003  3.8100000e+000
  1.5919000e+002  2.7075254e+003  3.6600000e+000
  1.5929000e+002  2.7092203e+003  3.8500000e+000
  1.5941000e+002  2.7112542e+003  3.9100000e+000
  1.5959000e+002  2.7143038e+003  3.9700000e+000
  1.5971000e+002  2.7163291e+003  3.9200000e+000
  1.5979000e+002  2.7176793e+003  3.9100000e+000
  1.5984000e+002  2.7185254e+003  3.7900000e+000
  1.5984000e+002  2.7185254e+003  3.7400000e+000
  1.6001000e+002  2.7214068e+003  3.6500000e+000
  1.6001000e+002  2.7214068e+003  3.6800000e+000
  1.6009000e+002  2.7227627e+003  3.6600000e+000
  1.6009000e+002  2.7227627e+003  3.6800000e+000
  1.6018000e+002  2.7242881e+003  3.5700000e+000
  1.6031000e+002  2.7264895e+003  3.5400000e+000
  1.6049000e+002  2.7295274e+003  3.5200000e+000
  1.6061000e+002  2.7317299e+003  3.3700000e+000
  1.6069000e+002  2.7333049e+003  3.1900000e+000
  1.6079000e+002  2.7354213e+003  3.1900000e+000
  1.6091000e+002  2.7380477e+003  3.0600000e+000
  1.6091000e+002  2.7380477e+003  3.1300000e+000
  1.6109000e+002  2.7421415e+003  3.0000000e+000
  1.6121000e+002  2.7455189e+003  3.0200000e+000
  1.6129000e+002  2.7477862e+003  3.0500000e+000
  1.6137000e+002  2.7500283e+003  3.0300000e+000
  1.6151000e+002  2.7539723e+003  3.0900000e+000
  1.6159000e+002  2.7562423e+003  3.1500000e+000
  1.6169000e+002  2.7585897e+003  3.1500000e+000
  1.6181000e+002  2.7612999e+003  3.5500000e+000
  1.6199000e+002  2.7653509e+003  3.3900000e+000
  1.6199000e+002  2.7653509e+003  3.4300000e+000
  1.6211000e+002  2.7680541e+003  3.3400000e+000
  1.6219000e+002  2.7698642e+003  3.2100000e+000
  1.6229000e+002  2.7721269e+003  3.2900000e+000
  1.6241000e+002  2.7748290e+003  3.3500000e+000
  1.6259000e+002  2.7788808e+003  3.0800000e+000
  1.6271000e+002  2.7815910e+003  3.0500000e+000
  1.6279000e+002  2.7833979e+003  3.0500000e+000
  1.6279000e+002  2.7833979e+003  3.1500000e+000
  1.6287000e+002  2.7852081e+003  3.0600000e+000
  1.6301000e+002  2.7883758e+003  3.2400000e+000
  1.6309000e+002  2.7901768e+003  3.0000000e+000
  1.6309000e+002  2.7901768e+003  3.1200000e+000
  1.6319000e+002  2.7924257e+003  3.0200000e+000
  1.6319000e+002  2.7924257e+003  3.1100000e+000
  1.6319000e+002  2.7924257e+003  3.0800000e+000
  1.6331000e+002  2.7954155e+003  3.1500000e+000
  1.6349000e+002  2.8004989e+003  3.5100000e+000
  1.6349000e+002  2.8004989e+003  3.5800000e+000
  1.6361000e+002  2.8038717e+003  3.6100000e+000
  1.6369000e+002  2.8061415e+003  3.6400000e+000
  1.6379000e+002  2.8089530e+003  3.6000000e+000
  1.6391000e+002  2.8123350e+003  3.5700000e+000
  1.6391000e+002  2.8123350e+003  3.4900000e+000
  1.6409000e+002  2.8174181e+003  3.3700000e+000
  1.6421000e+002  2.8208462e+003  3.2200000e+000
  1.6429000e+002  2.8236652e+003  2.8600000e+000
  1.6437000e+002  2.8264843e+003  3.1400000e+000
  1.6451000e+002  2.8314238e+003  2.9600000e+000
  1.6459000e+002  2.8341940e+003  3.0800000e+000
  1.6481000e+002  2.8393803e+003  3.1300000e+000
  1.6499000e+002  2.8434479e+003  3.3900000e+000
  1.6511000e+002  2.8461574e+003  3.4100000e+000
  1.6519000e+002  2.8479566e+003  3.5200000e+000
  1.6529000e+002  2.8502055e+003  3.4000000e+000
  1.6541000e+002  2.8529139e+003  3.4300000e+000
  1.6559000e+002  2.8570662e+003  3.2700000e+000
  1.6571000e+002  2.8604419e+003  3.1900000e+000
  1.6579000e+002  2.8627074e+003  3.0600000e+000
  1.6601000e+002  2.8688964e+003  3.3500000e+000
  1.6609000e+002  2.8714469e+003  3.2100000e+000
  1.6629000e+002  2.8785024e+003  3.3200000e+000
  1.6639000e+002  2.8820262e+003  3.2100000e+000
  1.6650000e+002  2.8853904e+003  3.3900000e+000
  1.6659000e+002  2.8879287e+003  3.3400000e+000
  1.6669000e+002  2.8907481e+003  3.2700000e+000
  1.6679000e+002  2.8935755e+003  3.3000000e+000
  1.6689000e+002  2.8963908e+003  3.1100000e+000
  1.6699000e+002  2.8992168e+003  3.0700000e+000
  1.6709000e+002  2.9020283e+003  3.0800000e+000
  1.6719000e+002  2.9048640e+003  3.1800000e+000
  1.6729000e+002  2.9076721e+003  3.1300000e+000
  1.6740000e+002  2.9107758e+003  3.2300000e+000
  1.6744000e+002  2.9119002e+003  3.2900000e+000
  1.6756000e+002  2.9152746e+003  3.2300000e+000
  1.6764000e+002  2.9175472e+003  3.1800000e+000
  1.6774000e+002  2.9209644e+003  3.3600000e+000
  1.6786000e+002  2.9251986e+003  3.5800000e+000
  1.6804000e+002  2.9314975e+003  3.6900000e+000
  1.6816000e+002  2.9348772e+003  3.3100000e+000
  1.6824000e+002  2.9375886e+003  3.0800000e+000
  1.6831000e+002  2.9400590e+003  3.0400000e+000
  1.6831000e+002  2.9400590e+003  2.7400000e+000
  1.6846000e+002  2.9455658e+003  2.8600000e+000
  1.6854000e+002  2.9485710e+003  2.6900000e+000
  1.6864000e+002  2.9523315e+003  2.8600000e+000
  1.6876000e+002  2.9568364e+003  3.1000000e+000
  1.6894000e+002  2.9636308e+003  2.9500000e+000
  1.6906000e+002  2.9681435e+003  3.0600000e+000
  1.6906000e+002  2.9681435e+003  3.1500000e+000
  1.6914000e+002  2.9711473e+003  3.3200000e+000
  1.6924000e+002  2.9749008e+003  3.5000000e+000
  1.6936000e+002  2.9794052e+003  3.3000000e+000
  1.6954000e+002  2.9861714e+003  3.0000000e+000
  1.6966000e+002  2.9906804e+003  2.9900000e+000
  1.6974000e+002  2.9937045e+003  3.1200000e+000
  1.6996000e+002  3.0015765e+003  3.3800000e+000
  1.7004000e+002  3.0037825e+003  3.4300000e+000
  1.7014000e+002  3.0060453e+003  3.4100000e+000
  1.7014000e+002  3.0060453e+003  3.5700000e+000
  1.7026000e+002  3.0087603e+003  3.5700000e+000
  1.7044000e+002  3.0128256e+003  3.3100000e+000
  1.7056000e+002  3.0159002e+003  3.5100000e+000
  1.7064000e+002  3.0182117e+003  3.3700000e+000
  1.7074000e+002  3.0217408e+003  3.2200000e+000
  1.7086000e+002  3.0259669e+003  3.3200000e+000
  1.7104000e+002  3.0323526e+003  3.0800000e+000
  1.7104000e+002  3.0323526e+003  3.0700000e+000
  1.7116000e+002  3.0368952e+003  3.1400000e+000
  1.7116000e+002  3.0368952e+003  3.0100000e+000
  1.7124000e+002  3.0398980e+003  3.1400000e+000
  1.7131000e+002  3.0425255e+003  3.2300000e+000
  1.7146000e+002  3.0481573e+003  3.4700000e+000
  1.7154000e+002  3.0511658e+003  3.2000000e+000
  1.7164000e+002  3.0549221e+003  2.9600000e+000
  1.7176000e+002  3.0594365e+003  2.8100000e+000
  1.7194000e+002  3.0662256e+003  2.8300000e+000
  1.7206000e+002  3.0707344e+003  3.1600000e+000
  1.7214000e+002  3.0737373e+003  3.0400000e+000
  1.7224000e+002  3.0774908e+003  2.9600000e+000
  1.7236000e+002  3.0820000e+003  2.9700000e+000
  1.7236000e+002  3.0820000e+003  2.9300000e+000
  1.7254000e+002  3.0887613e+003  3.0300000e+000
  1.7266000e+002  3.0932887e+003  3.0800000e+000
  1.7274000e+002  3.0963077e+003  3.1500000e+000
  1.7281000e+002  3.0989401e+003  3.1500000e+000
  1.7296000e+002  3.1045737e+003  3.0900000e+000
  1.7304000e+002  3.1075765e+003  3.1200000e+000
  1.7314000e+002  3.1113300e+003  3.0600000e+000
  1.7326000e+002  3.1158427e+003  3.2000000e+000
  1.7356000e+002  3.1264709e+003  3.2600000e+000
  1.7364000e+002  3.1292942e+003  3.3000000e+000
  1.7374000e+002  3.1328233e+003  3.2800000e+000
  1.7386000e+002  3.1370576e+003  3.4000000e+000
  1.7404000e+002  3.1434006e+003  3.3300000e+000
  1.7416000e+002  3.1476355e+003  3.1000000e+000
  1.7424000e+002  3.1504588e+003  2.8300000e+000
  1.7431000e+002  3.1529292e+003  2.7200000e+000
  1.7446000e+002  3.1582205e+003  2.8700000e+000
  1.7454000e+002  3.1610395e+003  2.9600000e+000
  1.7464000e+002  3.1643071e+003  3.0400000e+000
  1.7476000e+002  3.1670866e+003  3.1100000e+000
  1.7494000e+002  3.1711518e+003  3.0100000e+000
  1.7506000e+002  3.1738620e+003  3.1400000e+000
  1.7514000e+002  3.1756680e+003  3.0200000e+000
  1.7524000e+002  3.1779211e+003  3.1100000e+000
  1.7536000e+002  3.1806249e+003  3.1500000e+000
  1.7554000e+002  3.1856952e+003  2.9700000e+000
  1.7566000e+002  3.1890856e+003  2.8400000e+000
  1.7574000e+002  3.1913300e+003  2.9100000e+000
  1.7581000e+002  3.1933209e+003  3.0200000e+000
  1.7596000e+002  3.1975472e+003  2.9900000e+000
  1.7614000e+002  3.2026226e+003  2.8900000e+000
  1.7642000e+002  3.2093450e+003  3.1100000e+000
  1.7652000e+002  3.2116035e+003  3.0800000e+000
  1.7662000e+002  3.2138620e+003  3.0000000e+000
  1.7670000e+002  3.2156680e+003  3.0600000e+000
  1.7682000e+002  3.2183718e+003  3.0400000e+000
  1.7692000e+002  3.2206249e+003  2.9900000e+000
  1.7702000e+002  3.2228833e+003  3.2100000e+000
  1.7712000e+002  3.2251418e+003  3.2000000e+000
  1.7722000e+002  3.2274003e+003  3.2600000e+000
  1.7730000e+002  3.2292070e+003  3.0100000e+000
  1.7742000e+002  3.2319158e+003  2.9600000e+000
  1.7752000e+002  3.2341690e+003  3.0200000e+000
  1.7762000e+002  3.2364222e+003  3.1800000e+000
  1.7772000e+002  3.2391885e+003  2.9300000e+000
  1.7780000e+002  3.2419768e+003  2.9300000e+000
  1.7789000e+002  3.2451530e+003  2.9200000e+000
  1.7799000e+002  3.2486680e+003  2.9400000e+000
  1.7809000e+002  3.2521785e+003  2.9800000e+000
  1.7819000e+002  3.2551036e+003  3.0200000e+000
  1.7829000e+002  3.2576820e+003  2.9800000e+000
  1.7839000e+002  3.2599310e+003  3.1700000e+000
  1.7849000e+002  3.2621693e+003  3.1900000e+000
  1.7859000e+002  3.2642857e+003  3.2200000e+000
  1.7859000e+002  3.2642857e+003  3.1600000e+000
  1.7869000e+002  3.2664021e+003  3.2700000e+000
  1.7869000e+002  3.2664021e+003  3.2000000e+000
  1.7879000e+002  3.2685185e+003  3.0600000e+000
  1.7889000e+002  3.2706349e+003  3.1500000e+000
  1.7899000e+002  3.2727513e+003  3.1000000e+000
  1.7909000e+002  3.2748677e+003  3.1600000e+000
  1.7919000e+002  3.2769841e+003  3.0500000e+000
  1.7928000e+002  3.2788889e+003  3.1700000e+000
  1.7928000e+002  3.2788889e+003  3.0500000e+000
  1.7944000e+002  3.2822751e+003  3.1500000e+000
  1.7944000e+002  3.2822751e+003  3.1500000e+000
  1.7952000e+002  3.2839683e+003  2.9500000e+000
  1.7962000e+002  3.2860847e+003  3.6800000e+000
  1.7974000e+002  3.2886243e+003  3.6100000e+000
  1.7992000e+002  3.2924339e+003  3.7100000e+000
  1.8004000e+002  3.2949684e+003  3.6300000e+000
  1.8004000e+002  3.2949684e+003  3.6700000e+000
  1.8012000e+002  3.2966526e+003  3.7200000e+000
  1.8022000e+002  3.2987619e+003  3.4700000e+000
  1.8034000e+002  3.3013016e+003  4.0700000e+000
  1.8052000e+002  3.3053200e+003  3.4300000e+000
  1.8052000e+002  3.3053200e+003  3.4000000e+000
  1.8064000e+002  3.3082138e+003  3.0500000e+000
  1.8072000e+002  3.3104528e+003  3.2900000e+000
  1.8079000e+002  3.3127063e+003  3.1700000e+000
  1.8094000e+002  3.3180000e+003  3.0800000e+000
  1.8094000e+002  3.3180000e+003  2.8900000e+000
  1.8102000e+002  3.3208233e+003  2.9500000e+000
  1.8112000e+002  3.3243524e+003  3.0500000e+000
  1.8124000e+002  3.3277862e+003  3.2100000e+000
  1.8142000e+002  3.3328681e+003  3.2700000e+000
  1.8154000e+002  3.3362709e+003  3.1000000e+000
  1.8172000e+002  3.3413350e+003  3.4600000e+000
  1.8184000e+002  3.3450593e+003  3.1900000e+000
  1.8193000e+002  3.3482354e+003  3.3400000e+000
  1.8202000e+002  3.3514116e+003  3.2000000e+000
  1.8214000e+002  3.3556466e+003  3.1200000e+000
  1.8222000e+002  3.3584671e+003  3.0400000e+000
  1.8229000e+002  3.3609338e+003  3.0600000e+000
  1.8244000e+002  3.3662239e+003  3.0000000e+000
  1.8252000e+002  3.3690471e+003  3.0600000e+000
  1.8262000e+002  3.3719158e+003  3.3100000e+000
  1.8274000e+002  3.3746196e+003  3.2600000e+000
  1.8283000e+002  3.3766475e+003  3.2200000e+000
  1.8283000e+002  3.3766475e+003  3.3900000e+000
  1.8292000e+002  3.3786800e+003  3.2900000e+000
  1.8304000e+002  3.3813902e+003  3.1800000e+000
  1.8304000e+002  3.3813902e+003  3.3000000e+000
  1.8312000e+002  3.3831919e+003  3.2800000e+000
  1.8334000e+002  3.3883564e+003  2.9600000e+000
  1.8343000e+002  3.3909055e+003  3.1000000e+000
  1.8364000e+002  3.3968363e+003  3.0900000e+000
  1.8379000e+002  3.4010579e+003  3.0300000e+000
  1.8394000e+002  3.4060938e+003  3.0200000e+000
  1.8402000e+002  3.4089167e+003  2.9300000e+000
  1.8402000e+002  3.4089167e+003  2.8200000e+000
  1.8412000e+002  3.4124405e+003  2.8400000e+000
  1.8412000e+002  3.4124405e+003  2.9200000e+000
  1.8424000e+002  3.4166711e+003  2.7700000e+000
  1.8433000e+002  3.4198472e+003  2.9000000e+000
  1.8442000e+002  3.4230234e+003  3.0700000e+000
  1.8454000e+002  3.4272584e+003  3.1100000e+000
  1.8462000e+002  3.4300795e+003  2.8600000e+000
  1.8472000e+002  3.4336033e+003  2.6700000e+000
  1.8484000e+002  3.4373350e+003  2.7700000e+000
  1.8496000e+002  3.4407266e+003  2.7700000e+000
  1.8544000e+002  3.4542033e+003  2.8600000e+000
  1.8552000e+002  3.4560100e+003  2.8100000e+000
  1.8562000e+002  3.4582685e+003  2.8400000e+000
  1.8574000e+002  3.4609748e+003  2.9400000e+000
  1.8583000e+002  3.4630027e+003  3.0700000e+000
  1.8592000e+002  3.4650314e+003  3.1300000e+000
  1.8604000e+002  3.4677415e+003  3.0100000e+000
  1.8612000e+002  3.4695483e+003  3.0100000e+000
  1.8622000e+002  3.4725710e+003  3.0300000e+000
  1.8634000e+002  3.4771332e+003  2.8000000e+000
  1.8643000e+002  3.4809534e+003  2.6800000e+000
  1.8652000e+002  3.4852045e+003  2.8300000e+000
  1.8664000e+002  3.4908529e+003  2.9800000e+000
  1.8672000e+002  3.4946106e+003  2.9400000e+000
  1.8679000e+002  3.4978987e+003  2.5800000e+000
  1.8694000e+002  3.5049380e+003  2.7300000e+000
  1.8702000e+002  3.5085640e+003  2.7800000e+000
  1.8712000e+002  3.5126462e+003  3.0100000e+000
  1.8744000e+002  3.5222735e+003  3.0900000e+000
  1.8752000e+002  3.5240803e+003  3.0700000e+000
  1.8762000e+002  3.5264156e+003  3.1500000e+000
  1.8774000e+002  3.5298019e+003  3.0200000e+000
  1.8783000e+002  3.5331154e+003  3.1600000e+000
  1.8792000e+002  3.5366353e+003  3.0100000e+000
  1.8804000e+002  3.5417130e+003  3.0200000e+000
  1.8812000e+002  3.5453028e+003  2.9600000e+000
  1.8822000e+002  3.5500000e+003  2.9300000e+000
