  1.1000000e-001  5.3079200e+000  3.4600000e+000
  2.9000000e-001  1.0187139e+001  3.7400000e+000
  4.1000000e-001  1.3204657e+001  4.0000000e+000
  5.0000000e-001  1.5339332e+001  4.9000000e+000
  5.9000000e-001  1.7474007e+001  4.8300000e+000
  7.1000000e-001  2.0320240e+001  4.8100000e+000
  8.9000000e-001  2.4589589e+001  4.9500000e+000
  1.0100000e+000  2.7435822e+001  4.5400000e+000
  1.1000000e+000  2.9570497e+001  4.6800000e+000
  1.1900000e+000  3.1705171e+001  4.4800000e+000
  1.2900000e+000  3.4077023e+001  4.8100000e+000
  1.4100000e+000  3.6923217e+001  4.3400000e+000
  1.4900000e+000  3.8820680e+001  4.1700000e+000
  1.5900000e+000  4.1192514e+001  4.7400000e+000
  1.7100000e+000  4.4038747e+001  4.6000000e+000
  1.8900000e+000  4.8308097e+001  4.4500000e+000
  1.9600000e+000  4.9968399e+001  4.4300000e+000
  2.0900000e+000  5.3051818e+001  4.2800000e+000
  2.3100000e+000  5.8269912e+001  4.5200000e+000
  2.3900000e+000  6.0167401e+001  4.3500000e+000
  2.4900000e+000  6.2539261e+001  4.3400000e+000
  2.5900000e+000  6.4911122e+001  4.2800000e+000
  2.6100000e+000  6.5385494e+001  4.5300000e+000
  2.7900000e+000  6.9654844e+001  4.3400000e+000
  2.9900000e+000  7.4398565e+001  4.2300000e+000
  3.0900000e+000  7.6770426e+001  4.0800000e+000
  3.2100000e+000  7.9616625e+001  3.5700000e+000
  3.3900000e+000  8.3885916e+001  3.2800000e+000
  3.4600000e+000  8.5700118e+001  3.9900000e+000
  3.5900000e+000  8.9605918e+001  3.9900000e+000
  3.6600000e+000  9.1774440e+001  4.1900000e+000
  3.8100000e+000  9.6498300e+001  3.9800000e+000
  3.8900000e+000  9.9100798e+001  3.7000000e+000
  3.9900000e+000  1.0240441e+002  3.9100000e+000
  4.1100000e+000  1.0647836e+002  3.9100000e+000
  4.2900000e+000  1.1298440e+002  3.9400000e+000
  4.4100000e+000  1.1765261e+002  3.5900000e+000
  4.4700000e+000  1.2009243e+002  2.9900000e+000
  4.5900000e+000  1.2497106e+002  3.1300000e+000
  4.7100000e+000  1.2955269e+002  4.0700000e+000
  4.8900000e+000  1.3576326e+002  4.6400000e+000
  4.9600000e+000  1.3807176e+002  4.5700000e+000
  5.0900000e+000  1.4230089e+002  4.6300000e+000
  5.1600000e+000  1.4457774e+002  4.7000000e+000
  5.3100000e+000  1.4945655e+002  4.7100000e+000
  5.3900000e+000  1.5205909e+002  4.4700000e+000
  5.4900000e+000  1.5531149e+002  4.5500000e+000
  5.6100000e+000  1.5902909e+002  4.5600000e+000
  5.7900000e+000  1.6448304e+002  4.4500000e+000
  5.9100000e+000  1.6761279e+002  4.1200000e+000
  5.9900000e+000  1.6951025e+002  4.3700000e+000
  6.0900000e+000  1.7188208e+002  4.5200000e+000
  6.2100000e+000  1.7472827e+002  4.3300000e+000
  6.3900000e+000  1.7899756e+002  4.5000000e+000
  6.4600000e+000  1.8065784e+002  4.4700000e+000
  6.5900000e+000  1.8374155e+002  4.3100000e+000
  6.6600000e+000  1.8540206e+002  3.8900000e+000
  6.8100000e+000  1.8900759e+002  4.4100000e+000
  6.8900000e+000  1.9117592e+002  4.1900000e+000
  6.9900000e+000  1.9388607e+002  3.7100000e+000
  7.1100000e+000  1.9713931e+002  3.7500000e+000
  7.2900000e+000  2.0201856e+002  3.6000000e+000
  7.4100000e+000  2.0527166e+002  3.6400000e+000
  7.4900000e+000  2.0744007e+002  3.5800000e+000
  7.5900000e+000  2.1015077e+002  3.5700000e+000
  7.7100000e+000  2.1340396e+002  3.3500000e+000
  7.8900000e+000  2.1828265e+002  3.8400000e+000
  7.9600000e+000  2.2001143e+002  3.9300000e+000
  8.0900000e+000  2.2309523e+002  4.2700000e+000
  8.3100000e+000  2.2831367e+002  4.1300000e+000
  8.3900000e+000  2.3021113e+002  3.9800000e+000
  8.4900000e+000  2.3258296e+002  3.7500000e+000
  8.6100000e+000  2.3542916e+002  3.4700000e+000
  8.7900000e+000  2.3969845e+002  3.3600000e+000
  8.9100000e+000  2.4254464e+002  2.9400000e+000
  8.9900000e+000  2.4444210e+002  4.3900000e+000
  9.0900000e+000  2.4681393e+002  4.2500000e+000
  9.2100000e+000  2.4989752e+002  4.2400000e+000
  9.3900000e+000  2.5477676e+002  4.1600000e+000
  9.5900000e+000  2.6019829e+002  4.3200000e+000
  9.6600000e+000  2.6209555e+002  4.2500000e+000
  9.8100000e+000  2.6616179e+002  4.4200000e+000
  9.8900000e+000  2.6833012e+002  4.4900000e+000
  1.0710000e+001  2.9172724e+002  4.0800000e+000
  1.0820000e+001  2.9513438e+002  4.1400000e+000
  1.0920000e+001  2.9823177e+002  4.0800000e+000
  1.1020000e+001  3.0133030e+002  4.1200000e+000
  1.1120000e+001  3.0442922e+002  3.8600000e+000
  1.1220000e+001  3.0750774e+002  3.7900000e+000
  1.1320000e+001  3.1021793e+002  3.9200000e+000
  1.1420000e+001  3.1288334e+002  3.6000000e+000
  1.1520000e+001  3.1525517e+002  3.4400000e+000
  1.1620000e+001  3.1762699e+002  3.4100000e+000
  1.1720000e+001  3.1999882e+002  3.6000000e+000
  1.1790000e+001  3.2165910e+002  3.5200000e+000
  1.1910000e+001  3.2450530e+002  3.1300000e+000
  1.1990000e+001  3.2640276e+002  3.1600000e+000
  1.2090000e+001  3.2877459e+002  2.8900000e+000
  1.2210000e+001  3.3162078e+002  3.1000000e+000
  1.2590000e+001  3.4151941e+002  4.7100000e+000
  1.2660000e+001  3.4341536e+002  4.6900000e+000
  1.2810000e+001  3.4748157e+002  4.5200000e+000
  1.2890000e+001  3.4965140e+002  4.6000000e+000
  1.2990000e+001  3.5236123e+002  4.4200000e+000
  1.3110000e+001  3.5561345e+002  4.3600000e+000
  1.3290000e+001  3.6049342e+002  4.4200000e+000
  1.3490000e+001  3.6591559e+002  4.4400000e+000
  1.3590000e+001  3.6839016e+002  4.4700000e+000
  1.3710000e+001  3.7123636e+002  4.2900000e+000
  1.3890000e+001  3.7550565e+002  4.2600000e+000
  1.3960000e+001  3.7716593e+002  4.1500000e+000
  1.4090000e+001  3.8024931e+002  4.0700000e+000
  1.4160000e+001  3.8190967e+002  3.9500000e+000
  1.4310000e+001  3.8546790e+002  4.1600000e+000
  1.4390000e+001  3.8736562e+002  3.9600000e+000
  1.4490000e+001  3.8973762e+002  3.7800000e+000
  1.4610000e+001  3.9258381e+002  3.8800000e+000
  1.4910000e+001  3.9969930e+002  3.2900000e+000
  1.4990000e+001  4.0159676e+002  3.3500000e+000
  1.5090000e+001  4.0407717e+002  3.1100000e+000
  1.5210000e+001  4.0733186e+002  3.0800000e+000
  1.5390000e+001  4.1220974e+002  3.1000000e+000
  1.5460000e+001  4.1432719e+002  3.3900000e+000
  1.5590000e+001  4.1835579e+002  3.4900000e+000
  1.5660000e+001  4.2052503e+002  3.8300000e+000
  1.5810000e+001  4.2517131e+002  4.3800000e+000
  1.5890000e+001  4.2764923e+002  4.6400000e+000
  1.5990000e+001  4.3074681e+002  4.8200000e+000
  1.6110000e+001  4.3446413e+002  4.9100000e+000
  1.6290000e+001  4.4004012e+002  4.7400000e+000
  1.6410000e+001  4.4375744e+002  4.8100000e+000
  1.6490000e+001  4.4623574e+002  4.8100000e+000
  1.6590000e+001  4.4933429e+002  4.5700000e+000
  1.6710000e+001  4.5305255e+002  4.4300000e+000
  1.6890000e+001  4.5862883e+002  4.2400000e+000
  1.6960000e+001  4.6079727e+002  4.3900000e+000
  1.7090000e+001  4.6454055e+002  4.4100000e+000
  1.7160000e+001  4.6643893e+002  4.7600000e+000
  1.7310000e+001  4.7042324e+002  4.0800000e+000
  1.7390000e+001  4.7232070e+002  4.1000000e+000
  1.7490000e+001  4.7469253e+002  3.9800000e+000
  1.7610000e+001  4.7752007e+002  4.1300000e+000
  1.7790000e+001  4.8158705e+002  3.7700000e+000
  1.7910000e+001  4.8429753e+002  3.7400000e+000
  1.7990000e+001  4.8610430e+002  4.0000000e+000
  1.8090000e+001  4.8836310e+002  3.6600000e+000
  1.8210000e+001  4.9107442e+002  3.3800000e+000
  1.8390000e+001  4.9514038e+002  3.6500000e+000
  1.8810000e+001  5.0462815e+002  3.6600000e+000
  1.8890000e+001  5.0643492e+002  3.8000000e+000
  1.8990000e+001  5.0870845e+002  4.0400000e+000
  1.9110000e+001  5.1155465e+002  3.7300000e+000
  1.9290000e+001  5.1584395e+002  4.0500000e+000
  1.9410000e+001  5.1909564e+002  3.9700000e+000
  1.9490000e+001  5.2126611e+002  3.9700000e+000
  1.9590000e+001  5.2426872e+002  3.9100000e+000
  1.9710000e+001  5.2798604e+002  3.6000000e+000
  1.9890000e+001  5.3372718e+002  4.1000000e+000
  1.9960000e+001  5.3600428e+002  4.6100000e+000
  2.0090000e+001  5.4023183e+002  4.8200000e+000
  2.0160000e+001  5.4250811e+002  4.0500000e+000
  2.0180000e+001  5.4317500e+002  4.4500000e+000
  2.0250000e+001  5.4554689e+002  4.3500000e+000
  2.0350000e+001  5.4893531e+002  4.5100000e+000
  2.0430000e+001  5.5164605e+002  4.4300000e+000
  2.0550000e+001  5.5571215e+002  4.2000000e+000
  2.0650000e+001  5.5910057e+002  4.0500000e+000
  2.0750000e+001  5.6248899e+002  3.8500000e+000
  2.0850000e+001  5.6587697e+002  3.8400000e+000
  2.0950000e+001  5.6926482e+002  3.7900000e+000
  2.1050000e+001  5.7265324e+002  3.8100000e+000
  2.1160000e+001  5.7638050e+002  3.1700000e+000
  2.1340000e+001  5.8247966e+002  4.0700000e+000
  2.1460000e+001  5.8654576e+002  3.7900000e+000
  2.1540000e+001  5.8925650e+002  3.8500000e+000
  2.1640000e+001  5.9264492e+002  3.7900000e+000
  2.1760000e+001  5.9671102e+002  3.7000000e+000
  2.1940000e+001  6.0281017e+002  3.6800000e+000
  2.2010000e+001  6.0518207e+002  3.2700000e+000
  2.2140000e+001  6.0958701e+002  3.5900000e+000
  2.2200000e+001  6.1169755e+002  3.2200000e+000
  2.2360000e+001  6.1748119e+002  3.6500000e+000
  2.2440000e+001  6.2037211e+002  4.1700000e+000
  2.2540000e+001  6.2398592e+002  4.6200000e+000
  2.2660000e+001  6.2832277e+002  4.6600000e+000
  2.2840000e+001  6.3482993e+002  4.7100000e+000
  2.2960000e+001  6.3916590e+002  4.7600000e+000
  2.3040000e+001  6.4205645e+002  4.6100000e+000
  2.3140000e+001  6.4567170e+002  4.6000000e+000
  2.3260000e+001  6.5001006e+002  4.4900000e+000
  2.3440000e+001  6.5624115e+002  4.4100000e+000
  2.3510000e+001  6.5856232e+002  4.5200000e+000
  2.3640000e+001  6.6279189e+002  4.3100000e+000
  2.3710000e+001  6.6499832e+002  4.1700000e+000
  2.3860000e+001  6.6964441e+002  4.3900000e+000
  2.3940000e+001  6.7209738e+002  4.3800000e+000
  2.4040000e+001  6.7457822e+002  4.3900000e+000
  2.4160000e+001  6.7742441e+002  4.1800000e+000
  2.4340000e+001  6.8162488e+002  3.8300000e+000
  2.4460000e+001  6.8433503e+002  3.9900000e+000
  2.4540000e+001  6.8614209e+002  3.7900000e+000
  2.4640000e+001  6.8840153e+002  3.9400000e+000
  2.4760000e+001  6.9111266e+002  3.7600000e+000
  2.4940000e+001  6.9517788e+002  3.4700000e+000
  2.5010000e+001  6.9675918e+002  3.5600000e+000
  2.5140000e+001  6.9969645e+002  3.3400000e+000
  2.5210000e+001  7.0127793e+002  3.4300000e+000
  2.5360000e+001  7.0466497e+002  3.4200000e+000
  2.5440000e+001  7.0647150e+002  3.3500000e+000
  2.5540000e+001  7.0873093e+002  3.6000000e+000
  2.5660000e+001  7.1144225e+002  3.9700000e+000
  2.5840000e+001  7.1550750e+002  4.4900000e+000
  2.5960000e+001  7.1821830e+002  4.3300000e+000
  2.6040000e+001  7.2002585e+002  4.3400000e+000
  2.6140000e+001  7.2228513e+002  4.2900000e+000
  2.6260000e+001  7.2499528e+002  4.1000000e+000
  2.6590000e+001  7.3245044e+002  4.4400000e+000
  2.6640000e+001  7.3357967e+002  4.3400000e+000
  2.6710000e+001  7.3516059e+002  4.1100000e+000
  2.6940000e+001  7.4035626e+002  3.6700000e+000
  2.7040000e+001  7.4261569e+002  4.0200000e+000
  2.7160000e+001  7.4532590e+002  4.1300000e+000
  2.7340000e+001  7.4946311e+002  4.3800000e+000
  2.7460000e+001  7.5230930e+002  4.3400000e+000
  2.7540000e+001  7.5420677e+002  4.3600000e+000
  2.7640000e+001  7.5657860e+002  4.1400000e+000
  2.7760000e+001  7.5942479e+002  4.2700000e+000
  2.7940000e+001  7.6369408e+002  4.2000000e+000
  2.8010000e+001  7.6535436e+002  3.8600000e+000
  2.8210000e+001  7.7009802e+002  3.8200000e+000
  2.8360000e+001  7.7365576e+002  3.7600000e+000
  2.8440000e+001  7.7555322e+002  3.5200000e+000
  2.8540000e+001  7.7792505e+002  3.6300000e+000
  2.8840000e+001  7.8504053e+002  3.2400000e+000
  2.8960000e+001  7.8788673e+002  3.4500000e+000
  2.9040000e+001  7.8978419e+002  4.0200000e+000
  2.9140000e+001  7.9222129e+002  4.2100000e+000
  2.9260000e+001  7.9547382e+002  4.4000000e+000
  2.9440000e+001  8.0099310e+002  4.4300000e+000
  2.9510000e+001  8.0316127e+002  4.4000000e+000
  2.9650000e+001  8.0749925e+002  4.3000000e+000
  2.9750000e+001  8.1059817e+002  4.2900000e+000
  2.9840000e+001  8.1338689e+002  4.1500000e+000
  2.9950000e+001  8.1679443e+002  3.9700000e+000
  3.0050000e+001  8.1989220e+002  3.7600000e+000
  3.0170000e+001  8.2360920e+002  3.5500000e+000
  3.0250000e+001  8.2608712e+002  3.9300000e+000
  3.0350000e+001  8.2918451e+002  3.5500000e+000
  3.0450000e+001  8.3228228e+002  3.9200000e+000
  3.0530000e+001  8.3476050e+002  3.6100000e+000
  3.0650000e+001  8.3847817e+002  3.7400000e+000
  3.0750000e+001  8.4157709e+002  3.8000000e+000
  3.0850000e+001  8.4467601e+002  3.6200000e+000
  3.0950000e+001  8.4753383e+002  3.5300000e+000
  3.1050000e+001  8.5024581e+002  3.5200000e+000
  3.1150000e+001  8.5295620e+002  3.5200000e+000
  3.1170000e+001  8.5349858e+002  3.7300000e+000
  3.1270000e+001  8.5620780e+002  3.3300000e+000
  3.1390000e+001  8.5946027e+002  3.5100000e+000
  3.1570000e+001  8.6434020e+002  3.3100000e+000
  3.1640000e+001  8.6623885e+002  4.1900000e+000
  3.1770000e+001  8.6963872e+002  4.5300000e+000
  3.1990000e+001  8.7485746e+002  4.5100000e+000
  3.2070000e+001  8.7672259e+002  4.5600000e+000
  3.2170000e+001  8.7898159e+002  4.5000000e+000
  3.2290000e+001  8.8169230e+002  4.4400000e+000
  3.2470000e+001  8.8575752e+002  4.5200000e+000
  3.2590000e+001  8.8846853e+002  4.4600000e+000
  3.2670000e+001  8.9027607e+002  4.5000000e+000
  3.2890000e+001  8.9524529e+002  4.4500000e+000
  3.3070000e+001  8.9931156e+002  4.3200000e+000
  3.3140000e+001  9.0089316e+002  4.1700000e+000
  3.3270000e+001  9.0382969e+002  4.1500000e+000
  3.3330000e+001  9.0518476e+002  3.8400000e+000
  3.3490000e+001  9.0879893e+002  3.8900000e+000
  3.3670000e+001  9.1286577e+002  3.9300000e+000
  3.3790000e+001  9.1557592e+002  3.8700000e+000
  3.3970000e+001  9.1964196e+002  4.0000000e+000
  3.4090000e+001  9.2235329e+002  4.5100000e+000
  3.4170000e+001  9.2416031e+002  4.1900000e+000
  3.4270000e+001  9.2641876e+002  4.2600000e+000
  3.4390000e+001  9.2912934e+002  3.7700000e+000
  3.4570000e+001  9.3319632e+002  4.2000000e+000
  3.4640000e+001  9.3477731e+002  3.8700000e+000
  3.4770000e+001  9.3771330e+002  3.8200000e+000
  3.4830000e+001  9.3906850e+002  3.6600000e+000
  3.4990000e+001  9.4268290e+002  3.7200000e+000
  3.5070000e+001  9.4448993e+002  3.4900000e+000
  3.5170000e+001  9.4674839e+002  3.5600000e+000
  3.5290000e+001  9.4945874e+002  3.2900000e+000
  3.5470000e+001  9.5352573e+002  3.2600000e+000
  3.5590000e+001  9.5623616e+002  3.3200000e+000
  3.5670000e+001  9.5804293e+002  3.8600000e+000
  3.5770000e+001  9.6030177e+002  4.2300000e+000
  3.5890000e+001  9.6301310e+002  4.3500000e+000
  3.6070000e+001  9.6707901e+002  4.1500000e+000
  3.6140000e+001  9.6865993e+002  4.1300000e+000
  3.6270000e+001  9.7159670e+002  3.7300000e+000
  3.6330000e+001  9.7295236e+002  3.6500000e+000
  3.6460000e+001  9.7593278e+002  3.7300000e+000
  3.6570000e+001  9.7854179e+002  3.4600000e+000
  3.6670000e+001  9.8091362e+002  3.4600000e+000
  3.6790000e+001  9.8396496e+002  3.9500000e+000
  3.6970000e+001  9.8884494e+002  3.8300000e+000
  3.7090000e+001  9.9209674e+002  3.9300000e+000
  3.7170000e+001  9.9426658e+002  3.7400000e+000
  3.7270000e+001  9.9697641e+002  3.6800000e+000
  3.7390000e+001  1.0002285e+003  3.8200000e+000
  3.7570000e+001  1.0051108e+003  3.9000000e+000
  3.7640000e+001  1.0070067e+003  3.9300000e+000
  3.7770000e+001  1.0105348e+003  3.8200000e+000
  3.7830000e+001  1.0121580e+003  3.9900000e+000
  3.7990000e+001  1.0164964e+003  3.5200000e+000
  3.8070000e+001  1.0186644e+003  3.6400000e+000
  3.8170000e+001  1.0213700e+003  3.5400000e+000
  3.8290000e+001  1.0246283e+003  3.3300000e+000
  3.8590000e+001  1.0334199e+003  3.6300000e+000
  3.8670000e+001  1.0359002e+003  4.0100000e+000
  3.8770000e+001  1.0391209e+003  4.0600000e+000
  3.8890000e+001  1.0430192e+003  4.3500000e+000
  3.9070000e+001  1.0488724e+003  4.1300000e+000
  3.9140000e+001  1.0511499e+003  4.1300000e+000
  3.9270000e+001  1.0553719e+003  4.1200000e+000
  3.9330000e+001  1.0572321e+003  3.8900000e+000
  3.9490000e+001  1.0621927e+003  3.5000000e+000
  3.9570000e+001  1.0645323e+003  3.1400000e+000
  3.9670000e+001  1.0672392e+003  3.4600000e+000
  3.9680000e+001  1.0675093e+003  3.4200000e+000
  3.9760000e+001  1.0696842e+003  3.2400000e+000
  3.9870000e+001  1.0726619e+003  3.0700000e+000
  3.9970000e+001  1.0753727e+003  3.1900000e+000
  4.0070000e+001  1.0782272e+003  3.2800000e+000
  4.0170000e+001  1.0813238e+003  3.6300000e+000
  4.0270000e+001  1.0844205e+003  3.6400000e+000
  4.0370000e+001  1.0875179e+003  3.7500000e+000
  4.0470000e+001  1.0906157e+003  3.8100000e+000
  4.0570000e+001  1.0937135e+003  3.9400000e+000
  4.0670000e+001  1.0968139e+003  4.4400000e+000
  4.0770000e+001  1.0999142e+003  4.0900000e+000
  4.0820000e+001  1.1014644e+003  3.9100000e+000
  4.0920000e+001  1.1042504e+003  3.6300000e+000
  4.1040000e+001  1.1074999e+003  3.7400000e+000
  4.1220000e+001  1.1123803e+003  3.6500000e+000
  4.1290000e+001  1.1142758e+003  4.2100000e+000
  4.1420000e+001  1.1178040e+003  4.3800000e+000
  4.1490000e+001  1.1198345e+003  4.2500000e+000
  4.1640000e+001  1.1244795e+003  4.4500000e+000
  4.1720000e+001  1.1269568e+003  4.3900000e+000
  4.1820000e+001  1.1300571e+003  4.4200000e+000
  4.1940000e+001  1.1337775e+003  4.3600000e+000
  4.2120000e+001  1.1388606e+003  3.4800000e+000
  4.2240000e+001  1.1421188e+003  4.0000000e+000
  4.2320000e+001  1.1442827e+003  3.8900000e+000
  4.2540000e+001  1.1502483e+003  3.8600000e+000
  4.2720000e+001  1.1551298e+003  3.4600000e+000
  4.2790000e+001  1.1570238e+003  3.3600000e+000
  4.2920000e+001  1.1605430e+003  3.4100000e+000
  4.2990000e+001  1.1624477e+003  3.5000000e+000
  4.3140000e+001  1.1665075e+003  3.5000000e+000
  4.3220000e+001  1.1686809e+003  3.4500000e+000
  4.3320000e+001  1.1713898e+003  3.5600000e+000
  4.3440000e+001  1.1746436e+003  3.6700000e+000
  4.3620000e+001  1.1795194e+003  3.7000000e+000
  4.3740000e+001  1.1827767e+003  3.6100000e+000
  4.3820000e+001  1.1849419e+003  3.5900000e+000
  4.3920000e+001  1.1876504e+003  3.6700000e+000
  4.4040000e+001  1.1909063e+003  4.0800000e+000
  4.4220000e+001  1.1957885e+003  4.3400000e+000
  4.4290000e+001  1.1976823e+003  4.5300000e+000
  4.4420000e+001  1.2012121e+003  4.4200000e+000
  4.4490000e+001  1.2031056e+003  4.4100000e+000
  4.4640000e+001  1.2071742e+003  4.3800000e+000
  4.4720000e+001  1.2093421e+003  4.3000000e+000
  4.4820000e+001  1.2120477e+003  3.7100000e+000
  4.4940000e+001  1.2153050e+003  3.8500000e+000
  4.5120000e+001  1.2201810e+003  3.8900000e+000
  4.5240000e+001  1.2234346e+003  3.8000000e+000
  4.5320000e+001  1.2256012e+003  3.8300000e+000
  4.5420000e+001  1.2283169e+003  3.3000000e+000
  4.5540000e+001  1.2315642e+003  3.3000000e+000
  4.5720000e+001  1.2364465e+003  3.2300000e+000
  4.5790000e+001  1.2383423e+003  3.3900000e+000
  4.5920000e+001  1.2418704e+003  3.3700000e+000
  4.5990000e+001  1.2437635e+003  3.5600000e+000
  4.6140000e+001  1.2478336e+003  4.4300000e+000
  4.6220000e+001  1.2500000e+003  4.4200000e+000
