  4.0000000e-001  1.2828216e+001  3.9300000e+000
  5.0000000e-001  1.3759663e+001  4.2700000e+000
  6.0000000e-001  1.4691109e+001  4.5800000e+000
  6.8000000e-001  1.5436266e+001  4.2200000e+000
  8.0000000e-001  1.6554002e+001  4.8000000e+000
  9.0000000e-001  1.7485449e+001  4.9900000e+000
  9.8000000e-001  1.8230606e+001  5.0700000e+000
  1.1000000e+000  1.9348342e+001  5.2300000e+000
  1.1000000e+000  1.9348342e+001  5.0700000e+000
  1.2000000e+000  2.0279788e+001  5.1300000e+000
  1.3000000e+000  2.1289258e+001  4.9400000e+000
  1.4000000e+000  2.2504472e+001  5.1900000e+000
  1.5000000e+000  2.3901599e+001  4.9400000e+000
  1.6000000e+000  2.5298726e+001  4.9400000e+000
  1.7000000e+000  2.6695889e+001  4.7700000e+000
  1.8000000e+000  2.8093102e+001  4.7800000e+000
  1.9000000e+000  2.9490315e+001  4.7700000e+000
  2.0000000e+000  3.0887473e+001  4.8100000e+000
  2.1000000e+000  3.2284599e+001  4.6900000e+000
  2.2000000e+000  3.3681726e+001  4.6400000e+000
  2.3000000e+000  3.5210061e+001  4.5600000e+000
  2.4000000e+000  3.6795502e+001  4.6600000e+000
  2.4700000e+000  3.8018042e+001  4.7100000e+000
  2.5800000e+000  3.9939175e+001  4.6000000e+000
  2.7000000e+000  4.2034914e+001  4.5900000e+000
  2.8000000e+000  4.3781354e+001  4.5800000e+000
  2.9000000e+000  4.5527825e+001  4.3500000e+000
  2.9000000e+000  4.5527825e+001  4.5500000e+000
  3.0000000e+000  4.7274310e+001  4.5800000e+000
  3.1000000e+000  4.9075607e+001  4.6200000e+000
  3.2000000e+000  5.0938466e+001  4.5400000e+000
  3.3000000e+000  5.2801326e+001  4.5500000e+000
  3.4000000e+000  5.4716957e+001  4.6700000e+000
  3.5000000e+000  5.6657455e+001  4.7100000e+000
  3.6000000e+000  5.8597954e+001  4.7200000e+000
  3.7000000e+000  6.0570499e+001  4.7400000e+000
  3.8000000e+000  6.2608050e+001  4.7800000e+000
  3.9000000e+000  6.4645600e+001  4.5700000e+000
  3.9000000e+000  6.4645600e+001  4.4600000e+000
  3.9700000e+000  6.6071885e+001  4.7000000e+000
  3.9700000e+000  6.6071885e+001  4.7100000e+000
  4.0000000e+000  6.6683150e+001  4.5200000e+000
  4.1000000e+000  6.8720701e+001  4.5300000e+000
  4.2000000e+000  7.1111640e+001  4.0200000e+000
  4.3000000e+000  7.3772882e+001  3.8700000e+000
  4.4000000e+000  7.6434123e+001  3.8000000e+000
  4.5000000e+000  7.9095365e+001  4.2700000e+000
  4.6000000e+000  8.1809626e+001  3.7400000e+000
  4.7000000e+000  8.4604015e+001  3.7200000e+000
  4.7800000e+000  8.6839527e+001  4.0700000e+000
  4.9000000e+000  9.0263451e+001  4.0800000e+000
  5.0000000e+000  9.3174244e+001  4.1600000e+000
  5.1000000e+000  9.6157524e+001  3.9900000e+000
  5.2000000e+000  9.9262133e+001  3.8300000e+000
  5.4000000e+000  1.0547207e+002  3.8500000e+000
  5.5000000e+000  1.0857692e+002  3.9900000e+000
  5.6000000e+000  1.1168183e+002  4.1400000e+000
  5.7000000e+000  1.1478686e+002  3.4800000e+000
  5.8000000e+000  1.1789137e+002  3.7200000e+000
  5.9000000e+000  1.2099558e+002  3.8800000e+000
  6.0000000e+000  1.2390646e+002  3.9500000e+000
  6.1000000e+000  1.2681735e+002  3.6500000e+000
  6.2000000e+000  1.2963894e+002  3.8300000e+000
  6.2800000e+000  1.3187454e+002  4.2800000e+000
  6.4000000e+000  1.3522793e+002  4.8800000e+000
  6.5000000e+000  1.3789222e+002  4.7600000e+000
  6.6000000e+000  1.4055331e+002  5.0200000e+000
  6.7000000e+000  1.4321440e+002  5.1000000e+000
  6.8000000e+000  1.4587551e+002  5.0800000e+000
  6.9000000e+000  1.4853692e+002  4.7600000e+000
  7.0000000e+000  1.5119833e+002  5.0600000e+000
  7.0000000e+000  1.5119833e+002  4.8400000e+000
  7.1000000e+000  1.5385974e+002  4.8900000e+000
  7.2000000e+000  1.5654250e+002  4.8900000e+000
  7.3000000e+000  1.5933690e+002  4.8700000e+000
  7.4000000e+000  1.6213129e+002  4.9500000e+000
  7.5000000e+000  1.6496853e+002  4.7800000e+000
  7.6000000e+000  1.6787897e+002  4.6600000e+000
  7.7000000e+000  1.7081591e+002  4.9200000e+000
  7.7800000e+000  1.7329993e+002  4.8200000e+000
  7.8400000e+000  1.7516295e+002  4.6800000e+000
  7.9000000e+000  1.7720505e+002  4.7200000e+000
  7.9300000e+000  1.7825296e+002  4.6000000e+000
  8.0000000e+000  1.8083197e+002  4.6900000e+000
  8.0500000e+000  1.8277250e+002  4.3600000e+000
  8.1000000e+000  1.8471303e+002  4.6000000e+000
  8.1700000e+000  1.8742985e+002  4.5600000e+000
  8.4300000e+000  1.9752014e+002  3.6200000e+000
  8.5400000e+000  2.0150945e+002  3.9700000e+000
  8.7400000e+000  2.0787310e+002  3.9600000e+000
  8.8400000e+000  2.1068939e+002  3.7000000e+000
  9.0500000e+000  2.1644675e+002  3.9700000e+000
  9.1500000e+000  2.1857743e+002  4.0100000e+000
  9.3600000e+000  2.2285595e+002  4.6700000e+000
  9.5000000e+000  2.2570831e+002  4.5500000e+000
  9.6800000e+000  2.2937595e+002  4.6900000e+000
  1.0000000e+001  2.3596878e+002  4.2200000e+000
  1.0150000e+001  2.3985784e+002  3.8700000e+000
  1.0300000e+001  2.4384965e+002  4.1800000e+000
  1.0450000e+001  2.4774748e+002  4.7100000e+000
  1.0540000e+001  2.4984143e+002  4.6300000e+000
  1.0640000e+001  2.5217118e+002  4.9200000e+000
  1.0740000e+001  2.5449930e+002  4.8100000e+000
  1.0840000e+001  2.5682835e+002  4.7700000e+000
  1.0840000e+001  2.5682835e+002  4.6900000e+000
  1.0940000e+001  2.5915744e+002  4.9100000e+000
  1.1030000e+001  2.6125254e+002  4.7800000e+000
  1.1170000e+001  2.6451326e+002  4.7400000e+000
  1.1250000e+001  2.6637566e+002  4.7000000e+000
  1.1350000e+001  2.6870541e+002  5.0800000e+000
  1.1540000e+001  2.7312958e+002  4.6400000e+000
  1.1740000e+001  2.7808470e+002  4.5000000e+000
  1.1840000e+001  2.8074659e+002  4.0700000e+000
  1.2020000e+001  2.8553799e+002  3.8300000e+000
  1.2020000e+001  2.8553799e+002  4.1000000e+000
  1.2140000e+001  2.8873158e+002  4.2600000e+000
  1.2240000e+001  2.9139279e+002  4.3900000e+000
  1.2360000e+001  2.9458624e+002  4.5200000e+000
  1.2420000e+001  2.9618296e+002  4.5000000e+000
  1.2540000e+001  2.9952086e+002  4.3000000e+000
  1.2650000e+001  3.0259463e+002  4.3200000e+000
  1.2740000e+001  3.0514380e+002  4.1200000e+000
  1.2850000e+001  3.0834577e+002  4.4100000e+000
  1.2930000e+001  3.1067448e+002  4.0800000e+000
  1.3040000e+001  3.1387645e+002  3.8100000e+000
  1.3140000e+001  3.1678733e+002  4.0700000e+000
  1.3240000e+001  3.1969821e+002  3.7800000e+000
  1.3240000e+001  3.1969821e+002  3.6000000e+000
  1.3340000e+001  3.2260909e+002  3.7300000e+000
  1.3450000e+001  3.2581075e+002  3.2500000e+000
  1.3540000e+001  3.2843014e+002  3.6900000e+000
  1.3640000e+001  3.3129832e+002  3.4900000e+000
  1.3640000e+001  3.3129832e+002  3.5100000e+000
  1.3740000e+001  3.3409201e+002  3.8100000e+000
  1.3840000e+001  3.3688571e+002  4.4200000e+000
  1.3940000e+001  3.3941145e+002  4.7800000e+000
  1.4040000e+001  3.4144907e+002  5.2700000e+000
  1.4170000e+001  3.4409797e+002  5.1200000e+000
  1.4260000e+001  3.4593183e+002  5.0600000e+000
  1.4350000e+001  3.4776568e+002  4.6800000e+000
  1.4430000e+001  3.4939568e+002  4.8000000e+000
  1.4550000e+001  3.5184055e+002  4.8700000e+000
  1.4600000e+001  3.5285925e+002  4.8800000e+000
  1.4700000e+001  3.5489664e+002  4.6500000e+000
  1.4770000e+001  3.5632282e+002  4.8000000e+000
  1.4800000e+001  3.5693403e+002  4.6100000e+000
  1.4850000e+001  3.5800535e+002  4.7100000e+000
  1.4900000e+001  3.5917023e+002  4.5600000e+000
  1.4950000e+001  3.6033484e+002  4.5300000e+000
  1.5000000e+001  3.6149997e+002  4.5400000e+000
  1.5050000e+001  3.6289732e+002  4.6200000e+000
  1.5100000e+001  3.6429467e+002  4.5900000e+000
  1.5140000e+001  3.6541255e+002  4.6400000e+000
  1.5200000e+001  3.6708937e+002  4.5900000e+000
  1.5250000e+001  3.6848672e+002  4.3700000e+000
  1.5300000e+001  3.6990893e+002  4.4500000e+000
  1.5350000e+001  3.7136437e+002  4.5600000e+000
  1.5400000e+001  3.7281981e+002  4.4700000e+000
  1.5500000e+001  3.7573069e+002  4.4100000e+000
  1.5550000e+001  3.7727897e+002  4.1200000e+000
  1.5600000e+001  3.7883091e+002  4.2900000e+000
  1.5670000e+001  3.8100597e+002  4.3300000e+000
  1.5700000e+001  3.8205435e+002  4.2000000e+000
  1.5750000e+001  3.8380167e+002  4.2700000e+000
  1.5780000e+001  3.8485005e+002  4.0100000e+000
  1.5850000e+001  3.8729413e+002  3.8800000e+000
  1.5900000e+001  3.8906845e+002  3.7900000e+000
  1.5930000e+001  3.9023333e+002  3.8500000e+000
  1.6000000e+001  3.9295137e+002  4.0100000e+000
  1.6080000e+001  3.9605724e+002  3.6100000e+000
  1.6140000e+001  3.9838560e+002  3.7100000e+000
  1.6240000e+001  4.0226612e+002  3.4900000e+000
  1.6450000e+001  4.1041445e+002  3.5000000e+000
  1.6540000e+001  4.1390699e+002  3.3900000e+000
  1.6640000e+001  4.1778938e+002  3.7700000e+000
  1.6740000e+001  4.2163315e+002  4.0100000e+000
  1.6840000e+001  4.2512464e+002  4.6100000e+000
  1.6840000e+001  4.2512464e+002  4.5400000e+000
  1.6840000e+001  4.2512464e+002  4.0800000e+000
  1.6930000e+001  4.2792473e+002  4.7200000e+000
  1.6930000e+001  4.2792473e+002  4.5500000e+000
  1.7030000e+001  4.3098846e+002  4.8300000e+000
  1.7030000e+001  4.3098846e+002  5.1400000e+000
  1.7350000e+001  4.4016677e+002  4.3000000e+000
  1.7550000e+001  4.4570490e+002  4.5800000e+000
  1.7650000e+001  4.4836611e+002  4.6200000e+000
  1.7750000e+001  4.5102732e+002  4.6500000e+000
  1.7850000e+001  4.5368853e+002  4.7000000e+000
  1.7920000e+001  4.5549272e+002  4.6300000e+000
  1.8050000e+001  4.5852071e+002  4.6600000e+000
  1.8150000e+001  4.6084813e+002  4.2700000e+000
  1.8150000e+001  4.6084813e+002  4.5100000e+000
  1.8300000e+001  4.6434247e+002  4.6300000e+000
  1.8410000e+001  4.6690315e+002  4.5100000e+000
  1.8410000e+001  4.6690315e+002  4.6500000e+000
  1.8450000e+001  4.6783505e+002  4.4100000e+000
  1.8550000e+001  4.7016340e+002  4.5100000e+000
  1.8650000e+001  4.7249222e+002  4.4100000e+000
  1.8750000e+001  4.7482153e+002  4.4000000e+000
  1.8850000e+001  4.7714938e+002  4.2700000e+000
  1.8950000e+001  4.7947913e+002  4.1100000e+000
  1.8950000e+001  4.7947913e+002  4.0300000e+000
  1.9050000e+001  4.8180599e+002  4.0300000e+000
  1.9150000e+001  4.8413530e+002  3.8900000e+000
  1.9250000e+001  4.8646272e+002  3.7600000e+000
  1.9500000e+001  4.9228476e+002  3.8900000e+000
  1.9650000e+001  4.9577867e+002  3.8900000e+000
  1.9730000e+001  4.9764086e+002  3.7600000e+000
  1.9850000e+001  5.0043656e+002  3.7800000e+000
  1.9900000e+001  5.0159960e+002  3.9400000e+000
  1.9950000e+001  5.0276397e+002  3.9500000e+000
  2.0150000e+001  5.0742088e+002  4.2200000e+000
  2.0150000e+001  5.0742088e+002  4.1400000e+000
  2.0250000e+001  5.0974989e+002  4.2300000e+000
  2.0350000e+001  5.1223609e+002  4.2300000e+000
  2.0450000e+001  5.1489730e+002  4.3300000e+000
  2.0550000e+001  5.1755851e+002  4.1400000e+000
  2.0650000e+001  5.2021971e+002  4.2200000e+000
  2.0750000e+001  5.2295621e+002  4.0300000e+000
  2.0840000e+001  5.2547144e+002  3.8200000e+000
  2.0900000e+001  5.2714826e+002  4.0000000e+000
  2.0900000e+001  5.2714826e+002  4.1300000e+000
  2.1030000e+001  5.3078058e+002  4.1000000e+000
  2.1100000e+001  5.3273592e+002  4.0700000e+000
  2.1220000e+001  5.3608793e+002  4.6900000e+000
  2.1340000e+001  5.3944113e+002  4.4200000e+000
  2.1450000e+001  5.4251530e+002  4.3100000e+000
  2.1550000e+001  5.4533207e+002  4.3200000e+000
  2.1650000e+001  5.4824295e+002  4.5000000e+000
  2.1750000e+001  5.5115383e+002  4.6300000e+000
  2.1950000e+001  5.5746423e+002  4.5300000e+000
  2.2050000e+001  5.6095759e+002  4.2400000e+000
  2.2150000e+001  5.6444924e+002  4.0600000e+000
  2.2150000e+001  5.6444924e+002  3.9600000e+000
  2.2250000e+001  5.6794386e+002  3.7700000e+000
  2.2350000e+001  5.7143556e+002  3.7200000e+000
  2.2420000e+001  5.7388123e+002  3.5800000e+000
  2.2550000e+001  5.7815113e+002  3.8700000e+000
  2.2550000e+001  5.7815113e+002  3.4800000e+000
  2.2600000e+001  5.7970337e+002  3.7900000e+000
  2.2640000e+001  5.8094516e+002  4.2500000e+000
  2.2640000e+001  5.8094516e+002  3.8300000e+000
  2.2700000e+001  5.8270598e+002  4.4100000e+000
  2.2750000e+001  5.8416120e+002  4.0600000e+000
  2.2790000e+001  5.8532537e+002  4.3300000e+000
  2.2850000e+001  5.8707163e+002  4.0700000e+000
  2.2850000e+001  5.8707163e+002  4.3000000e+000
  2.2900000e+001  5.8849305e+002  3.9600000e+000
  2.3000000e+001  5.9128775e+002  4.1800000e+000
  2.3100000e+001  5.9408245e+002  4.1600000e+000
  2.3250000e+001  5.9827449e+002  4.0800000e+000
  2.3300000e+001  5.9967184e+002  4.3400000e+000
  2.3350000e+001  6.0106919e+002  4.2300000e+000
  2.3400000e+001  6.0246654e+002  4.1400000e+000
  2.3450000e+001  6.0386368e+002  4.0000000e+000
  2.3500000e+001  6.0526052e+002  4.0400000e+000
  2.3550000e+001  6.0665737e+002  4.1800000e+000
  2.3600000e+001  6.0805422e+002  3.9800000e+000
  2.3650000e+001  6.0945107e+002  3.9200000e+000
  2.3700000e+001  6.1084792e+002  3.6900000e+000
  2.3750000e+001  6.1224503e+002  3.7100000e+000
  2.3850000e+001  6.1503937e+002  3.7800000e+000
  2.3920000e+001  6.1699541e+002  3.6500000e+000
  2.3920000e+001  6.1699541e+002  4.0000000e+000
  2.4050000e+001  6.2054458e+002  4.4100000e+000
  2.4050000e+001  6.2054458e+002  4.3100000e+000
  2.4150000e+001  6.2320579e+002  4.5200000e+000
  2.4150000e+001  6.2320579e+002  4.6000000e+000
  2.4150000e+001  6.2320579e+002  4.4200000e+000
  2.4220000e+001  6.2506863e+002  4.7400000e+000
  2.4220000e+001  6.2506863e+002  5.0000000e+000
  2.4350000e+001  6.2852820e+002  5.1800000e+000
  2.4400000e+001  6.2978622e+002  4.8900000e+000
  2.4400000e+001  6.2978622e+002  5.2000000e+000
  2.4550000e+001  6.3328065e+002  4.7700000e+000
  2.4650000e+001  6.3560826e+002  4.9500000e+000
  2.4750000e+001  6.3793734e+002  5.0500000e+000
  2.4850000e+001  6.4026443e+002  5.0600000e+000
  2.4850000e+001  6.4026443e+002  4.6700000e+000
  2.4850000e+001  6.4026443e+002  5.1300000e+000
  2.4950000e+001  6.4259418e+002  4.9600000e+000
  2.5050000e+001  6.4492159e+002  4.6800000e+000
  2.5150000e+001  6.4725134e+002  5.0600000e+000
  2.5150000e+001  6.4725134e+002  4.9800000e+000
  2.5150000e+001  6.4725134e+002  4.6900000e+000
  2.5250000e+001  6.4957965e+002  4.8700000e+000
  2.5250000e+001  6.4957965e+002  4.7200000e+000
  2.5320000e+001  6.5120959e+002  4.7400000e+000
  2.5350000e+001  6.5190851e+002  4.7800000e+000
  2.5420000e+001  6.5366231e+002  4.8400000e+000
  2.5550000e+001  6.5712188e+002  4.6700000e+000
  2.5550000e+001  6.5712188e+002  4.8300000e+000
  2.5640000e+001  6.5951697e+002  4.9200000e+000
  2.5650000e+001  6.5978309e+002  4.7500000e+000
  2.5730000e+001  6.6191205e+002  4.5600000e+000
  2.5750000e+001  6.6244429e+002  4.6200000e+000
  2.5840000e+001  6.6492765e+002  4.7100000e+000
  2.5840000e+001  6.6492765e+002  4.7100000e+000
  2.5870000e+001  6.6576595e+002  4.5300000e+000
  2.5940000e+001  6.6772199e+002  4.9200000e+000
  2.5950000e+001  6.6800142e+002  4.8100000e+000
  2.6040000e+001  6.7051632e+002  4.4100000e+000
  2.6140000e+001  6.7331098e+002  4.6200000e+000
  2.6180000e+001  6.7442885e+002  4.3300000e+000
  2.6250000e+001  6.7638514e+002  4.4600000e+000
  2.6250000e+001  6.7638514e+002  4.4300000e+000
  2.6250000e+001  6.7638514e+002  4.3500000e+000
  2.6350000e+001  6.7917966e+002  4.5700000e+000
  2.6350000e+001  6.7917966e+002  4.2400000e+000
  2.6450000e+001  6.8197336e+002  4.3400000e+000
  2.6450000e+001  6.8197336e+002  4.2300000e+000
  2.6500000e+001  6.8337020e+002  4.3200000e+000
  2.6550000e+001  6.8476705e+002  4.2800000e+000
  2.6600000e+001  6.8616390e+002  4.3300000e+000
  2.6600000e+001  6.8616390e+002  4.2000000e+000
  2.6640000e+001  6.8728156e+002  4.1600000e+000
  2.6700000e+001  6.8895817e+002  4.2000000e+000
  2.6740000e+001  6.9007590e+002  4.0100000e+000
  2.6800000e+001  6.9175251e+002  3.6700000e+000
  2.6830000e+001  6.9259081e+002  4.4700000e+000
  2.6840000e+001  6.9287024e+002  3.8900000e+000
  2.6900000e+001  6.9454688e+002  3.9200000e+000
  2.6900000e+001  6.9454688e+002  3.8500000e+000
  2.7000000e+001  6.9734158e+002  3.9700000e+000
  2.7100000e+001  7.0013627e+002  4.0900000e+000
  2.7100000e+001  7.0013627e+002  3.9300000e+000
  2.7200000e+001  7.0288999e+002  4.1800000e+000
  2.7300000e+001  7.0555120e+002  4.3200000e+000
  2.7400000e+001  7.0821241e+002  4.2500000e+000
  2.7500000e+001  7.1087361e+002  4.0700000e+000
  2.7500000e+001  7.1087361e+002  4.2800000e+000
  2.7500000e+001  7.1087361e+002  4.5000000e+000
  2.7600000e+001  7.1340257e+002  4.5300000e+000
  2.7700000e+001  7.1548645e+002  4.6900000e+000
  2.7800000e+001  7.1752384e+002  4.7900000e+000
  2.7900000e+001  7.1956124e+002  4.9000000e+000
  2.8000000e+001  7.2159863e+002  4.9700000e+000
  2.8100000e+001  7.2374566e+002  4.5700000e+000
  2.8140000e+001  7.2467665e+002  4.4100000e+000
  2.8200000e+001  7.2607308e+002  4.3800000e+000
  2.8240000e+001  7.2700497e+002  4.3700000e+000
  2.8300000e+001  7.2840282e+002  4.3600000e+000
  2.8340000e+001  7.2933472e+002  4.3300000e+000
  2.8400000e+001  7.3073024e+002  4.2000000e+000
  2.8410000e+001  7.3096322e+002  4.4100000e+000
  2.8770000e+001  7.3934799e+002  4.3700000e+000
  2.8850000e+001  7.4120935e+002  4.3300000e+000
  2.8950000e+001  7.4353820e+002  4.6300000e+000
  2.9050000e+001  7.4586635e+002  4.7300000e+000
  2.9120000e+001  7.4749645e+002  4.7600000e+000
  2.9250000e+001  7.5052449e+002  4.7100000e+000
  2.9350000e+001  7.5285254e+002  4.6400000e+000
  2.9460000e+001  7.5541519e+002  4.6700000e+000
  2.9550000e+001  7.5750971e+002  4.5800000e+000
  2.9650000e+001  7.5983946e+002  4.3700000e+000
  2.9750000e+001  7.6216688e+002  4.3900000e+000
  2.9850000e+001  7.6450027e+002  4.5200000e+000
  2.9940000e+001  7.6689513e+002  4.6000000e+000
  3.0050000e+001  7.6982217e+002  4.2400000e+000
  3.0160000e+001  7.7274922e+002  4.0200000e+000
  3.0240000e+001  7.7487798e+002  3.8500000e+000
  3.0310000e+001  7.7674083e+002  3.8000000e+000
  3.0430000e+001  7.7993428e+002  3.6600000e+000
  3.0550000e+001  7.8312773e+002  3.7300000e+000
  3.0650000e+001  7.8578902e+002  3.8800000e+000
  3.0740000e+001  7.8818449e+002  4.0100000e+000
  3.0850000e+001  7.9111228e+002  4.6100000e+000
  3.0950000e+001  7.9377392e+002  4.5800000e+000
  3.1050000e+001  7.9643543e+002  4.6900000e+000
  3.1150000e+001  7.9909664e+002  4.7100000e+000
  3.1250000e+001  8.0175784e+002  4.6800000e+000
  3.1350000e+001  8.0441905e+002  4.6500000e+000
  3.1450000e+001  8.0695430e+002  4.7000000e+000
  3.1520000e+001  8.0858295e+002  4.6700000e+000
  3.1620000e+001  8.1091255e+002  4.4700000e+000
  3.1740000e+001  8.1370621e+002  4.0900000e+000
  3.1840000e+001  8.1603567e+002  4.1900000e+000
  3.1930000e+001  8.1813179e+002  3.9200000e+000
  3.2040000e+001  8.2069184e+002  3.9800000e+000
  3.2150000e+001  8.2325405e+002  4.1400000e+000
  3.2250000e+001  8.2558198e+002  4.0400000e+000
  3.2350000e+001  8.2791173e+002  4.2000000e+000
  3.2450000e+001  8.3023915e+002  4.0600000e+000
  3.2550000e+001  8.3256890e+002  4.0600000e+000
  3.2750000e+001  8.3722606e+002  4.1200000e+000
  3.2850000e+001  8.3955405e+002  3.9800000e+000
  3.2950000e+001  8.4188323e+002  3.8600000e+000
  3.3050000e+001  8.4421219e+002  3.8700000e+000
  3.3150000e+001  8.4653940e+002  3.8200000e+000
  3.3250000e+001  8.4886915e+002  3.7100000e+000
  3.3340000e+001  8.5096359e+002  3.9700000e+000
  3.3430000e+001  8.5308788e+002  3.8900000e+000
  3.3550000e+001  8.5628133e+002  3.7100000e+000
  3.3650000e+001  8.5894254e+002  3.4900000e+000
  3.3650000e+001  8.5894254e+002  3.6500000e+000
  3.3750000e+001  8.6160375e+002  4.0100000e+000
  3.3850000e+001  8.6431501e+002  3.6400000e+000
  3.3950000e+001  8.6710971e+002  4.1800000e+000
  3.4050000e+001  8.6990441e+002  4.4900000e+000
  3.4150000e+001  8.7276669e+002  4.6200000e+000
  3.4250000e+001  8.7567713e+002  5.0900000e+000
  3.4350000e+001  8.7858772e+002  4.9900000e+000
  3.4450000e+001  8.8149860e+002  5.0400000e+000
  3.4550000e+001  8.8440948e+002  4.8600000e+000
  3.4670000e+001  8.8790254e+002  4.7600000e+000
  3.4700000e+001  8.8877581e+002  4.5800000e+000
  3.4700000e+001  8.8877581e+002  4.6400000e+000
  3.4700000e+001  8.8877581e+002  4.5600000e+000
  3.4750000e+001  8.9023125e+002  4.7500000e+000
  3.4800000e+001  8.9168669e+002  4.6000000e+000
  3.4850000e+001  8.9314213e+002  4.7500000e+000
  3.4900000e+001  8.9459757e+002  4.5500000e+000
  3.4930000e+001  8.9547084e+002  4.7400000e+000
  3.5030000e+001  8.9838152e+002  4.5400000e+000
  3.5030000e+001  8.9838152e+002  4.5600000e+000
  3.5050000e+001  8.9896360e+002  4.7400000e+000
  3.5100000e+001  9.0041882e+002  4.6200000e+000
  3.5150000e+001  9.0187404e+002  4.6000000e+000
  3.5200000e+001  9.0332925e+002  4.4900000e+000
  3.5250000e+001  9.0473598e+002  4.3700000e+000
  3.5300000e+001  9.0613333e+002  4.4800000e+000
  3.5350000e+001  9.0753068e+002  4.3700000e+000
  3.5360000e+001  9.0781015e+002  4.2100000e+000
  3.5450000e+001  9.1032537e+002  4.2100000e+000
  3.5500000e+001  9.1166267e+002  4.3300000e+000
  3.5550000e+001  9.1280560e+002  4.0200000e+000
  3.5600000e+001  9.1382440e+002  4.1800000e+000
  3.5650000e+001  9.1484321e+002  4.2600000e+000
  3.5730000e+001  9.1647331e+002  4.2900000e+000
  3.5750000e+001  9.1688083e+002  4.2100000e+000
  3.5800000e+001  9.1789964e+002  4.3000000e+000
  3.5850000e+001  9.1891845e+002  4.4800000e+000
  3.5880000e+001  9.1952973e+002  4.3600000e+000
  3.6000000e+001  9.2197485e+002  4.6000000e+000
  3.6050000e+001  9.2299355e+002  4.5900000e+000
  3.6100000e+001  9.2401225e+002  4.6100000e+000
  3.6150000e+001  9.2503094e+002  4.5600000e+000
  3.6200000e+001  9.2604964e+002  4.4900000e+000
  3.6250000e+001  9.2706834e+002  4.4000000e+000
  3.6300000e+001  9.2808703e+002  4.4900000e+000
  3.6350000e+001  9.2910573e+002  4.4300000e+000
  3.6410000e+001  9.3032817e+002  4.2200000e+000
  3.6430000e+001  9.3073564e+002  4.2000000e+000
  3.6500000e+001  9.3216196e+002  4.2500000e+000
  3.6550000e+001  9.3318077e+002  4.2600000e+000
  3.6600000e+001  9.3419958e+002  4.1600000e+000
  3.6650000e+001  9.3521839e+002  4.2000000e+000
  3.6700000e+001  9.3623720e+002  4.0300000e+000
  3.6750000e+001  9.3725601e+002  4.1800000e+000
  3.6800000e+001  9.3827482e+002  3.8300000e+000
  3.6850000e+001  9.3929362e+002  4.2000000e+000
  3.6920000e+001  9.4082834e+002  3.9100000e+000
  3.7000000e+001  9.4269214e+002  3.8100000e+000
  3.7050000e+001  9.4385701e+002  3.9700000e+000
  3.7100000e+001  9.4501981e+002  3.7300000e+000
  3.7150000e+001  9.4618443e+002  3.6500000e+000
  3.7230000e+001  9.4804823e+002  3.7400000e+000
  3.7230000e+001  9.4804823e+002  3.6100000e+000
  3.7250000e+001  9.4851418e+002  3.6600000e+000
  3.7300000e+001  9.4967748e+002  3.2700000e+000
  3.7300000e+001  9.4967748e+002  3.4400000e+000
  3.7360000e+001  9.5107357e+002  3.5600000e+000
  3.7410000e+001  9.5223845e+002  3.4600000e+000
  3.7450000e+001  9.5317035e+002  3.8400000e+000
  3.7500000e+001  9.5433509e+002  3.6000000e+000
  3.7550000e+001  9.5549788e+002  3.5400000e+000
  3.7600000e+001  9.5666264e+002  3.5400000e+000
  3.7650000e+001  9.5782752e+002  3.8200000e+000
  3.7650000e+001  9.5782752e+002  3.8100000e+000
  3.7750000e+001  9.6007021e+002  4.0500000e+000
  3.7750000e+001  9.6007021e+002  4.3100000e+000
  3.7850000e+001  9.6210783e+002  4.5500000e+000
  3.7850000e+001  9.6210783e+002  4.4000000e+000
  3.7950000e+001  9.6414545e+002  4.6400000e+000
  3.7950000e+001  9.6414545e+002  4.5300000e+000
  3.8020000e+001  9.6557178e+002  4.3300000e+000
  3.8150000e+001  9.6822068e+002  4.1900000e+000
  3.8250000e+001  9.7025811e+002  4.2700000e+000
  3.8330000e+001  9.7188803e+002  4.0900000e+000
  3.8430000e+001  9.7392542e+002  4.0700000e+000
  3.8550000e+001  9.7637029e+002  4.1400000e+000
  3.8650000e+001  9.7851316e+002  4.2000000e+000
  3.8750000e+001  9.8131108e+002  4.0000000e+000
  3.8860000e+001  9.8451305e+002  4.2400000e+000
  3.8950000e+001  9.8746791e+002  4.1300000e+000
  3.9050000e+001  9.9149605e+002  4.0900000e+000
  3.9150000e+001  9.9615089e+002  3.8600000e+000
  3.9350000e+001  1.0031307e+003  4.3000000e+000
  3.9460000e+001  1.0065278e+003  4.1000000e+000
  3.9570000e+001  1.0097298e+003  4.3100000e+000
  3.9650000e+001  1.0120585e+003  4.1700000e+000
  3.9750000e+001  1.0148812e+003  4.0300000e+000
  3.9830000e+001  1.0171169e+003  3.9000000e+000
  3.9920000e+001  1.0196322e+003  4.0200000e+000
  4.0050000e+001  1.0232643e+003  3.8500000e+000
  4.0150000e+001  1.0260580e+003  3.9100000e+000
  4.0250000e+001  1.0288285e+003  4.0100000e+000
  4.0350000e+001  1.0314904e+003  4.0500000e+000
  4.0450000e+001  1.0341523e+003  4.3500000e+000
  4.0550000e+001  1.0368142e+003  4.4700000e+000
  4.0630000e+001  1.0389205e+003  4.6200000e+000
  4.0750000e+001  1.0417141e+003  4.4700000e+000
  4.0850000e+001  1.0440437e+003  4.5900000e+000
  4.0950000e+001  1.0463713e+003  4.1900000e+000
  4.1010000e+001  1.0477691e+003  4.3000000e+000
  4.1150000e+001  1.0510285e+003  4.2700000e+000
  4.1250000e+001  1.0533582e+003  4.3700000e+000
  4.1330000e+001  1.0552205e+003  4.3600000e+000
  4.1420000e+001  1.0573165e+003  4.3700000e+000
  4.1550000e+001  1.0603437e+003  4.4200000e+000
  4.1650000e+001  1.0626725e+003  3.6900000e+000
  4.1750000e+001  1.0650019e+003  3.5700000e+000
  4.1850000e+001  1.0673297e+003  3.4800000e+000
  4.1950000e+001  1.0696595e+003  3.4400000e+000
  4.2050000e+001  1.0719869e+003  3.4300000e+000
  4.2150000e+001  1.0743166e+003  3.4500000e+000
  4.2250000e+001  1.0766441e+003  3.6500000e+000
  4.2350000e+001  1.0789738e+003  3.7400000e+000
  4.2450000e+001  1.0813019e+003  3.8500000e+000
  4.2520000e+001  1.0829320e+003  4.0600000e+000
  4.2650000e+001  1.0859600e+003  4.0700000e+000
  4.2750000e+001  1.0882881e+003  4.0600000e+000
  4.2830000e+001  1.0901519e+003  4.2700000e+000
  4.2920000e+001  1.0922464e+003  4.1300000e+000
  4.3050000e+001  1.0952751e+003  4.1800000e+000
  4.3150000e+001  1.0976025e+003  4.2600000e+000
  4.3250000e+001  1.0999322e+003  4.4300000e+000
  4.3350000e+001  1.1022600e+003  4.2200000e+000
  4.3450000e+001  1.1045894e+003  4.0400000e+000
  4.3550000e+001  1.1069181e+003  3.8700000e+000
  4.3650000e+001  1.1092466e+003  3.8200000e+000
  4.3650000e+001  1.1092466e+003  3.7600000e+000
  4.3750000e+001  1.1115763e+003  3.8000000e+000
  4.3850000e+001  1.1139037e+003  4.2600000e+000
  4.3950000e+001  1.1159735e+003  4.2600000e+000
  4.4010000e+001  1.1171961e+003  4.6200000e+000
  4.4150000e+001  1.1200487e+003  4.2000000e+000
  4.4150000e+001  1.1200487e+003  4.3300000e+000
  4.4200000e+001  1.1210675e+003  4.3800000e+000
  4.4250000e+001  1.1220863e+003  4.6900000e+000
  4.4300000e+001  1.1231051e+003  4.3700000e+000
  4.4330000e+001  1.1237164e+003  4.6100000e+000
  4.4380000e+001  1.1247352e+003  4.6000000e+000
  4.4420000e+001  1.1255503e+003  4.6100000e+000
  4.4530000e+001  1.1277917e+003  4.5500000e+000
  4.4550000e+001  1.1281992e+003  4.7100000e+000
  4.4600000e+001  1.1292180e+003  4.5800000e+000
  4.4650000e+001  1.1302368e+003  4.4200000e+000
  4.4700000e+001  1.1312556e+003  3.8000000e+000
  4.4750000e+001  1.1322744e+003  4.3000000e+000
  4.4800000e+001  1.1332932e+003  4.5300000e+000
  4.4850000e+001  1.1343120e+003  4.5000000e+000
  4.4910000e+001  1.1355346e+003  4.4000000e+000
  4.4950000e+001  1.1363497e+003  4.1800000e+000
  4.5020000e+001  1.1377760e+003  4.1500000e+000
  4.5050000e+001  1.1383873e+003  4.0400000e+000
  4.5100000e+001  1.1394061e+003  4.0500000e+000
  4.5150000e+001  1.1404249e+003  4.1700000e+000
  4.5230000e+001  1.1420550e+003  4.1100000e+000
  4.5300000e+001  1.1434813e+003  4.1500000e+000
  4.5410000e+001  1.1457227e+003  4.0000000e+000
  4.5510000e+001  1.1477603e+003  4.0000000e+000
  4.5600000e+001  1.1495942e+003  3.9800000e+000
  4.5700000e+001  1.1516318e+003  3.9300000e+000
  4.5800000e+001  1.1536694e+003  3.9800000e+000
  4.5910000e+001  1.1559108e+003  3.9600000e+000
  4.6000000e+001  1.1577446e+003  3.9700000e+000
  4.6100000e+001  1.1597823e+003  3.7300000e+000
  4.6200000e+001  1.1618199e+003  3.7400000e+000
  4.6300000e+001  1.1638575e+003  3.7800000e+000
  4.6350000e+001  1.1648763e+003  3.7400000e+000
  4.6410000e+001  1.1660989e+003  3.8200000e+000
  4.6450000e+001  1.1669139e+003  3.9200000e+000
  4.6450000e+001  1.1669139e+003  3.5900000e+000
  4.6510000e+001  1.1681365e+003  3.8000000e+000
  4.6510000e+001  1.1681365e+003  3.5800000e+000
  4.6550000e+001  1.1689513e+003  3.7100000e+000
  4.6600000e+001  1.1699690e+003  3.7100000e+000
  4.6650000e+001  1.1709867e+003  3.7200000e+000
  4.6730000e+001  1.1726150e+003  3.8300000e+000
  4.6750000e+001  1.1730221e+003  3.9600000e+000
  4.6800000e+001  1.1740398e+003  3.8800000e+000
  4.6870000e+001  1.1754645e+003  3.9600000e+000
  4.6910000e+001  1.1762787e+003  3.8500000e+000
  4.6950000e+001  1.1770928e+003  3.9800000e+000
  4.7000000e+001  1.1781108e+003  3.8800000e+000
  4.7030000e+001  1.1787221e+003  4.0100000e+000
  4.7100000e+001  1.1801484e+003  3.8800000e+000
  4.7150000e+001  1.1811672e+003  4.3500000e+000
  4.7150000e+001  1.1811672e+003  3.4000000e+000
  4.7250000e+001  1.1832049e+003  3.8700000e+000
  4.7250000e+001  1.1832049e+003  3.7100000e+000
  4.7250000e+001  1.1832049e+003  4.0500000e+000
  4.7350000e+001  1.1852425e+003  4.1500000e+000
  4.7450000e+001  1.1872801e+003  4.0000000e+000
  4.7450000e+001  1.1872801e+003  3.9600000e+000
  4.7450000e+001  1.1872801e+003  3.8500000e+000
  4.7550000e+001  1.1893177e+003  3.9300000e+000
  4.7560000e+001  1.1895215e+003  3.8800000e+000
  4.7650000e+001  1.1913553e+003  4.2700000e+000
  4.7650000e+001  1.1913553e+003  4.0400000e+000
  4.7750000e+001  1.1933929e+003  4.3300000e+000
  4.7750000e+001  1.1933929e+003  4.2500000e+000
  4.7850000e+001  1.1954306e+003  4.5100000e+000
  4.7850000e+001  1.1954306e+003  4.6800000e+000
  4.7950000e+001  1.1974682e+003  4.4900000e+000
  4.7950000e+001  1.1974682e+003  4.5800000e+000
  4.8050000e+001  1.1995058e+003  4.5300000e+000
  4.8050000e+001  1.1995058e+003  4.4100000e+000
  4.8150000e+001  1.2015434e+003  4.3800000e+000
  4.8150000e+001  1.2015434e+003  4.4600000e+000
  4.8150000e+001  1.2015434e+003  4.4300000e+000
  4.8250000e+001  1.2035810e+003  4.3900000e+000
  4.8250000e+001  1.2035810e+003  4.4900000e+000
  4.8350000e+001  1.2056187e+003  4.5100000e+000
  4.8350000e+001  1.2056187e+003  4.3600000e+000
  4.8450000e+001  1.2076563e+003  4.3800000e+000
  4.8450000e+001  1.2076563e+003  4.3200000e+000
  4.8530000e+001  1.2092864e+003  4.3500000e+000
  4.8550000e+001  1.2096939e+003  4.2000000e+000
  4.8650000e+001  1.2117315e+003  3.8800000e+000
  4.8750000e+001  1.2137691e+003  4.2500000e+000
  4.8850000e+001  1.2160982e+003  4.1500000e+000
  4.8950000e+001  1.2187594e+003  3.9600000e+000
  4.9060000e+001  1.2216867e+003  3.7800000e+000
  4.9150000e+001  1.2240818e+003  3.5400000e+000
  4.9250000e+001  1.2267430e+003  3.5700000e+000
  4.9350000e+001  1.2294042e+003  3.5800000e+000
  4.9450000e+001  1.2320655e+003  3.4800000e+000
  4.9550000e+001  1.2347267e+003  3.4200000e+000
  4.9660000e+001  1.2374916e+003  3.4600000e+000
  4.9750000e+001  1.2395884e+003  3.0400000e+000
  4.9850000e+001  1.2419158e+003  3.7100000e+000
  4.9950000e+001  1.2442455e+003  3.8500000e+000
  5.0050000e+001  1.2465733e+003  4.0700000e+000
  5.0150000e+001  1.2489027e+003  4.4200000e+000
  5.0650000e+001  1.2615876e+003  3.9900000e+000
  5.0750000e+001  1.2642489e+003  4.3500000e+000
  5.0850000e+001  1.2669108e+003  4.2100000e+000
  5.0930000e+001  1.2690403e+003  4.0000000e+000
  5.1040000e+001  1.2719684e+003  3.9300000e+000
  5.1040000e+001  1.2719684e+003  3.9700000e+000
  5.1240000e+001  1.2772914e+003  3.8300000e+000
  5.1340000e+001  1.2799526e+003  3.5900000e+000
  5.1440000e+001  1.2826138e+003  3.8600000e+000
  5.1510000e+001  1.2844733e+003  3.9700000e+000
  5.1650000e+001  1.2874861e+003  4.4000000e+000
  5.1750000e+001  1.2895237e+003  4.3500000e+000
  5.1850000e+001  1.2915613e+003  4.3000000e+000
  5.1950000e+001  1.2935989e+003  4.2400000e+000
  5.2060000e+001  1.2958403e+003  4.4300000e+000
  5.2150000e+001  1.2976741e+003  4.0800000e+000
  5.2150000e+001  1.2976741e+003  4.4000000e+000
  5.2250000e+001  1.2997118e+003  4.2800000e+000
  5.2350000e+001  1.3017494e+003  4.2700000e+000
  5.2350000e+001  1.3017494e+003  4.2500000e+000
  5.2450000e+001  1.3037870e+003  4.2800000e+000
  5.2450000e+001  1.3037870e+003  4.0600000e+000
  5.2550000e+001  1.3060910e+003  4.2800000e+000
  5.2550000e+001  1.3060910e+003  4.1000000e+000
  5.2650000e+001  1.3084208e+003  3.8300000e+000
  5.2650000e+001  1.3084208e+003  4.0300000e+000
  5.2650000e+001  1.3084208e+003  3.9000000e+000
  5.2750000e+001  1.3107482e+003  4.0700000e+000
  5.2750000e+001  1.3107482e+003  3.7800000e+000
  5.2850000e+001  1.3130780e+003  3.5400000e+000
  5.2850000e+001  1.3130780e+003  4.0100000e+000
  5.2850000e+001  1.3130780e+003  3.8600000e+000
  5.2950000e+001  1.3154058e+003  3.7900000e+000
  5.2950000e+001  1.3154058e+003  3.7200000e+000
  5.2950000e+001  1.3154058e+003  3.6000000e+000
  5.2950000e+001  1.3154058e+003  3.5800000e+000
  5.3020000e+001  1.3170362e+003  3.8000000e+000
  5.3060000e+001  1.3179681e+003  3.8200000e+000
  5.3060000e+001  1.3179681e+003  3.8500000e+000
  5.3150000e+001  1.3200640e+003  4.0600000e+000
  5.3150000e+001  1.3200640e+003  4.3100000e+000
  5.3250000e+001  1.3223923e+003  4.0900000e+000
  5.3250000e+001  1.3223923e+003  4.2300000e+000
  5.3350000e+001  1.3247220e+003  4.1200000e+000
  5.3350000e+001  1.3247220e+003  4.2800000e+000
  5.3450000e+001  1.3270495e+003  4.3000000e+000
  5.3450000e+001  1.3270495e+003  4.3300000e+000
  5.3550000e+001  1.3293792e+003  4.5200000e+000
  5.3550000e+001  1.3293792e+003  4.2900000e+000
  5.3650000e+001  1.3317066e+003  4.2300000e+000
  5.3650000e+001  1.3317066e+003  4.3300000e+000
  5.3750000e+001  1.3340364e+003  4.3400000e+000
  5.3750000e+001  1.3340364e+003  4.3200000e+000
  5.3850000e+001  1.3363640e+003  4.3200000e+000
  5.3850000e+001  1.3363640e+003  4.1800000e+000
  5.3950000e+001  1.3386935e+003  4.3800000e+000
  5.4000000e+001  1.3398584e+003  4.0100000e+000
  5.4050000e+001  1.3410221e+003  4.2300000e+000
  5.4130000e+001  1.3428848e+003  4.1000000e+000
  5.4150000e+001  1.3433507e+003  4.2100000e+000
  5.4200000e+001  1.3445156e+003  3.5600000e+000
  5.4250000e+001  1.3456802e+003  4.1000000e+000
  5.4280000e+001  1.3463779e+003  3.6700000e+000
  5.4350000e+001  1.3478627e+003  3.7400000e+000
  5.4400000e+001  1.3488815e+003  3.4100000e+000
  5.4450000e+001  1.3499003e+003  3.6200000e+000
  5.4500000e+001  1.3509191e+003  3.4300000e+000
  5.4520000e+001  1.3513266e+003  3.4400000e+000
  5.4600000e+001  1.3529567e+003  3.5400000e+000
  5.4650000e+001  1.3539755e+003  3.5700000e+000
  5.4700000e+001  1.3549944e+003  3.7800000e+000
  5.4750000e+001  1.3560102e+003  3.6900000e+000
  5.4800000e+001  1.3569806e+003  3.9100000e+000
  5.4850000e+001  1.3579510e+003  3.4900000e+000
  5.4930000e+001  1.3595037e+003  4.0400000e+000
  5.4950000e+001  1.3598919e+003  3.6300000e+000
  5.5000000e+001  1.3608624e+003  4.1600000e+000
  5.5100000e+001  1.3627891e+003  4.1500000e+000
  5.5150000e+001  1.3637207e+003  4.1400000e+000
  5.5200000e+001  1.3646522e+003  4.0600000e+000
  5.5250000e+001  1.3655838e+003  4.0200000e+000
  5.5300000e+001  1.3665154e+003  4.3000000e+000
  5.5330000e+001  1.3670743e+003  4.2800000e+000
  5.5400000e+001  1.3683329e+003  4.3000000e+000
  5.5450000e+001  1.3692062e+003  4.3600000e+000
  5.5500000e+001  1.3700794e+003  4.0100000e+000
  5.5550000e+001  1.3709527e+003  4.3400000e+000
  5.5600000e+001  1.3717953e+003  4.3100000e+000
  5.5600000e+001  1.3717953e+003  4.2200000e+000
  5.5640000e+001  1.3724161e+003  4.4300000e+000
  5.6100000e+001  1.3795566e+003  4.1000000e+000
  5.6200000e+001  1.3811097e+003  4.2000000e+000
  5.6300000e+001  1.3826625e+003  3.8300000e+000
  5.6400000e+001  1.3842147e+003  3.7100000e+000
  5.6500000e+001  1.3857670e+003  3.6900000e+000
  5.6500000e+001  1.3857670e+003  3.9900000e+000
  5.6600000e+001  1.3873192e+003  4.0200000e+000
  5.6600000e+001  1.3873192e+003  3.5400000e+000
  5.6700000e+001  1.3888714e+003  3.7300000e+000
  5.6800000e+001  1.3905080e+003  3.7700000e+000
  5.6900000e+001  1.3922545e+003  3.5200000e+000
  5.7000000e+001  1.3940011e+003  3.5200000e+000
  5.7000000e+001  1.3940011e+003  3.5500000e+000
  5.7120000e+001  1.3960969e+003  3.4800000e+000
  5.7120000e+001  1.3960969e+003  3.5100000e+000
  5.7200000e+001  1.3974941e+003  3.6600000e+000
  5.7300000e+001  1.3992406e+003  3.7200000e+000
  5.7400000e+001  1.4009872e+003  3.8400000e+000
  5.7500000e+001  1.4027337e+003  3.7500000e+000
  5.7560000e+001  1.4037816e+003  4.0300000e+000
  5.7560000e+001  1.4037816e+003  3.7300000e+000
  5.7600000e+001  1.4044802e+003  4.0500000e+000
  5.7650000e+001  1.4053535e+003  3.5000000e+000
  5.7700000e+001  1.4062268e+003  3.7500000e+000
  5.7700000e+001  1.4062268e+003  4.0600000e+000
  5.7750000e+001  1.4071000e+003  4.0100000e+000
  5.7750000e+001  1.4071000e+003  4.0900000e+000
  5.7800000e+001  1.4079733e+003  3.9000000e+000
  5.7800000e+001  1.4079733e+003  3.8700000e+000
  5.7850000e+001  1.4088466e+003  4.2100000e+000
  5.7850000e+001  1.4088466e+003  4.1200000e+000
  5.7900000e+001  1.4097512e+003  4.2700000e+000
  5.7950000e+001  1.4106827e+003  4.3300000e+000
  5.7950000e+001  1.4106827e+003  4.3700000e+000
  5.8050000e+001  1.4125459e+003  4.3900000e+000
  5.8050000e+001  1.4125459e+003  4.4200000e+000
  5.8100000e+001  1.4134774e+003  4.3100000e+000
  5.8150000e+001  1.4144090e+003  4.0300000e+000
  5.8200000e+001  1.4153777e+003  4.1400000e+000
  5.8200000e+001  1.4153777e+003  4.2900000e+000
  5.8250000e+001  1.4163482e+003  4.3000000e+000
  5.8250000e+001  1.4163482e+003  4.2200000e+000
  5.8300000e+001  1.4173186e+003  4.2100000e+000
  5.8350000e+001  1.4182891e+003  4.1800000e+000
  5.8400000e+001  1.4192595e+003  4.2400000e+000
  5.8450000e+001  1.4202299e+003  4.1100000e+000
  5.8500000e+001  1.4212129e+003  4.2500000e+000
  5.8550000e+001  1.4222317e+003  3.9700000e+000
  5.8600000e+001  1.4232505e+003  3.9100000e+000
  5.8650000e+001  1.4242693e+003  4.0200000e+000
  5.8700000e+001  1.4252881e+003  3.8700000e+000
  5.8750000e+001  1.4263069e+003  3.9300000e+000
  5.8850000e+001  1.4283445e+003  3.7500000e+000
  5.8900000e+001  1.4293633e+003  3.4400000e+000
  5.8950000e+001  1.4304262e+003  3.5300000e+000
  5.8950000e+001  1.4304262e+003  3.4300000e+000
  5.8950000e+001  1.4304262e+003  3.7300000e+000
  5.8980000e+001  1.4311185e+003  3.3100000e+000
  5.9100000e+001  1.4339120e+003  3.2700000e+000
  5.9200000e+001  1.4362400e+003  3.4700000e+000
  5.9300000e+001  1.4385692e+003  3.2800000e+000
  5.9400000e+001  1.4408981e+003  3.5300000e+000
  5.9500000e+001  1.4432264e+003  3.4300000e+000
  5.9600000e+001  1.4455561e+003  3.4900000e+000
  5.9700000e+001  1.4478835e+003  3.3700000e+000
  5.9800000e+001  1.4502133e+003  3.7500000e+000
  5.9800000e+001  1.4502133e+003  3.7400000e+000
  5.9900000e+001  1.4525407e+003  3.8100000e+000
  5.9900000e+001  1.4525407e+003  4.2100000e+000
  6.0000000e+001  1.4548705e+003  4.3400000e+000
  6.0100000e+001  1.4571981e+003  4.4300000e+000
  6.0200000e+001  1.4595276e+003  4.0500000e+000
  6.0300000e+001  1.4618563e+003  4.1200000e+000
  6.0400000e+001  1.4641848e+003  4.4000000e+000
  6.0500000e+001  1.4665144e+003  4.1700000e+000
  6.0600000e+001  1.4689991e+003  3.8100000e+000
  6.0700000e+001  1.4716610e+003  3.2400000e+000
  6.0700000e+001  1.4716610e+003  3.5200000e+000
  6.0800000e+001  1.4743229e+003  3.4900000e+000
  6.0900000e+001  1.4769847e+003  3.5300000e+000
  6.1000000e+001  1.4796462e+003  3.4500000e+000
  6.1000000e+001  1.4796462e+003  3.5700000e+000
  6.1100000e+001  1.4823075e+003  3.5200000e+000
  6.1200000e+001  1.4849687e+003  3.4600000e+000
  6.1200000e+001  1.4849687e+003  3.6600000e+000
  6.1300000e+001  1.4876299e+003  3.3900000e+000
  6.1400000e+001  1.4902911e+003  3.5000000e+000
  6.1400000e+001  1.4902911e+003  3.7400000e+000
  6.1500000e+001  1.4929523e+003  3.7800000e+000
  6.1500000e+001  1.4929523e+003  4.0800000e+000
  6.1600000e+001  1.4956135e+003  4.2200000e+000
  6.1700000e+001  1.4982747e+003  4.2500000e+000
  6.1800000e+001  1.5009359e+003  4.1300000e+000
  6.1900000e+001  1.5035971e+003  4.2600000e+000
  6.1980000e+001  1.5057261e+003  4.3600000e+000
  6.2100000e+001  1.5089195e+003  4.3100000e+000
  6.2100000e+001  1.5089195e+003  4.0900000e+000
  6.2200000e+001  1.5115813e+003  3.8800000e+000
  6.2300000e+001  1.5142432e+003  3.6700000e+000
  6.2400000e+001  1.5169051e+003  3.8800000e+000
  6.2500000e+001  1.5195670e+003  3.7100000e+000
  6.2600000e+001  1.5222282e+003  3.7000000e+000
  6.2600000e+001  1.5222282e+003  3.8500000e+000
  6.2700000e+001  1.5248894e+003  3.7900000e+000
  6.2800000e+001  1.5275506e+003  3.9200000e+000
  6.2900000e+001  1.5302119e+003  4.0400000e+000
  6.3000000e+001  1.5328731e+003  4.2900000e+000
  6.3000000e+001  1.5328731e+003  4.3000000e+000
  6.3100000e+001  1.5355343e+003  4.3700000e+000
  6.3200000e+001  1.5381955e+003  4.5800000e+000
  6.3300000e+001  1.5408726e+003  4.4900000e+000
  6.3400000e+001  1.5436673e+003  4.1200000e+000
  6.3480000e+001  1.5459030e+003  3.9400000e+000
  6.3700000e+001  1.5520514e+003  3.7700000e+000
  6.3800000e+001  1.5548461e+003  3.8400000e+000
  6.3900000e+001  1.5576402e+003  3.9700000e+000
  6.4000000e+001  1.5604339e+003  3.9000000e+000
  6.4100000e+001  1.5632276e+003  3.5000000e+000
  6.4100000e+001  1.5632276e+003  3.6600000e+000
  6.4200000e+001  1.5660220e+003  3.3300000e+000
  6.4300000e+001  1.5688167e+003  3.7500000e+000
  6.4300000e+001  1.5688167e+003  4.0500000e+000
  6.4400000e+001  1.5716114e+003  4.3200000e+000
  6.4500000e+001  1.5744061e+003  4.4500000e+000
  6.4600000e+001  1.5772008e+003  4.2400000e+000
  6.4600000e+001  1.5772008e+003  4.0400000e+000
  6.4620000e+001  1.5777598e+003  4.1600000e+000
  6.4620000e+001  1.5777598e+003  4.0400000e+000
  6.4700000e+001  1.5799955e+003  4.2600000e+000
  6.4700000e+001  1.5799955e+003  4.0300000e+000
  6.4800000e+001  1.5827902e+003  4.1800000e+000
  6.4800000e+001  1.5827902e+003  4.0100000e+000
  6.4900000e+001  1.5855849e+003  3.7600000e+000
  6.4900000e+001  1.5855849e+003  3.9300000e+000
  6.4980000e+001  1.5878205e+003  3.7200000e+000
  6.4980000e+001  1.5878205e+003  3.7900000e+000
  6.5000000e+001  1.5883793e+003  3.7400000e+000
  6.5100000e+001  1.5911730e+003  4.3800000e+000
  6.5100000e+001  1.5911730e+003  3.7900000e+000
  6.5200000e+001  1.5939666e+003  3.8700000e+000
  6.5200000e+001  1.5939666e+003  3.7500000e+000
  6.5300000e+001  1.5967609e+003  3.6100000e+000
  6.5300000e+001  1.5967609e+003  3.8000000e+000
  6.5400000e+001  1.5995556e+003  3.4700000e+000
  6.5400000e+001  1.5995556e+003  3.6100000e+000
  6.5400000e+001  1.5995556e+003  3.6200000e+000
  6.5500000e+001  1.6023503e+003  3.4900000e+000
  6.5500000e+001  1.6023503e+003  3.4500000e+000
  6.5570000e+001  1.6043066e+003  3.4800000e+000
  6.5600000e+001  1.6051450e+003  3.4000000e+000
  6.5700000e+001  1.6079397e+003  3.8200000e+000
  6.5700000e+001  1.6079397e+003  3.6400000e+000
  6.5700000e+001  1.6079397e+003  3.8100000e+000
  6.5800000e+001  1.6107344e+003  3.6500000e+000
  6.5800000e+001  1.6107344e+003  3.8400000e+000
  6.5900000e+001  1.6135291e+003  3.7800000e+000
  6.5900000e+001  1.6135291e+003  3.8600000e+000
  6.5980000e+001  1.6157649e+003  3.8900000e+000
  6.6000000e+001  1.6163238e+003  3.6700000e+000
  6.6080000e+001  1.6185596e+003  3.8200000e+000
  6.6200000e+001  1.6219120e+003  3.7000000e+000
  6.6300000e+001  1.6247057e+003  3.7400000e+000
  6.6400000e+001  1.6274998e+003  4.0200000e+000
  6.6500000e+001  1.6302945e+003  3.5900000e+000
  6.6700000e+001  1.6358839e+003  3.7000000e+000
  6.6700000e+001  1.6358839e+003  3.5400000e+000
  6.6800000e+001  1.6386786e+003  3.8100000e+000
  6.6800000e+001  1.6386786e+003  3.6100000e+000
  6.6900000e+001  1.6414733e+003  3.9500000e+000
  6.7000000e+001  1.6441568e+003  4.2600000e+000
  6.7000000e+001  1.6441568e+003  4.3100000e+000
  6.7080000e+001  1.6462858e+003  4.1600000e+000
  6.7080000e+001  1.6462858e+003  4.1700000e+000
  6.7200000e+001  1.6494792e+003  4.3400000e+000
  6.7300000e+001  1.6521404e+003  4.1700000e+000
  6.7400000e+001  1.6548016e+003  4.3500000e+000
  6.7400000e+001  1.6548016e+003  4.3100000e+000
  6.7400000e+001  1.6548016e+003  4.2800000e+000
  6.7500000e+001  1.6574628e+003  4.2100000e+000
  6.7500000e+001  1.6574628e+003  4.2600000e+000
  6.7500000e+001  1.6574628e+003  4.4000000e+000
  6.7600000e+001  1.6601240e+003  4.3500000e+000
  6.7600000e+001  1.6601240e+003  4.1700000e+000
  6.7700000e+001  1.6627853e+003  4.1100000e+000
  6.7700000e+001  1.6627853e+003  4.2800000e+000
  6.7800000e+001  1.6654471e+003  4.2800000e+000
  6.7800000e+001  1.6654471e+003  4.2200000e+000
  6.7900000e+001  1.6681090e+003  4.0600000e+000
  6.7900000e+001  1.6681090e+003  4.1500000e+000
  6.7900000e+001  1.6681090e+003  4.0000000e+000
  6.8000000e+001  1.6707709e+003  4.2600000e+000
  6.8000000e+001  1.6707709e+003  4.0900000e+000
  6.8000000e+001  1.6707709e+003  4.0400000e+000
  6.8100000e+001  1.6734327e+003  3.8300000e+000
  6.8100000e+001  1.6734327e+003  4.0400000e+000
  6.8100000e+001  1.6734327e+003  3.9400000e+000
  6.8180000e+001  1.6755617e+003  3.7900000e+000
  6.8180000e+001  1.6755617e+003  3.8200000e+000
  6.8200000e+001  1.6760939e+003  3.8600000e+000
  6.8300000e+001  1.6787551e+003  3.8400000e+000
  6.8300000e+001  1.6787551e+003  3.6900000e+000
  6.8400000e+001  1.6814164e+003  3.7800000e+000
  6.8400000e+001  1.6814164e+003  3.6600000e+000
  6.8400000e+001  1.6814164e+003  3.8600000e+000
  6.8500000e+001  1.6840770e+003  3.7300000e+000
  6.8600000e+001  1.6867357e+003  4.1600000e+000
  6.8700000e+001  1.6893943e+003  3.8300000e+000
  6.8700000e+001  1.6893943e+003  4.0300000e+000
  6.8800000e+001  1.6920530e+003  3.9700000e+000
  6.8800000e+001  1.6920530e+003  4.0600000e+000
  6.8900000e+001  1.6946149e+003  3.8900000e+000
  6.8900000e+001  1.6946149e+003  4.0400000e+000
  6.9000000e+001  1.6969440e+003  4.1100000e+000
  6.9100000e+001  1.6992543e+003  4.3900000e+000
  6.9200000e+001  1.7012919e+003  4.4900000e+000
  6.9300000e+001  1.7033295e+003  4.5500000e+000
  6.9410000e+001  1.7055709e+003  4.3600000e+000
  6.9500000e+001  1.7074048e+003  4.4400000e+000
  6.9600000e+001  1.7096162e+003  4.0600000e+000
  6.9600000e+001  1.7096162e+003  4.1800000e+000
  6.9680000e+001  1.7114788e+003  4.2200000e+000
  6.9800000e+001  1.7142734e+003  4.0800000e+000
  6.9900000e+001  1.7166021e+003  3.8800000e+000
  7.0000000e+001  1.7189305e+003  3.9100000e+000
  7.0100000e+001  1.7212602e+003  4.0400000e+000
  7.0200000e+001  1.7235877e+003  4.1700000e+000
  7.0310000e+001  1.7261504e+003  3.9900000e+000
  7.0310000e+001  1.7261504e+003  4.2000000e+000
  7.0400000e+001  1.7282449e+003  4.0000000e+000
  7.0500000e+001  1.7305746e+003  4.0900000e+000
  7.0500000e+001  1.7305746e+003  4.0900000e+000
  7.0600000e+001  1.7329021e+003  4.0600000e+000
  7.0700000e+001  1.7352318e+003  3.8300000e+000
  7.0800000e+001  1.7375602e+003  4.0200000e+000
  7.0900000e+001  1.7398890e+003  4.0000000e+000
  7.1100000e+001  1.7443936e+003  4.2500000e+000
  7.1180000e+001  1.7460237e+003  4.4700000e+000
  7.1300000e+001  1.7484689e+003  4.4600000e+000
  7.1400000e+001  1.7505065e+003  4.5500000e+000
  7.1550000e+001  1.7537253e+003  4.0900000e+000
  7.1750000e+001  1.7583825e+003  3.9300000e+000
  7.1800000e+001  1.7596352e+003  3.4600000e+000
  7.1950000e+001  1.7636270e+003  3.8800000e+000
  7.2100000e+001  1.7676188e+003  3.4400000e+000
  7.2250000e+001  1.7716112e+003  3.4100000e+000
  7.2400000e+001  1.7756041e+003  3.5700000e+000
  7.2500000e+001  1.7782660e+003  3.6100000e+000
  7.2500000e+001  1.7782660e+003  3.8500000e+000
  7.2600000e+001  1.7807765e+003  3.9600000e+000
  7.2680000e+001  1.7826399e+003  3.8500000e+000
  7.2680000e+001  1.7826399e+003  4.0300000e+000
  7.2800000e+001  1.7854347e+003  4.1100000e+000
  7.2900000e+001  1.7875708e+003  4.1500000e+000
  7.3000000e+001  1.7896084e+003  4.2300000e+000
  7.3100000e+001  1.7916460e+003  4.2100000e+000
  7.3200000e+001  1.7936836e+003  4.3700000e+000
  7.3300000e+001  1.7957212e+003  4.1400000e+000
  7.3300000e+001  1.7957212e+003  4.3500000e+000
  7.3400000e+001  1.7977588e+003  4.2100000e+000
  7.3500000e+001  1.7997965e+003  4.2500000e+000
  7.3600000e+001  1.8018341e+003  4.0500000e+000
  7.3700000e+001  1.8038717e+003  4.0400000e+000
  7.3800000e+001  1.8061214e+003  3.6500000e+000
  7.3900000e+001  1.8084509e+003  3.8900000e+000
  7.4000000e+001  1.8107786e+003  3.6400000e+000
  7.4000000e+001  1.8107786e+003  3.8400000e+000
  7.4100000e+001  1.8131083e+003  3.7800000e+000
  7.4180000e+001  1.8149698e+003  3.9300000e+000
  7.4300000e+001  1.8177655e+003  4.1000000e+000
  7.4400000e+001  1.8200929e+003  3.7400000e+000
  7.4400000e+001  1.8200929e+003  3.9300000e+000
  7.4500000e+001  1.8224227e+003  3.5800000e+000
  7.4600000e+001  1.8247509e+003  3.8200000e+000
  7.4700000e+001  1.8270798e+003  3.8800000e+000
  7.4800000e+001  1.8294091e+003  3.8800000e+000
  7.4800000e+001  1.8294091e+003  4.0300000e+000
  7.4900000e+001  1.8317370e+003  3.7100000e+000
  7.4900000e+001  1.8317370e+003  4.2800000e+000
  7.5000000e+001  1.8340667e+003  4.1600000e+000
  7.5100000e+001  1.8363942e+003  3.9300000e+000
  7.5100000e+001  1.8363942e+003  4.0700000e+000
  7.5200000e+001  1.8387239e+003  3.9000000e+000
  7.5200000e+001  1.8387239e+003  4.0200000e+000
  7.5300000e+001  1.8410513e+003  4.1400000e+000
  7.5300000e+001  1.8410513e+003  4.0900000e+000
  7.5400000e+001  1.8433811e+003  3.8500000e+000
  7.5500000e+001  1.8457091e+003  3.9700000e+000
  7.5500000e+001  1.8457091e+003  3.6000000e+000
  7.5600000e+001  1.8480382e+003  3.8200000e+000
  7.5600000e+001  1.8480382e+003  4.0000000e+000
  7.5680000e+001  1.8499020e+003  3.7700000e+000
  7.5800000e+001  1.8526747e+003  3.6400000e+000
  7.5900000e+001  1.8547123e+003  4.0000000e+000
  7.6000000e+001  1.8567499e+003  4.1900000e+000
  7.6050000e+001  1.8577687e+003  3.9500000e+000
  7.6100000e+001  1.8587875e+003  3.7000000e+000
  7.6200000e+001  1.8608251e+003  4.1300000e+000
  7.6200000e+001  1.8608251e+003  3.7300000e+000
  7.6300000e+001  1.8628628e+003  4.4900000e+000
  7.6400000e+001  1.8649004e+003  4.3000000e+000
  7.6500000e+001  1.8669380e+003  3.9800000e+000
  7.6700000e+001  1.8710132e+003  4.1900000e+000
  7.6800000e+001  1.8730508e+003  4.0700000e+000
  7.6890000e+001  1.8748847e+003  4.1200000e+000
  7.7000000e+001  1.8771261e+003  3.8600000e+000
  7.7100000e+001  1.8791637e+003  3.9200000e+000
  7.7200000e+001  1.8812013e+003  3.7900000e+000
  7.7280000e+001  1.8828314e+003  3.8600000e+000
  7.7400000e+001  1.8852766e+003  3.6600000e+000
  7.7410000e+001  1.8854803e+003  3.6700000e+000
  7.7490000e+001  1.8871104e+003  3.7700000e+000
  7.7500000e+001  1.8873142e+003  3.5600000e+000
  7.7590000e+001  1.8891480e+003  3.7000000e+000
  7.7600000e+001  1.8893518e+003  3.6800000e+000
  7.7600000e+001  1.8893518e+003  3.5500000e+000
  7.7680000e+001  1.8909819e+003  3.9300000e+000
  7.7700000e+001  1.8913894e+003  3.6100000e+000
  7.7790000e+001  1.8932233e+003  3.5100000e+000
  7.7800000e+001  1.8934270e+003  3.7100000e+000
  7.7890000e+001  1.8952609e+003  3.8600000e+000
  7.7900000e+001  1.8954646e+003  4.0800000e+000
  7.8000000e+001  1.8975023e+003  4.0000000e+000
  7.8000000e+001  1.8975023e+003  3.8900000e+000
  7.8090000e+001  1.8993361e+003  4.3100000e+000
  7.8100000e+001  1.8995399e+003  4.1800000e+000
  7.8200000e+001  1.9015775e+003  4.4800000e+000
  7.8200000e+001  1.9015775e+003  4.1500000e+000
  7.8200000e+001  1.9015775e+003  4.2700000e+000
  7.8290000e+001  1.9034113e+003  4.3200000e+000
  7.8370000e+001  1.9050414e+003  4.2000000e+000
  7.8480000e+001  1.9072828e+003  4.1900000e+000
  7.8590000e+001  1.9095242e+003  4.3000000e+000
  7.8690000e+001  1.9115618e+003  4.1300000e+000
  7.8780000e+001  1.9133957e+003  4.0000000e+000
  7.8890000e+001  1.9156371e+003  3.9300000e+000
  7.8990000e+001  1.9178818e+003  3.8700000e+000
  7.9090000e+001  1.9204081e+003  3.8000000e+000
  7.9180000e+001  1.9228032e+003  3.9600000e+000
  7.9300000e+001  1.9259966e+003  3.6500000e+000
  7.9400000e+001  1.9286578e+003  3.5200000e+000
  7.9500000e+001  1.9313190e+003  3.5400000e+000
  7.9600000e+001  1.9339803e+003  3.3300000e+000
  7.9700000e+001  1.9366415e+003  3.7000000e+000
  7.9800000e+001  1.9393027e+003  3.7000000e+000
  7.9890000e+001  1.9413762e+003  3.9500000e+000
  8.0000000e+001  1.9436176e+003  3.9300000e+000
  8.0000000e+001  1.9436176e+003  4.2300000e+000
  8.0100000e+001  1.9456552e+003  4.2600000e+000
  8.0200000e+001  1.9476929e+003  4.2500000e+000
  8.0270000e+001  1.9491192e+003  4.2200000e+000
  8.0400000e+001  1.9516825e+003  3.8500000e+000
  8.0400000e+001  1.9516825e+003  3.8900000e+000
  8.0500000e+001  1.9536198e+003  4.2300000e+000
  8.0600000e+001  1.9555572e+003  3.9400000e+000
  8.0700000e+001  1.9574963e+003  3.9100000e+000
  8.0800000e+001  1.9594371e+003  3.7700000e+000
  8.1200000e+001  1.9671994e+003  3.7000000e+000
  8.1300000e+001  1.9691397e+003  3.6500000e+000
  8.1390000e+001  1.9708864e+003  3.6300000e+000
  8.1500000e+001  1.9730213e+003  3.5300000e+000
  8.1600000e+001  1.9749622e+003  3.4900000e+000
  8.1700000e+001  1.9768677e+003  3.4200000e+000
  8.1780000e+001  1.9783582e+003  3.6400000e+000
  8.1780000e+001  1.9783582e+003  3.4200000e+000
  8.1900000e+001  1.9805940e+003  3.1300000e+000
  8.1900000e+001  1.9805940e+003  3.5400000e+000
  8.2000000e+001  1.9823797e+003  3.4500000e+000
  8.2000000e+001  1.9823797e+003  3.1400000e+000
  8.2100000e+001  1.9841262e+003  3.5800000e+000
  8.2180000e+001  1.9854786e+003  3.7600000e+000
  8.2180000e+001  1.9854786e+003  3.4100000e+000
  8.2300000e+001  1.9873413e+003  3.7600000e+000
  8.2300000e+001  1.9873413e+003  3.6100000e+000
  8.2400000e+001  1.9887764e+003  3.8000000e+000
  8.2500000e+001  1.9901737e+003  3.8800000e+000
  8.2600000e+001  1.9915711e+003  3.6300000e+000
  8.2700000e+001  1.9929680e+003  3.8400000e+000
  8.2800000e+001  1.9943648e+003  3.8000000e+000
  8.2900000e+001  1.9957617e+003  3.6900000e+000
  8.3000000e+001  1.9971591e+003  3.8800000e+000
  8.3100000e+001  1.9985564e+003  4.0400000e+000
  8.3200000e+001  1.9999538e+003  4.0300000e+000
  8.3300000e+001  2.0013511e+003  4.0200000e+000
  8.3400000e+001  2.0027485e+003  3.6300000e+000
  8.3500000e+001  2.0041458e+003  3.9800000e+000
  8.3650000e+001  2.0062419e+003  3.9200000e+000
  8.3800000e+001  2.0083375e+003  3.9500000e+000
  8.3900000e+001  2.0097343e+003  3.9500000e+000
  8.4010000e+001  2.0112709e+003  4.0000000e+000
  8.4100000e+001  2.0125285e+003  3.9900000e+000
  8.4200000e+001  2.0139259e+003  4.0800000e+000
  8.4200000e+001  2.0139259e+003  4.2500000e+000
  8.4290000e+001  2.0151835e+003  4.0900000e+000
  8.4390000e+001  2.0165808e+003  3.9000000e+000
  8.4490000e+001  2.0179782e+003  3.8700000e+000
  8.4590000e+001  2.0194260e+003  4.1100000e+000
  8.4690000e+001  2.0209783e+003  4.0400000e+000
  8.4790000e+001  2.0226570e+003  3.9800000e+000
  8.4790000e+001  2.0226570e+003  3.9700000e+000
  8.4900000e+001  2.0245782e+003  3.8000000e+000
  8.4900000e+001  2.0245782e+003  3.7600000e+000
  8.5000000e+001  2.0263247e+003  3.7200000e+000
  8.5100000e+001  2.0280712e+003  4.0000000e+000
  8.5180000e+001  2.0294685e+003  3.8000000e+000
  8.5300000e+001  2.0315643e+003  3.7500000e+000
  8.5410000e+001  2.0334855e+003  3.6700000e+000
  8.5500000e+001  2.0350573e+003  3.7200000e+000
  8.5600000e+001  2.0368039e+003  3.9200000e+000
  8.6300000e+001  2.0490296e+003  4.2700000e+000
  8.6500000e+001  2.0525226e+003  4.0600000e+000
  8.6600000e+001  2.0542692e+003  4.2000000e+000
  8.6600000e+001  2.0542692e+003  3.9000000e+000
  8.6700000e+001  2.0560157e+003  4.0700000e+000
  8.6900000e+001  2.0595088e+003  4.1800000e+000
  8.7000000e+001  2.0611735e+003  4.3900000e+000
  8.7100000e+001  2.0627257e+003  4.2600000e+000
  8.7100000e+001  2.0627257e+003  4.2300000e+000
  8.7180000e+001  2.0638830e+003  4.4500000e+000
  8.7300000e+001  2.0655598e+003  4.4900000e+000
  8.7400000e+001  2.0669571e+003  4.4900000e+000
  8.7400000e+001  2.0669571e+003  4.2500000e+000
  8.7400000e+001  2.0669571e+003  4.7800000e+000
  8.7500000e+001  2.0683545e+003  4.4400000e+000
  8.7600000e+001  2.0697518e+003  4.4900000e+000
  8.7700000e+001  2.0711492e+003  4.4100000e+000
  8.7800000e+001  2.0725465e+003  4.4000000e+000
  8.7890000e+001  2.0738041e+003  4.0100000e+000
  8.7890000e+001  2.0738041e+003  4.2400000e+000
  8.8000000e+001  2.0753410e+003  4.3400000e+000
  8.8100000e+001  2.0767379e+003  4.2500000e+000
  8.8200000e+001  2.0781347e+003  4.2000000e+000
  8.8290000e+001  2.0794671e+003  4.1800000e+000
  8.8400000e+001  2.0811756e+003  4.4500000e+000
  8.8500000e+001  2.0829041e+003  4.2300000e+000
  8.8600000e+001  2.0846506e+003  4.3200000e+000
  8.8680000e+001  2.0861397e+003  4.1000000e+000
  8.8800000e+001  2.0884681e+003  3.9700000e+000
  8.8890000e+001  2.0902143e+003  3.9500000e+000
  8.9000000e+001  2.0924748e+003  3.9500000e+000
  8.9100000e+001  2.0951607e+003  3.8000000e+000
  8.9200000e+001  2.0979554e+003  3.8900000e+000
  8.9300000e+001  2.1007501e+003  3.7600000e+000
  8.9390000e+001  2.1033670e+003  3.7700000e+000
  8.9500000e+001  2.1065690e+003  3.8300000e+000
  8.9600000e+001  2.1099107e+003  3.7100000e+000
  8.9700000e+001  2.1136454e+003  3.8000000e+000
  8.9790000e+001  2.1171379e+003  3.6900000e+000
  8.9900000e+001  2.1226032e+003  3.9300000e+000
  9.0000000e+001  2.1284261e+003  3.6000000e+000
  9.0100000e+001  2.1342461e+003  3.7100000e+000
  9.0180000e+001  2.1389056e+003  3.6600000e+000
  9.0300000e+001  2.1458894e+003  4.3800000e+000
  9.0400000e+001  2.1517134e+003  4.1800000e+000
  9.0500000e+001  2.1575335e+003  4.0100000e+000
  9.0600000e+001  2.1633563e+003  4.2400000e+000
  9.0700000e+001  2.1691777e+003  3.7000000e+000
  9.0800000e+001  2.1744634e+003  3.5900000e+000
  9.0890000e+001  2.1786549e+003  3.3800000e+000
  9.1000000e+001  2.1828633e+003  3.4700000e+000
  9.1100000e+001  2.1859674e+003  3.4800000e+000
  9.1200000e+001  2.1888783e+003  3.6500000e+000
  9.1290000e+001  2.1913028e+003  4.3700000e+000
  9.1390000e+001  2.1934053e+003  4.4400000e+000
  9.1500000e+001  2.1956466e+003  4.5400000e+000
  9.1600000e+001  2.1976843e+003  4.4400000e+000
  9.1680000e+001  2.1993144e+003  4.4700000e+000
  9.1800000e+001  2.2017595e+003  4.3000000e+000
  9.1900000e+001  2.2037971e+003  4.3600000e+000
  9.2000000e+001  2.2058347e+003  4.2600000e+000
  9.2100000e+001  2.2078724e+003  4.2400000e+000
  9.2200000e+001  2.2099100e+003  4.0900000e+000
  9.2300000e+001  2.2119455e+003  4.0000000e+000
  9.2390000e+001  2.2137773e+003  3.9400000e+000
  9.2500000e+001  2.2160162e+003  3.8200000e+000
  9.2600000e+001  2.2180516e+003  3.6800000e+000
  9.2700000e+001  2.2200881e+003  3.6400000e+000
  9.2700000e+001  2.2200881e+003  3.7600000e+000
  9.2790000e+001  2.2219219e+003  3.6000000e+000
  9.2900000e+001  2.2241633e+003  3.6700000e+000
  9.3000000e+001  2.2262009e+003  3.5200000e+000
  9.3100000e+001  2.2282372e+003  3.6900000e+000
  9.3100000e+001  2.2282372e+003  3.8600000e+000
  9.3180000e+001  2.2297894e+003  3.9200000e+000
  9.3300000e+001  2.2321178e+003  4.1600000e+000
  9.3400000e+001  2.2340581e+003  4.1300000e+000
  9.3500000e+001  2.2359987e+003  4.0700000e+000
  9.3600000e+001  2.2379396e+003  3.9900000e+000
  9.3700000e+001  2.2398805e+003  4.1500000e+000
  9.3800000e+001  2.2418212e+003  4.1400000e+000
  9.3890000e+001  2.2435675e+003  4.0600000e+000
  9.4000000e+001  2.2457018e+003  4.2200000e+000
  9.4100000e+001  2.2476421e+003  4.0400000e+000
  9.4200000e+001  2.2496763e+003  3.9300000e+000
  9.4290000e+001  2.2515102e+003  3.9900000e+000
  9.4400000e+001  2.2537515e+003  3.3900000e+000
  9.4500000e+001  2.2557892e+003  3.9500000e+000
  9.4600000e+001  2.2579725e+003  3.7400000e+000
  9.4670000e+001  2.2596030e+003  3.7400000e+000
  9.4800000e+001  2.2626297e+003  3.5900000e+000
  9.4900000e+001  2.2649588e+003  3.3200000e+000
  9.5000000e+001  2.2672869e+003  3.6200000e+000
  9.5100000e+001  2.2696166e+003  3.6000000e+000
  9.5100000e+001  2.2696166e+003  3.6700000e+000
  9.5100000e+001  2.2696166e+003  4.0300000e+000
  9.5200000e+001  2.2719441e+003  3.4700000e+000
  9.5200000e+001  2.2719441e+003  3.2800000e+000
  9.5300000e+001  2.2742738e+003  3.9700000e+000
  9.5300000e+001  2.2742738e+003  4.1300000e+000
  9.5390000e+001  2.2763682e+003  3.9000000e+000
  9.5400000e+001  2.2766012e+003  3.9400000e+000
  9.5500000e+001  2.2789310e+003  4.2400000e+000
  9.5500000e+001  2.2789310e+003  3.9000000e+000
  9.5600000e+001  2.2812588e+003  4.2400000e+000
  9.5600000e+001  2.2812588e+003  3.8500000e+000
  9.5690000e+001  2.2833552e+003  4.1000000e+000
  9.5700000e+001  2.2835881e+003  3.6400000e+000
  9.5710000e+001  2.2838211e+003  4.1100000e+000
  9.5800000e+001  2.2859170e+003  4.2700000e+000
  9.5800000e+001  2.2859170e+003  3.6400000e+000
  9.5900000e+001  2.2882453e+003  3.2400000e+000
  9.5900000e+001  2.2882453e+003  4.0700000e+000
  9.6000000e+001  2.2905751e+003  3.4400000e+000
  9.6000000e+001  2.2905751e+003  3.9200000e+000
  9.6100000e+001  2.2927780e+003  4.1300000e+000
  9.6100000e+001  2.2927780e+003  3.1000000e+000
  9.6100000e+001  2.2927780e+003  2.7800000e+000
  9.6200000e+001  2.2948156e+003  4.1700000e+000
  9.6200000e+001  2.2948156e+003  3.2100000e+000
  9.6300000e+001  2.2968533e+003  3.5100000e+000
  9.6300000e+001  2.2968533e+003  3.7200000e+000
  9.6350000e+001  2.2978721e+003  3.4600000e+000
  9.6400000e+001  2.2988909e+003  3.7600000e+000
  9.6400000e+001  2.2988909e+003  3.4700000e+000
  9.6400000e+001  2.2988909e+003  3.4900000e+000
  9.6400000e+001  2.2988909e+003  3.5700000e+000
  9.6500000e+001  2.3009285e+003  3.8000000e+000
  9.6500000e+001  2.3009285e+003  3.5600000e+000
  9.6600000e+001  2.3029661e+003  3.4800000e+000
  9.6600000e+001  2.3029661e+003  3.9300000e+000
  9.6680000e+001  2.3045962e+003  3.5600000e+000
  9.6800000e+001  2.3070413e+003  3.4800000e+000
  9.6900000e+001  2.3090790e+003  3.5200000e+000
  9.6900000e+001  2.3090790e+003  3.8000000e+000
  9.7000000e+001  2.3110688e+003  3.9000000e+000
  9.7000000e+001  2.3110688e+003  3.2800000e+000
  9.7100000e+001  2.3130097e+003  3.9000000e+000
  9.7200000e+001  2.3149505e+003  3.8100000e+000
  9.7300000e+001  2.3168802e+003  3.7000000e+000
  9.7300000e+001  2.3168802e+003  3.9600000e+000
  9.7400000e+001  2.3187433e+003  4.0300000e+000
  9.7500000e+001  2.3206064e+003  3.9500000e+000
  9.7500000e+001  2.3206064e+003  3.3100000e+000
  9.7600000e+001  2.3224283e+003  3.7200000e+000
  9.7700000e+001  2.3241748e+003  3.5700000e+000
  9.7800000e+001  2.3258978e+003  3.7900000e+000
  9.7910000e+001  2.3276053e+003  3.7100000e+000
  9.7910000e+001  2.3276053e+003  3.8300000e+000
  9.8000000e+001  2.3290023e+003  3.5200000e+000
  9.8100000e+001  2.3305545e+003  3.5000000e+000
  9.8180000e+001  2.3317963e+003  3.4400000e+000
  9.8300000e+001  2.3336591e+003  3.5400000e+000
  9.8400000e+001  2.3352123e+003  3.3000000e+000
  9.8500000e+001  2.3367650e+003  3.4900000e+000
  9.8600000e+001  2.3383173e+003  3.5900000e+000
  9.8600000e+001  2.3383173e+003  3.3300000e+000
  9.8700000e+001  2.3398695e+003  3.0700000e+000
  9.8800000e+001  2.3414218e+003  3.8400000e+000
  9.8900000e+001  2.3429740e+003  3.8000000e+000
  9.9000000e+001  2.3445266e+003  3.7300000e+000
  9.9100000e+001  2.3460798e+003  4.0500000e+000
  9.9200000e+001  2.3476323e+003  3.6200000e+000
  9.9300000e+001  2.3491938e+003  3.7300000e+000
  9.9300000e+001  2.3491938e+003  3.9800000e+000
  9.9410000e+001  2.3511150e+003  3.5800000e+000
  9.9500000e+001  2.3526869e+003  3.7400000e+000
  9.9600000e+001  2.3545913e+003  3.9300000e+000
  9.9680000e+001  2.3561436e+003  3.9900000e+000
  9.9800000e+001  2.3584719e+003  3.9600000e+000
  9.9900000e+001  2.3605933e+003  3.8300000e+000
  1.0000000e+002  2.3633484e+003  3.8000000e+000
  1.0010000e+002  2.3661471e+003  3.6500000e+000
  1.0020000e+002  2.3689582e+003  3.7100000e+000
  1.0030000e+002  2.3718600e+003  3.9000000e+000
  1.0030000e+002  2.3718600e+003  3.4500000e+000
  1.0040000e+002  2.3747618e+003  3.6900000e+000
  1.0050000e+002  2.3778501e+003  3.9600000e+000
  1.0060000e+002  2.3809600e+003  4.0000000e+000
  1.0060000e+002  2.3809600e+003  3.5300000e+000
  1.0070000e+002  2.3840552e+003  3.7900000e+000
  1.0080000e+002  2.3871603e+003  3.9400000e+000
  1.0091000e+002  2.3905854e+003  3.7000000e+000
  1.0100000e+002  2.3933719e+003  3.6500000e+000
  1.0110000e+002  2.3964705e+003  3.7100000e+000
  1.0118000e+002  2.3989615e+003  3.8100000e+000
  1.0130000e+002  2.4025965e+003  3.5900000e+000
  1.0140000e+002  2.4055113e+003  3.5800000e+000
  1.0150000e+002  2.4083900e+003  3.3000000e+000
  1.0160000e+002  2.4111757e+003  3.5900000e+000
  1.0170000e+002  2.4139614e+003  3.4000000e+000
  1.0180000e+002  2.4166900e+003  3.5300000e+000
  1.0180000e+002  2.4166900e+003  3.4700000e+000
  1.0190000e+002  2.4193567e+003  3.5300000e+000
  1.0200000e+002  2.4220233e+003  3.5900000e+000
  1.0210000e+002  2.4246900e+003  3.7300000e+000
  1.0220000e+002  2.4271507e+003  3.9400000e+000
  1.0220000e+002  2.4271507e+003  3.7700000e+000
  1.0230000e+002  2.4291865e+003  4.3800000e+000
  1.0241000e+002  2.4314259e+003  4.4900000e+000
  1.0250000e+002  2.4332581e+003  4.4700000e+000
  1.0261000e+002  2.4354975e+003  4.2900000e+000
  1.0261000e+002  2.4354975e+003  4.3900000e+000
  1.0268000e+002  2.4368891e+003  4.5300000e+000
  1.0280000e+002  2.4392175e+003  4.2700000e+000
  1.0290000e+002  2.4411578e+003  4.1300000e+000
  1.0300000e+002  2.4430828e+003  4.0700000e+000
  1.0300000e+002  2.4430828e+003  4.3900000e+000
  1.0310000e+002  2.4449466e+003  4.1800000e+000
  1.0320000e+002  2.4468104e+003  3.8600000e+000
  1.0330000e+002  2.4486742e+003  3.6400000e+000
  1.0340000e+002  2.4505380e+003  4.1700000e+000
  1.0350000e+002  2.4524018e+003  3.8100000e+000
  1.0360000e+002  2.4542656e+003  3.8700000e+000
  1.0370000e+002  2.4561294e+003  3.5600000e+000
  1.0380000e+002  2.4579932e+003  3.4400000e+000
  1.0391000e+002  2.4600433e+003  3.6600000e+000
  1.0400000e+002  2.4617208e+003  3.5200000e+000
  1.0411000e+002  2.4637709e+003  3.4900000e+000
  1.0418000e+002  2.4650756e+003  3.5200000e+000
  1.0430000e+002  2.4673122e+003  3.5700000e+000
  1.0440000e+002  2.4691751e+003  3.5800000e+000
  1.0450000e+002  2.4710353e+003  3.3200000e+000
  1.0460000e+002  2.4728955e+003  3.4400000e+000
  1.0470000e+002  2.4747009e+003  3.4800000e+000
  1.0480000e+002  2.4764420e+003  3.5400000e+000
  1.0490000e+002  2.4781425e+003  3.9200000e+000
  1.0500000e+002  2.4796994e+003  3.8800000e+000
  1.0510000e+002  2.4811688e+003  4.1800000e+000
  1.0520000e+002  2.4825667e+003  4.4500000e+000
  1.0530000e+002  2.4839645e+003  4.5600000e+000
  1.0731000e+002  2.5120473e+003  3.5600000e+000
  1.0740000e+002  2.5133054e+003  3.6400000e+000
  1.0750000e+002  2.5147032e+003  3.7200000e+000
  1.0760000e+002  2.5161011e+003  4.2200000e+000
  1.0770000e+002  2.5174989e+003  4.1100000e+000
  1.0770000e+002  2.5174989e+003  4.4900000e+000
  1.0780000e+002  2.5188968e+003  4.4400000e+000
  1.0791000e+002  2.5204307e+003  4.3900000e+000
  1.0802000e+002  2.5219629e+003  4.4100000e+000
  1.0810000e+002  2.5230771e+003  4.4400000e+000
  1.0818000e+002  2.5242964e+003  4.4000000e+000
  1.0830000e+002  2.5261973e+003  4.3600000e+000
  1.0840000e+002  2.5279462e+003  4.1400000e+000
  1.0850000e+002  2.5296951e+003  3.7900000e+000
  1.0860000e+002  2.5315520e+003  4.0400000e+000
  1.0870000e+002  2.5334158e+003  4.2300000e+000
  1.0880000e+002  2.5352910e+003  4.2100000e+000
  1.0900000e+002  2.5391716e+003  3.6100000e+000
  1.0910000e+002  2.5411119e+003  4.5300000e+000
  1.0920000e+002  2.5431286e+003  3.3500000e+000
  1.0930000e+002  2.5451644e+003  3.2900000e+000
  1.0938000e+002  2.5467931e+003  3.1300000e+000
  1.0950000e+002  2.5492360e+003  3.4400000e+000
  1.0960000e+002  2.5513661e+003  3.5300000e+000
  1.0968000e+002  2.5532236e+003  3.6300000e+000
  1.0980000e+002  2.5560321e+003  3.7200000e+000
  1.0990000e+002  2.5583536e+003  3.7000000e+000
  1.1000000e+002  2.5606750e+003  3.7300000e+000
  1.1010000e+002  2.5630196e+003  3.9000000e+000
  1.1020000e+002  2.5653411e+003  3.8100000e+000
  1.1030000e+002  2.5676625e+003  3.6700000e+000
  1.1100000e+002  2.5839745e+003  3.4400000e+000
  1.1110000e+002  2.5863036e+003  3.4700000e+000
  1.1118000e+002  2.5881607e+003  3.5200000e+000
  1.1130000e+002  2.5909473e+003  3.1700000e+000
  1.1140000e+002  2.5932911e+003  3.6400000e+000
  1.1150000e+002  2.5956125e+003  3.3400000e+000
  1.1160000e+002  2.5979339e+003  3.8300000e+000
