  1.0000000e-002  1.9909486e+000  3.0700000e+000
  1.2100000e+000  1.9579086e+001  4.4600000e+000
  1.4100000e+000  2.2925058e+001  4.4800000e+000
  1.6100000e+000  2.6752273e+001  4.2800000e+000
  2.0100000e+000  3.3473606e+001  4.2100000e+000
  2.2100000e+000  3.6468690e+001  4.2100000e+000
  2.4100000e+000  4.0057311e+001  4.2200000e+000
  2.6100000e+000  4.5158701e+001  4.1700000e+000
  2.8100000e+000  5.0610648e+001  4.1900000e+000
  3.0100000e+000  5.5647832e+001  4.1400000e+000
  3.2100000e+000  6.0771180e+001  4.4400000e+000
  3.4100000e+000  6.6778813e+001  4.3600000e+000
  3.6100000e+000  7.3279280e+001  4.0300000e+000
  3.8100000e+000  8.0835835e+001  3.9400000e+000
  4.0100000e+000  8.9134497e+001  4.0200000e+000
  4.2100000e+000  9.6957823e+001  3.6800000e+000
  4.4100000e+000  1.0871172e+002  3.9400000e+000
  4.6100000e+000  1.1918532e+002  3.2800000e+000
  4.8100000e+000  1.2686713e+002  3.4000000e+000
  5.2100000e+000  1.3478122e+002  4.4100000e+000
  5.5400000e+000  1.4190483e+002  4.4600000e+000
  5.7100000e+000  1.4558820e+002  4.4300000e+000
  5.9100000e+000  1.4992161e+002  4.5000000e+000
  6.1100000e+000  1.5425499e+002  4.3700000e+000
  6.3100000e+000  1.5899602e+002  4.4900000e+000
  6.5100000e+000  1.6372545e+002  4.4000000e+000
  6.7100000e+000  1.6827525e+002  4.1100000e+000
  6.9100000e+000  1.7264244e+002  4.1600000e+000
  7.1100000e+000  1.7687177e+002  4.4900000e+000
  7.3100000e+000  1.8110118e+002  4.3000000e+000
  7.5100000e+000  1.8533007e+002  4.2200000e+000
  7.7100000e+000  1.8932497e+002  4.1400000e+000
  7.9100000e+000  1.9331911e+002  3.9900000e+000
  8.1100000e+000  1.9730332e+002  3.9300000e+000
  8.3100000e+000  2.0122393e+002  3.5500000e+000
  8.5100000e+000  2.0514453e+002  3.8800000e+000
  8.7100000e+000  2.0881487e+002  3.5300000e+000
  8.9100000e+000  2.1159878e+002  3.5900000e+000
  9.1100000e+000  2.1417924e+002  3.0800000e+000
  9.5100000e+000  2.2018499e+002  3.7500000e+000
  9.7100000e+000  2.2650865e+002  3.9500000e+000
  9.9100000e+000  2.3608878e+002  3.9400000e+000
  1.0110000e+001  2.4594646e+002  4.1600000e+000
  1.0310000e+001  2.5560677e+002  4.0900000e+000
  1.0510000e+001  2.6492463e+002  4.3000000e+000
  1.0710000e+001  2.7341409e+002  4.1700000e+000
  1.0910000e+001  2.8015763e+002  4.0400000e+000
  1.1110000e+001  2.8512820e+002  3.9700000e+000
  1.1310000e+001  2.8985604e+002  3.8100000e+000
  1.1510000e+001  2.9432032e+002  4.5200000e+000
  1.1710000e+001  2.9877995e+002  4.1100000e+000
  1.1910000e+001  3.0331251e+002  3.7300000e+000
  1.2110000e+001  3.0763296e+002  3.6800000e+000
  1.2310000e+001  3.1109248e+002  3.7800000e+000
  1.2510000e+001  3.1408120e+002  4.2100000e+000
  1.2710000e+001  3.1706931e+002  3.9500000e+000
  1.2910000e+001  3.2005785e+002  3.7700000e+000
  1.3110000e+001  3.2310489e+002  3.2600000e+000
  1.3310000e+001  3.2622961e+002  3.0000000e+000
  1.3510000e+001  3.2935419e+002  3.3500000e+000
  1.3910000e+001  3.3610462e+002  3.8100000e+000
  1.4110000e+001  3.4017014e+002  4.3800000e+000
  1.4310000e+001  3.4429617e+002  4.4700000e+000
  1.4510000e+001  3.4870883e+002  4.2800000e+000
  1.4710000e+001  3.5346497e+002  4.2000000e+000
  1.5210000e+001  3.6754238e+002  4.4300000e+000
  1.5410000e+001  3.7455841e+002  4.0400000e+000
  1.5610000e+001  3.8094055e+002  4.0200000e+000
  1.5810000e+001  3.8667691e+002  3.8000000e+000
  1.6010000e+001  3.9298245e+002  3.9800000e+000
  1.6210000e+001  3.9928758e+002  3.4700000e+000
  1.6410000e+001  4.0547123e+002  2.9700000e+000
  1.6610000e+001  4.1099111e+002  3.6600000e+000
  1.6810000e+001  4.1527858e+002  3.5800000e+000
  1.7010000e+001  4.1913093e+002  3.6900000e+000
  1.7210000e+001  4.2352915e+002  3.9000000e+000
  1.7410000e+001  4.2789441e+002  4.4500000e+000
  1.7610000e+001  4.3296870e+002  4.6900000e+000
  1.7810000e+001  4.3759487e+002  4.2100000e+000
  1.8010000e+001  4.4222066e+002  4.5600000e+000
  1.8210000e+001  4.4691459e+002  4.3300000e+000
  1.8410000e+001  4.5178464e+002  4.1900000e+000
  1.8610000e+001  4.5539418e+002  4.2200000e+000
  1.8810000e+001  4.5871360e+002  4.1300000e+000
  1.9010000e+001  4.6203401e+002  4.4300000e+000
  1.9210000e+001  4.6512658e+002  4.1400000e+000
  1.9410000e+001  4.6814080e+002  4.3300000e+000
  1.9610000e+001  4.7200266e+002  4.1300000e+000
  1.9810000e+001  4.7704587e+002  4.2100000e+000
  2.0010000e+001  4.8243091e+002  3.8100000e+000
  2.0210000e+001  4.8960794e+002  3.4700000e+000
  2.0410000e+001  4.9740642e+002  3.4800000e+000
  2.0610000e+001  5.0640895e+002  3.8400000e+000
  2.0810000e+001  5.1696833e+002  3.8800000e+000
  2.1010000e+001  5.2938136e+002  3.8900000e+000
  2.1210000e+001  5.4601846e+002  3.9800000e+000
  2.1410000e+001  5.6307535e+002  3.9600000e+000
  2.1610000e+001  5.7286533e+002  3.4800000e+000
  2.1810000e+001  5.7884012e+002  3.3000000e+000
  2.2010000e+001  5.8622171e+002  3.8400000e+000
  2.2210000e+001  5.9543126e+002  3.8300000e+000
  2.2410000e+001  6.0377593e+002  3.5400000e+000
  2.2610000e+001  6.1040702e+002  3.4800000e+000
  2.2810000e+001  6.1657780e+002  3.5200000e+000
  2.3010000e+001  6.2213424e+002  4.7000000e+000
  2.3210000e+001  6.2672301e+002  4.4500000e+000
  2.3410000e+001  6.3131100e+002  4.9200000e+000
  2.3610000e+001  6.3589874e+002  4.7900000e+000
  2.3810000e+001  6.4109874e+002  4.6700000e+000
  2.4010000e+001  6.4650585e+002  4.5000000e+000
  2.4210000e+001  6.5158368e+002  4.6500000e+000
  2.4410000e+001  6.5659835e+002  4.2200000e+000
  2.4610000e+001  6.6037129e+002  4.3800000e+000
  2.4810000e+001  6.6400580e+002  4.8200000e+000
  2.4960000e+001  6.6764423e+002  4.7200000e+000
  2.5160000e+001  6.7428640e+002  4.3600000e+000
  2.5360000e+001  6.8826017e+002  4.1800000e+000
  2.5560000e+001  7.0493893e+002  4.3000000e+000
  2.5760000e+001  7.1260876e+002  4.3500000e+000
  2.5960000e+001  7.1643477e+002  4.5400000e+000
  2.6360000e+001  7.2302156e+002  4.7700000e+000
  2.6560000e+001  7.3006833e+002  4.4900000e+000
  2.6760000e+001  7.3874082e+002  4.6500000e+000
  2.6960000e+001  7.4572392e+002  4.9600000e+000
  2.7160000e+001  7.5003878e+002  4.5900000e+000
  2.7360000e+001  7.5403600e+002  5.0600000e+000
  2.7560000e+001  7.5870776e+002  3.9800000e+000
  2.7760000e+001  7.6451962e+002  4.0100000e+000
  2.7960000e+001  7.7041993e+002  3.7600000e+000
  2.8160000e+001  7.7631946e+002  3.5400000e+000
  2.8360000e+001  7.8168589e+002  3.7900000e+000
  2.8560000e+001  7.8667590e+002  3.7000000e+000
  2.8760000e+001  7.9170725e+002  4.1300000e+000
  2.8960000e+001  7.9781866e+002  4.4600000e+000
  2.9160000e+001  8.0623457e+002  4.4200000e+000
  2.9360000e+001  8.1357261e+002  3.9800000e+000
  2.9560000e+001  8.1876725e+002  3.8500000e+000
  2.9760000e+001  8.2446321e+002  3.7700000e+000
  2.9960000e+001  8.3075290e+002  3.8400000e+000
  3.0160000e+001  8.3684608e+002  3.6200000e+000
  3.0360000e+001  8.4329148e+002  3.7700000e+000
  3.0560000e+001  8.4973653e+002  3.5300000e+000
  3.0760000e+001  8.5618339e+002  3.3300000e+000
  3.0960000e+001  8.6249858e+002  3.4200000e+000
  3.1160000e+001  8.6812329e+002  4.1500000e+000
  3.1360000e+001  8.7311583e+002  4.3200000e+000
  3.1560000e+001  8.7802016e+002  4.4500000e+000
  3.1760000e+001  8.8268684e+002  3.9600000e+000
  3.1960000e+001  8.8697356e+002  4.2600000e+000
  3.2160000e+001  8.9115415e+002  4.4000000e+000
  3.2360000e+001  8.9556797e+002  4.4600000e+000
  3.2560000e+001  9.0029184e+002  4.3200000e+000
  3.2760000e+001  9.0521034e+002  4.2400000e+000
  3.2960000e+001  9.1013918e+002  4.2300000e+000
  3.3160000e+001  9.1457605e+002  4.0700000e+000
  3.3360000e+001  9.1843239e+002  4.5800000e+000
  3.3560000e+001  9.2139209e+002  4.5500000e+000
  3.3760000e+001  9.2435056e+002  4.4400000e+000
  3.3960000e+001  9.2750536e+002  4.2900000e+000
  3.4160000e+001  9.3197534e+002  4.0900000e+000
  3.4360000e+001  9.3909461e+002  4.0300000e+000
  3.4560000e+001  9.4918476e+002  3.6900000e+000
  3.4560000e+001  9.4918476e+002  3.8200000e+000
  3.4760000e+001  9.5767160e+002  3.9000000e+000
  3.4960000e+001  9.6091039e+002  4.0700000e+000
  3.5160000e+001  9.6367281e+002  4.3500000e+000
  3.5360000e+001  9.6643524e+002  4.3700000e+000
  3.5560000e+001  9.6928831e+002  4.1500000e+000
  3.5760000e+001  9.7330406e+002  4.0900000e+000
  3.5960000e+001  9.7839013e+002  3.9300000e+000
  3.6160000e+001  9.8391499e+002  4.1500000e+000
  3.6360000e+001  9.8932801e+002  3.9700000e+000
  3.6560000e+001  9.9455056e+002  3.8200000e+000
  3.6760000e+001  9.9953235e+002  3.9700000e+000
  3.7160000e+001  1.0079365e+003  4.6600000e+000
  3.7360000e+001  1.0123707e+003  4.0500000e+000
  3.7560000e+001  1.0176194e+003  3.6100000e+000
  3.7760000e+001  1.0245042e+003  3.5000000e+000
  3.7960000e+001  1.0311619e+003  3.9700000e+000
  3.8160000e+001  1.0367570e+003  4.4800000e+000
  3.8360000e+001  1.0428667e+003  4.2900000e+000
  3.8560000e+001  1.0488245e+003  4.2700000e+000
  3.8760000e+001  1.0547994e+003  4.2300000e+000
  3.8960000e+001  1.0609916e+003  4.1400000e+000
  3.9160000e+001  1.0665399e+003  3.6100000e+000
  3.9360000e+001  1.0745383e+003  3.6600000e+000
  3.9560000e+001  1.0830084e+003  3.7300000e+000
  3.9760000e+001  1.0915738e+003  4.0000000e+000
  3.9960000e+001  1.0986166e+003  4.2200000e+000
  4.0160000e+001  1.1059595e+003  3.9800000e+000
  4.0360000e+001  1.1145215e+003  4.1100000e+000
  4.0560000e+001  1.1205932e+003  4.1100000e+000
  4.0760000e+001  1.1266101e+003  4.5900000e+000
  4.0960000e+001  1.1343835e+003  4.3300000e+000
  4.1360000e+001  1.1589192e+003  3.3500000e+000
  4.1560000e+001  1.1682301e+003  3.5500000e+000
  4.1760000e+001  1.1752269e+003  3.7000000e+000
  4.1960000e+001  1.1804141e+003  3.5700000e+000
  4.2360000e+001  1.1898482e+003  4.0400000e+000
  4.2560000e+001  1.1947758e+003  4.0300000e+000
  4.2760000e+001  1.1997019e+003  4.3900000e+000
  4.2960000e+001  1.2042597e+003  4.4300000e+000
  4.3160000e+001  1.2074603e+003  4.5600000e+000
  4.3360000e+001  1.2106521e+003  4.2200000e+000
  4.3560000e+001  1.2148795e+003  4.0200000e+000
  4.3760000e+001  1.2194496e+003  4.0300000e+000
  4.3960000e+001  1.2244939e+003  3.8400000e+000
  4.4060000e+001  1.2269564e+003  3.5500000e+000
  4.4260000e+001  1.2316052e+003  3.1800000e+000
  4.4460000e+001  1.2362554e+003  3.4200000e+000
  4.4660000e+001  1.2410115e+003  3.4700000e+000
  4.4860000e+001  1.2461347e+003  3.9900000e+000
  4.5010000e+001  1.2518244e+003  4.1400000e+000
  4.5210000e+001  1.2594610e+003  3.9500000e+000
  4.5410000e+001  1.2688980e+003  3.7700000e+000
  4.5610000e+001  1.2779832e+003  3.8100000e+000
  4.5810000e+001  1.2845154e+003  3.9600000e+000
  4.6010000e+001  1.2898123e+003  4.1600000e+000
  4.6210000e+001  1.2944318e+003  3.8200000e+000
  4.6410000e+001  1.2985620e+003  4.0100000e+000
  4.6610000e+001  1.3021965e+003  3.7600000e+000
  4.6810000e+001  1.3049467e+003  3.8100000e+000
  4.7010000e+001  1.3082842e+003  3.7000000e+000
  4.7210000e+001  1.3124082e+003  3.5800000e+000
  4.7410000e+001  1.3169495e+003  3.2900000e+000
  4.7610000e+001  1.3225644e+003  3.9800000e+000
  4.7810000e+001  1.3282727e+003  4.2500000e+000
  4.8010000e+001  1.3340887e+003  4.2400000e+000
  4.8210000e+001  1.3406200e+003  4.0800000e+000
  4.8410000e+001  1.3485466e+003  3.8200000e+000
  4.8610000e+001  1.3590633e+003  3.9000000e+000
  4.8810000e+001  1.3664586e+003  4.0200000e+000
  4.9010000e+001  1.3721142e+003  4.2600000e+000
  4.9210000e+001  1.3776400e+003  4.2900000e+000
  4.9410000e+001  1.3827094e+003  4.1500000e+000
  4.9610000e+001  1.3899385e+003  3.8900000e+000
  4.9810000e+001  1.4021992e+003  3.8700000e+000
  5.0010000e+001  1.4121143e+003  4.2900000e+000
  5.0210000e+001  1.4204842e+003  4.0600000e+000
  5.0410000e+001  1.4264696e+003  3.6300000e+000
  5.0610000e+001  1.4325327e+003  3.4400000e+000
  5.0810000e+001  1.4382485e+003  3.2300000e+000
  5.1010000e+001  1.4439710e+003  3.4500000e+000
  5.1210000e+001  1.4498854e+003  3.4200000e+000
  5.1410000e+001  1.4552853e+003  4.0600000e+000
  5.1610000e+001  1.4627175e+003  3.7800000e+000
  5.1810000e+001  1.4720725e+003  3.6300000e+000
  5.2010000e+001  1.4822809e+003  3.3000000e+000
  5.2210000e+001  1.4930914e+003  3.9300000e+000
  5.2410000e+001  1.5028785e+003  4.1900000e+000
  5.2610000e+001  1.5133316e+003  4.0200000e+000
  5.2810000e+001  1.5249795e+003  4.0900000e+000
  5.3010000e+001  1.5347514e+003  4.4000000e+000
  5.3210000e+001  1.5441197e+003  4.3300000e+000
  5.3410000e+001  1.5555798e+003  3.8000000e+000
  5.3610000e+001  1.5673047e+003  3.8600000e+000
  5.3810000e+001  1.5770957e+003  4.2400000e+000
  5.4010000e+001  1.5859168e+003  3.8100000e+000
  5.4210000e+001  1.5943376e+003  3.7100000e+000
  5.4410000e+001  1.6002577e+003  3.4500000e+000
  5.4610000e+001  1.6060529e+003  3.4200000e+000
  5.4760000e+001  1.6117232e+003  3.7900000e+000
  5.4960000e+001  1.6204711e+003  3.8400000e+000
  5.5160000e+001  1.6292608e+003  3.7000000e+000
  5.5360000e+001  1.6369356e+003  3.7600000e+000
  5.5560000e+001  1.6440320e+003  3.8400000e+000
  5.5760000e+001  1.6505299e+003  4.4900000e+000
  5.5960000e+001  1.6561980e+003  4.0900000e+000
  5.6160000e+001  1.6615721e+003  3.9700000e+000
  5.6370000e+001  1.6668086e+003  3.7500000e+000
  5.6610000e+001  1.6723378e+003  4.0700000e+000
  5.6810000e+001  1.6770908e+003  3.9100000e+000
  5.7010000e+001  1.6824102e+003  3.3200000e+000
  5.7210000e+001  1.6877816e+003  3.8400000e+000
  5.7410000e+001  1.6930901e+003  4.0500000e+000
  5.7610000e+001  1.6988644e+003  3.9500000e+000
  5.7810000e+001  1.7060972e+003  3.9600000e+000
  5.8010000e+001  1.7134855e+003  3.8900000e+000
  5.8210000e+001  1.7196793e+003  3.6000000e+000
  5.8410000e+001  1.7255272e+003  3.8000000e+000
  5.8610000e+001  1.7328593e+003  3.8500000e+000
  5.8810000e+001  1.7415402e+003  3.9600000e+000
  5.9010000e+001  1.7511748e+003  4.0200000e+000
  5.9210000e+001  1.7624418e+003  3.7000000e+000
  5.9410000e+001  1.7770742e+003  3.5400000e+000
  5.9610000e+001  1.7928832e+003  4.1700000e+000
  5.9810000e+001  1.8063863e+003  3.5800000e+000
  6.0010000e+001  1.8179540e+003  4.1600000e+000
  6.0210000e+001  1.8297050e+003  3.3400000e+000
  6.0410000e+001  1.8409093e+003  3.4100000e+000
  6.0610000e+001  1.8528585e+003  3.7700000e+000
  6.0810000e+001  1.8649720e+003  4.0000000e+000
  6.1010000e+001  1.8770857e+003  3.7100000e+000
  6.1210000e+001  1.8874883e+003  3.7300000e+000
  6.1410000e+001  1.8972780e+003  4.0700000e+000
  6.1610000e+001  1.9060059e+003  4.1100000e+000
  6.1810000e+001  1.9147073e+003  3.8100000e+000
  6.2010000e+001  1.9248003e+003  3.6300000e+000
  6.2210000e+001  1.9356466e+003  3.6000000e+000
  6.2610000e+001  1.9615711e+003  3.8600000e+000
  6.2810000e+001  1.9790300e+003  3.2600000e+000
  6.3010000e+001  1.9898816e+003  3.7300000e+000
  6.3210000e+001  1.9992489e+003  3.8500000e+000
  6.3410000e+001  2.0085236e+003  3.9500000e+000
  6.3610000e+001  2.0173030e+003  3.6900000e+000
  6.3810000e+001  2.0260661e+003  3.3800000e+000
  6.4010000e+001  2.0348302e+003  3.4000000e+000
  6.4210000e+001  2.0434748e+003  4.0200000e+000
  6.4410000e+001  2.0498317e+003  3.8100000e+000
  6.4610000e+001  2.0549836e+003  3.6800000e+000
  6.4810000e+001  2.0599414e+003  3.4700000e+000
  6.5010000e+001  2.0645988e+003  4.3800000e+000
  6.5210000e+001  2.0692448e+003  4.3400000e+000
  6.5410000e+001  2.0736682e+003  4.2000000e+000
  6.5610000e+001  2.0780917e+003  4.3400000e+000
  6.6360000e+001  2.0998220e+003  3.4200000e+000
  6.6860000e+001  2.1262185e+003  3.5200000e+000
  6.7060000e+001  2.1368262e+003  3.4200000e+000
  6.7260000e+001  2.1461853e+003  3.9900000e+000
  6.7460000e+001  2.1521540e+003  4.3100000e+000
  6.8060000e+001  2.1661801e+003  3.8200000e+000
  6.8260000e+001  2.1704815e+003  3.8800000e+000
  6.8460000e+001  2.1748924e+003  3.5400000e+000
  6.8660000e+001  2.1793509e+003  3.8300000e+000
  6.8860000e+001  2.1841060e+003  3.7200000e+000
  6.9060000e+001  2.1884986e+003  3.6500000e+000
  6.9460000e+001  2.1971426e+003  4.0100000e+000
  6.9660000e+001  2.2023733e+003  4.0800000e+000
  6.9860000e+001  2.2083100e+003  3.5900000e+000
  7.0460000e+001  2.2322457e+003  3.6100000e+000
  7.0660000e+001  2.2387895e+003  4.1300000e+000
  7.0860000e+001  2.2443606e+003  3.8900000e+000
  7.1060000e+001  2.2499317e+003  3.8500000e+000
  7.1260000e+001  2.2555680e+003  3.3400000e+000
  7.1460000e+001  2.2625345e+003  3.1700000e+000
  7.1660000e+001  2.2695075e+003  3.5400000e+000
  7.2060000e+001  2.2834356e+003  4.0000000e+000
  7.2260000e+001  2.2911922e+003  3.9200000e+000
  7.2460000e+001  2.2995310e+003  3.8600000e+000
  7.2660000e+001  2.3078753e+003  3.8400000e+000
  7.2860000e+001  2.3137356e+003  4.1600000e+000
  7.3060000e+001  2.3190720e+003  3.7600000e+000
  7.3260000e+001  2.3244068e+003  3.7600000e+000
  7.3460000e+001  2.3304407e+003  3.8100000e+000
  7.3660000e+001  2.3382724e+003  3.2200000e+000
  7.3860000e+001  2.3474773e+003  3.3700000e+000
  7.4060000e+001  2.3566755e+003  3.9800000e+000
  7.4260000e+001  2.3658736e+003  3.7300000e+000
  7.4460000e+001  2.3742521e+003  3.5300000e+000
  7.4660000e+001  2.3819219e+003  3.5300000e+000
  7.4860000e+001  2.3884298e+003  3.4200000e+000
  7.5060000e+001  2.3936670e+003  3.4300000e+000
  7.5260000e+001  2.3987667e+003  3.6500000e+000
  7.5460000e+001  2.4034907e+003  3.7600000e+000
  7.5660000e+001  2.4076429e+003  3.4800000e+000
  7.5860000e+001  2.4114482e+003  3.1000000e+000
  7.6060000e+001  2.4152505e+003  3.3200000e+000
  7.6110000e+001  2.4162004e+003  3.4400000e+000
  7.6330000e+001  2.4205066e+003  3.4300000e+000
  7.6510000e+001  2.4244777e+003  3.4000000e+000
  7.6710000e+001  2.4291617e+003  3.7000000e+000
  7.6910000e+001  2.4340561e+003  4.4200000e+000
  7.6960000e+001  2.4354611e+003  3.9300000e+000
  7.7160000e+001  2.4410811e+003  3.8900000e+000
  7.7360000e+001  2.4463953e+003  4.2100000e+000
  7.7510000e+001  2.4501498e+003  4.0900000e+000
  7.7760000e+001  2.4567884e+003  3.3800000e+000
  7.7960000e+001  2.4621903e+003  3.3200000e+000
  7.8160000e+001  2.4675921e+003  3.3900000e+000
  7.8360000e+001  2.4729940e+003  4.0000000e+000
  7.8560000e+001  2.4783442e+003  3.6600000e+000
  7.8760000e+001  2.4836491e+003  4.1300000e+000
  7.8960000e+001  2.4889524e+003  3.9800000e+000
  7.9160000e+001  2.4942556e+003  3.5300000e+000
  7.9360000e+001  2.4994740e+003  3.4500000e+000
  7.9560000e+001  2.5047553e+003  3.5700000e+000
  7.9760000e+001  2.5100564e+003  3.6200000e+000
  7.9960000e+001  2.5153574e+003  4.1900000e+000
  8.0160000e+001  2.5206585e+003  4.0100000e+000
  8.0360000e+001  2.5261385e+003  4.0700000e+000
  8.0560000e+001  2.5317984e+003  3.9700000e+000
  8.0760000e+001  2.5388414e+003  3.6600000e+000
  8.0960000e+001  2.5462594e+003  3.1500000e+000
  8.1160000e+001  2.5536744e+003  3.4200000e+000
  8.1360000e+001  2.5623353e+003  3.4800000e+000
  8.1560000e+001  2.5715406e+003  3.5800000e+000
  8.1760000e+001  2.5816067e+003  3.3700000e+000
  8.1960000e+001  2.5919419e+003  3.5800000e+000
  8.2160000e+001  2.6016170e+003  3.7500000e+000
  8.2360000e+001  2.6113013e+003  3.8800000e+000
  8.2560000e+001  2.6209962e+003  3.0500000e+000
  8.2760000e+001  2.6297384e+003  3.4800000e+000
  8.2960000e+001  2.6355228e+003  3.4000000e+000
  8.3160000e+001  2.6407135e+003  3.6300000e+000
  8.3360000e+001  2.6459098e+003  3.6700000e+000
  8.3560000e+001  2.6517573e+003  3.6700000e+000
  8.3760000e+001  2.6597694e+003  3.4300000e+000
  8.3960000e+001  2.6684428e+003  3.2500000e+000
  8.4160000e+001  2.6774092e+003  3.5100000e+000
  8.4360000e+001  2.6860185e+003  3.9300000e+000
  8.4560000e+001  2.6936377e+003  3.7800000e+000
  8.4760000e+001  2.7000647e+003  3.8500000e+000
  8.4960000e+001  2.7060669e+003  3.9100000e+000
  8.5160000e+001  2.7112086e+003  3.3300000e+000
  8.5360000e+001  2.7177920e+003  3.8100000e+000
  8.5560000e+001  2.7257963e+003  3.7300000e+000
  8.5760000e+001  2.7341554e+003  3.3300000e+000
  8.5960000e+001  2.7413140e+003  3.1400000e+000
  8.6160000e+001  2.7484357e+003  3.2400000e+000
  8.6360000e+001  2.7563486e+003  3.4700000e+000
  8.6560000e+001  2.7642528e+003  3.6000000e+000
  8.6760000e+001  2.7720212e+003  3.6000000e+000
  8.7160000e+001  2.7887552e+003  3.3800000e+000
  8.7360000e+001  2.7969170e+003  3.5600000e+000
  8.7560000e+001  2.8050731e+003  3.6100000e+000
  8.7760000e+001  2.8142006e+003  3.8700000e+000
  8.7810000e+001  2.8165757e+003  3.6400000e+000
  8.8010000e+001  2.8249950e+003  3.2400000e+000
  8.8210000e+001  2.8337846e+003  3.2600000e+000
  8.8410000e+001  2.8428113e+003  3.4300000e+000
  8.8610000e+001  2.8518311e+003  3.4400000e+000
  8.8810000e+001  2.8608803e+003  3.3800000e+000
  8.9010000e+001  2.8712067e+003  3.4300000e+000
  8.9210000e+001  2.8813944e+003  3.5100000e+000
  8.9410000e+001  2.8910967e+003  3.6600000e+000
  8.9610000e+001  2.8981408e+003  2.9500000e+000
  8.9810000e+001  2.9038690e+003  3.6600000e+000
  9.0010000e+001  2.9089450e+003  3.3700000e+000
  9.0210000e+001  2.9138662e+003  3.3200000e+000
  9.0410000e+001  2.9188647e+003  3.6700000e+000
  9.0610000e+001  2.9241092e+003  3.6400000e+000
  9.0810000e+001  2.9306584e+003  3.4600000e+000
  9.1010000e+001  2.9395239e+003  3.3200000e+000
  9.1210000e+001  2.9486764e+003  3.0200000e+000
  9.1410000e+001  2.9572749e+003  3.6000000e+000
  9.1610000e+001  2.9648315e+003  3.3100000e+000
  9.1810000e+001  2.9727247e+003  3.5900000e+000
  9.2010000e+001  2.9811745e+003  3.7600000e+000
  9.2210000e+001  2.9905425e+003  3.2900000e+000
  9.2410000e+001  3.0017483e+003  3.4700000e+000
  9.2610000e+001  3.0124076e+003  4.0600000e+000
  9.2810000e+001  3.0216302e+003  3.5800000e+000
  9.3010000e+001  3.0300880e+003  3.4600000e+000
  9.3210000e+001  3.0389607e+003  3.5900000e+000
  9.3410000e+001  3.0484767e+003  3.2600000e+000
  9.3610000e+001  3.0569958e+003  3.0300000e+000
  9.3810000e+001  3.0634042e+003  3.1500000e+000
  9.4210000e+001  3.0756139e+003  3.2300000e+000
  9.4410000e+001  3.0816208e+003  3.1700000e+000
  9.4610000e+001  3.0865639e+003  3.3800000e+000
  9.4810000e+001  3.0907806e+003  3.3400000e+000
  9.5210000e+001  3.0992081e+003  3.0800000e+000
  9.5410000e+001  3.1034218e+003  3.0900000e+000
  9.5610000e+001  3.1076368e+003  2.9800000e+000
  9.5810000e+001  3.1118581e+003  3.4500000e+000
  9.6010000e+001  3.1160751e+003  3.4100000e+000
  9.6210000e+001  3.1202888e+003  3.3700000e+000
  9.6410000e+001  3.1245026e+003  3.3700000e+000
  9.6610000e+001  3.1288761e+003  3.4700000e+000
  9.6810000e+001  3.1335591e+003  3.5400000e+000
  9.7010000e+001  3.1385559e+003  3.5700000e+000
  9.7210000e+001  3.1440211e+003  3.5100000e+000
  9.7460000e+001  3.1509768e+003  3.0200000e+000
  9.7660000e+001  3.1591060e+003  2.9300000e+000
  9.7860000e+001  3.1695422e+003  3.0600000e+000
  9.8060000e+001  3.1816473e+003  3.2900000e+000
  9.8260000e+001  3.1972719e+003  3.1100000e+000
  9.8460000e+001  3.2131404e+003  3.2300000e+000
  9.8660000e+001  3.2244377e+003  3.3400000e+000
  9.8860000e+001  3.2347822e+003  3.2600000e+000
  9.9060000e+001  3.2451124e+003  3.2500000e+000
  9.9260000e+001  3.2551501e+003  3.4200000e+000
  9.9460000e+001  3.2642388e+003  3.4800000e+000
  9.9660000e+001  3.2728856e+003  3.5700000e+000
  9.9860000e+001  3.2789031e+003  3.5000000e+000
  1.0006000e+002  3.2848189e+003  3.4500000e+000
  1.0046000e+002  3.2957546e+003  3.8000000e+000
  1.0066000e+002  3.3014214e+003  3.7100000e+000
  1.0086000e+002  3.3086328e+003  3.3600000e+000
  1.0106000e+002  3.3172022e+003  3.4000000e+000
  1.0126000e+002  3.3270843e+003  3.2600000e+000
  1.0166000e+002  3.3502680e+003  3.2100000e+000
  1.0186000e+002  3.3621291e+003  3.2800000e+000
  1.0206000e+002  3.3739901e+003  3.1600000e+000
  1.0212000e+002  3.3775484e+003  3.3400000e+000
  1.0238000e+002  3.3926359e+003  3.2800000e+000
  1.0246000e+002  3.3971993e+003  3.0700000e+000
  1.0265000e+002  3.4086159e+003  3.2900000e+000
  1.0286000e+002  3.4221592e+003  3.2000000e+000
  1.0301000e+002  3.4318304e+003  3.0500000e+000
  1.0306000e+002  3.4350531e+003  2.7500000e+000
  1.0321000e+002  3.4456611e+003  3.1100000e+000
  1.0341000e+002  3.4628553e+003  3.2100000e+000
  1.0361000e+002  3.4800184e+003  3.1000000e+000
  1.0401000e+002  3.5154317e+003  2.9900000e+000
  1.0421000e+002  3.5328109e+003  3.0500000e+000
  1.0441000e+002  3.5514627e+003  3.2800000e+000
  1.0461000e+002  3.5684217e+003  3.0400000e+000
  1.0478000e+002  3.5823797e+003  3.2300000e+000
  1.0501000e+002  3.6011283e+003  3.0700000e+000
  1.0521000e+002  3.6182856e+003  3.1600000e+000
  1.0541000e+002  3.6345889e+003  3.2600000e+000
  1.0561000e+002  3.6462049e+003  3.1700000e+000
  1.0581000e+002  3.6561238e+003  3.2500000e+000
  1.0601000e+002  3.6642489e+003  3.5300000e+000
  1.0621000e+002  3.6696288e+003  3.5300000e+000
  1.0639000e+002  3.6749447e+003  3.3600000e+000
  1.0661000e+002  3.6842887e+003  3.1900000e+000
  1.0679000e+002  3.6925242e+003  3.1500000e+000
  1.0701000e+002  3.7025322e+003  3.1300000e+000
  1.0722000e+002  3.7116941e+003  3.5200000e+000
  1.0739000e+002  3.7201923e+003  3.2400000e+000
  1.0761000e+002  3.7321975e+003  3.2400000e+000
  1.0771000e+002  3.7376510e+003  2.9400000e+000
  1.0777000e+002  3.7409230e+003  3.1300000e+000
  1.0791000e+002  3.7488030e+003  2.8600000e+000
  1.0811000e+002  3.7603626e+003  3.0500000e+000
  1.0831000e+002  3.7721610e+003  3.1700000e+000
  1.0851000e+002  3.7824592e+003  3.0500000e+000
  1.0871000e+002  3.7911413e+003  3.2600000e+000
  1.0891000e+002  3.7971029e+003  3.4500000e+000
  1.0911000e+002  3.8030672e+003  3.3700000e+000
  1.0931000e+002  3.8090354e+003  3.2100000e+000
  1.0951000e+002  3.8150133e+003  3.0900000e+000
  1.0971000e+002  3.8209897e+003  3.0800000e+000
  1.0991000e+002  3.8269513e+003  3.3000000e+000
  1.1011000e+002  3.8332280e+003  3.3200000e+000
  1.1031000e+002  3.8411547e+003  2.8900000e+000
  1.1051000e+002  3.8503982e+003  3.1600000e+000
