  1.1000000e-001  4.1316876e+000  3.3500000e+000
  1.1000000e-001  4.1316876e+000  3.7600000e+000
  2.1000000e-001  9.6219143e+000  4.3400000e+000
  2.1000000e-001  9.6219143e+000  3.8900000e+000
  3.1000000e-001  1.4901621e+001  4.2800000e+000
  3.1000000e-001  1.4901621e+001  4.8600000e+000
  4.1000000e-001  2.0181329e+001  4.9600000e+000
  4.1000000e-001  2.0181329e+001  5.1400000e+000
  4.1000000e-001  2.0181329e+001  4.8800000e+000
  5.1000000e-001  2.5461036e+001  4.8600000e+000
  5.1000000e-001  2.5461036e+001  4.9400000e+000
  6.1000000e-001  3.0740743e+001  4.6100000e+000
  6.1000000e-001  3.0740743e+001  4.8900000e+000
  7.1000000e-001  3.6020450e+001  4.7000000e+000
  7.1000000e-001  3.6020450e+001  4.6700000e+000
  8.1000000e-001  4.1294584e+001  4.7300000e+000
  8.1000000e-001  4.1294584e+001  4.4800000e+000
  9.1000000e-001  4.5987657e+001  4.7300000e+000
  9.1000000e-001  4.5987657e+001  4.4700000e+000
  1.0100000e+000  5.0487592e+001  4.5500000e+000
  1.0100000e+000  5.0487592e+001  4.5300000e+000
  1.1100000e+000  5.4711224e+001  4.6000000e+000
  1.1100000e+000  5.4711224e+001  4.3700000e+000
  1.2100000e+000  5.8935149e+001  4.5300000e+000
  1.2100000e+000  5.8935149e+001  4.2300000e+000
  1.3100000e+000  6.3158836e+001  4.5300000e+000
  1.3100000e+000  6.3158836e+001  4.4500000e+000
  1.4100000e+000  6.7382575e+001  4.6100000e+000
  1.4100000e+000  6.7382575e+001  4.3000000e+000
  1.5100000e+000  7.1606472e+001  4.6600000e+000
  1.5100000e+000  7.1606472e+001  4.1000000e+000
  1.9100000e+000  8.8501352e+001  4.5100000e+000
  1.9100000e+000  8.8501352e+001  4.0900000e+000
  2.1100000e+000  9.6948960e+001  4.2000000e+000
  2.1100000e+000  9.6948960e+001  4.0900000e+000
  2.2100000e+000  1.0117270e+002  4.1800000e+000
  2.2100000e+000  1.0117270e+002  4.2500000e+000
  2.3100000e+000  1.0539660e+002  3.9200000e+000
  2.3100000e+000  1.0539660e+002  4.1000000e+000
  2.4100000e+000  1.0962020e+002  3.9400000e+000
  2.4100000e+000  1.0962020e+002  4.4700000e+000
  2.5100000e+000  1.1420181e+002  3.9400000e+000
  2.5100000e+000  1.1420181e+002  4.0100000e+000
  2.6100000e+000  1.1899087e+002  3.7400000e+000
  2.6100000e+000  1.1899087e+002  3.8800000e+000
  2.7100000e+000  1.2427058e+002  3.1000000e+000
  2.7100000e+000  1.2427058e+002  3.6000000e+000
  2.8100000e+000  1.2956198e+002  3.7700000e+000
  2.8100000e+000  1.2956198e+002  4.4400000e+000
  2.9100000e+000  1.3519388e+002  4.7100000e+000
  2.9100000e+000  1.3519388e+002  4.9500000e+000
  3.0100000e+000  1.4181306e+002  5.0500000e+000
  3.0100000e+000  1.4181306e+002  4.8700000e+000
  3.0100000e+000  1.4181306e+002  4.7700000e+000
  3.1100000e+000  1.4885276e+002  4.8200000e+000
  3.1100000e+000  1.4885276e+002  4.9800000e+000
  3.1100000e+000  1.4885276e+002  4.6400000e+000
  3.2100000e+000  1.5589245e+002  4.8400000e+000
  3.2100000e+000  1.5589245e+002  4.9600000e+000
  3.2100000e+000  1.5589245e+002  4.7200000e+000
  3.3100000e+000  1.6293208e+002  4.9100000e+000
  3.3100000e+000  1.6293208e+002  4.8000000e+000
  3.3100000e+000  1.6293208e+002  4.9000000e+000
  3.4100000e+000  1.6997160e+002  4.8600000e+000
  3.4100000e+000  1.6997160e+002  4.6900000e+000
  3.5100000e+000  1.7701112e+002  4.5200000e+000
  3.5100000e+000  1.7701112e+002  4.4700000e+000
  3.6100000e+000  1.8324059e+002  4.6200000e+000
  3.6100000e+000  1.8324059e+002  4.5900000e+000
  3.7100000e+000  1.8878666e+002  4.5600000e+000
  3.7100000e+000  1.8878666e+002  4.3100000e+000
  3.8100000e+000  1.9396172e+002  4.1600000e+000
  3.8100000e+000  1.9396172e+002  3.7300000e+000
  3.9100000e+000  1.9865472e+002  3.9000000e+000
  4.0100000e+000  2.0334775e+002  3.7700000e+000
  4.0100000e+000  2.0334775e+002  3.6400000e+000
  4.1100000e+000  2.0804099e+002  3.8800000e+000
  4.1100000e+000  2.0804099e+002  3.4500000e+000
  4.2100000e+000  2.1331020e+002  4.0000000e+000
  4.3100000e+000  2.1891237e+002  3.9000000e+000
  4.4100000e+000  2.2536754e+002  4.2300000e+000
  4.5100000e+000  2.3205089e+002  3.9900000e+000
  4.6100000e+000  2.3768237e+002  3.7400000e+000
  4.7100000e+000  2.4331423e+002  4.0100000e+000
  4.8100000e+000  2.4894588e+002  4.4900000e+000
  4.9100000e+000  2.5457747e+002  4.5600000e+000
  5.0100000e+000  2.6020937e+002  4.5300000e+000
  5.1100000e+000  2.6584087e+002  4.6800000e+000
  5.1100000e+000  2.6584087e+002  4.0000000e+000
  5.2100000e+000  2.7147260e+002  4.8300000e+000
  5.3100000e+000  2.7710439e+002  4.5700000e+000
  5.3200000e+000  2.7766754e+002  4.3100000e+000
  5.3200000e+000  2.7766754e+002  4.6400000e+000
  5.4200000e+000  2.8329903e+002  4.3200000e+000
  5.4200000e+000  2.8329903e+002  4.4500000e+000
  5.5200000e+000  2.8893092e+002  4.3100000e+000
  5.5200000e+000  2.8893092e+002  4.2300000e+000
  5.6200000e+000  2.9456253e+002  4.2400000e+000
  5.7200000e+000  3.0006476e+002  4.0900000e+000
  5.8200000e+000  3.0516740e+002  4.0800000e+000
  5.9200000e+000  3.0962447e+002  4.0400000e+000
  6.0200000e+000  3.1384814e+002  4.0000000e+000
  6.1200000e+000  3.1807206e+002  3.6900000e+000
  6.2200000e+000  3.2229572e+002  3.5900000e+000
  6.3200000e+000  3.2651949e+002  3.3000000e+000
  6.3200000e+000  3.2651949e+002  3.5000000e+000
  6.4200000e+000  3.3082593e+002  3.7900000e+000
  6.5200000e+000  3.3573992e+002  3.9700000e+000
  6.6200000e+000  3.4164774e+002  4.6800000e+000
  6.7200000e+000  3.5044725e+002  4.5200000e+000
  6.8200000e+000  3.5924676e+002  4.6500000e+000
  6.9200000e+000  3.6804627e+002  4.4800000e+000
  6.9200000e+000  3.6804627e+002  4.6700000e+000
  7.0200000e+000  3.7684579e+002  4.3500000e+000
  7.1200000e+000  3.8564530e+002  3.9300000e+000
  7.1200000e+000  3.8564530e+002  4.2200000e+000
  7.2200000e+000  3.9444481e+002  4.0000000e+000
  7.2200000e+000  3.9444481e+002  4.2900000e+000
  7.3200000e+000  4.0324432e+002  3.7000000e+000
  7.4200000e+000  4.1100999e+002  4.0100000e+000
  7.4300000e+000  4.1171382e+002  4.2400000e+000
  7.5300000e+000  4.2021282e+002  3.5200000e+000
  7.6300000e+000  4.3167062e+002  5.2000000e+000
  7.7300000e+000  4.4701267e+002  4.7900000e+000
  7.7300000e+000  4.4701267e+002  4.3200000e+000
  7.8300000e+000  4.5824620e+002  4.4000000e+000
  7.8300000e+000  4.5824620e+002  4.5700000e+000
  7.9300000e+000  4.6770215e+002  4.3000000e+000
  7.9300000e+000  4.6770215e+002  4.7600000e+000
  8.0300000e+000  4.7645137e+002  4.5000000e+000
  8.1300000e+000  4.8349099e+002  4.1800000e+000
  8.2300000e+000  4.9053069e+002  4.0800000e+000
  8.3300000e+000  4.9757038e+002  4.0700000e+000
  8.3300000e+000  4.9757038e+002  3.6500000e+000
  8.4300000e+000  5.0461008e+002  4.0500000e+000
  8.4300000e+000  5.0461008e+002  4.0000000e+000
  8.6300000e+000  5.1868921e+002  4.0600000e+000
  8.7300000e+000  5.2572874e+002  4.2900000e+000
  8.8300000e+000  5.3276826e+002  4.4400000e+000
  8.9300000e+000  5.3980785e+002  4.5700000e+000
  8.9300000e+000  5.3980785e+002  4.6900000e+000
  9.0300000e+000  5.4684755e+002  4.7300000e+000
  9.1300000e+000  5.5388725e+002  4.8200000e+000
  9.2300000e+000  5.6092694e+002  4.0400000e+000
  9.3300000e+000  5.6796658e+002  4.5800000e+000
  9.4300000e+000  5.7500610e+002  3.8500000e+000
  9.5300000e+000  5.8188640e+002  4.3300000e+000
  9.6300000e+000  5.8751830e+002  4.4300000e+000
  9.7300000e+000  5.9424972e+002  4.0800000e+000
  9.8300000e+000  6.0128941e+002  4.1800000e+000
  9.9300000e+000  6.0832911e+002  4.0900000e+000
  1.0030000e+001  6.1686690e+002  4.0900000e+000
  1.0130000e+001  6.2612797e+002  4.7400000e+000
  1.0230000e+001  6.3720197e+002  4.8000000e+000
  1.0330000e+001  6.4893539e+002  4.8600000e+000
  1.0430000e+001  6.5928191e+002  4.7600000e+000
  1.0530000e+001  6.6836268e+002  4.5900000e+000
  1.0630000e+001  6.7608671e+002  4.6100000e+000
  1.0630000e+001  6.7608671e+002  4.0600000e+000
  1.0630000e+001  6.7608671e+002  3.8800000e+000
  1.0730000e+001  6.8171734e+002  4.2400000e+000
  1.0730000e+001  6.8171734e+002  4.2800000e+000
  1.0830000e+001  6.8734797e+002  4.4500000e+000
  1.0830000e+001  6.8734797e+002  4.1600000e+000
  1.0930000e+001  6.9297860e+002  3.2600000e+000
  1.0930000e+001  6.9297860e+002  3.8000000e+000
  1.1030000e+001  6.9861007e+002  3.8200000e+000
  1.1030000e+001  6.9861007e+002  3.5000000e+000
  1.1130000e+001  7.0424493e+002  4.2900000e+000
  1.1130000e+001  7.0424493e+002  3.9700000e+000
  1.1230000e+001  7.0987613e+002  4.3400000e+000
  1.1230000e+001  7.0987613e+002  4.3000000e+000
  1.1330000e+001  7.1550676e+002  4.6000000e+000
  1.1330000e+001  7.1550676e+002  4.6200000e+000
  1.1430000e+001  7.2142387e+002  4.6400000e+000
  1.1430000e+001  7.2142387e+002  4.8100000e+000
  1.1530000e+001  7.2846208e+002  4.2300000e+000
  1.1530000e+001  7.2846208e+002  4.6500000e+000
  1.1630000e+001  7.3550047e+002  4.6400000e+000
  1.1630000e+001  7.3550047e+002  4.2500000e+000
  1.1730000e+001  7.4396127e+002  4.4200000e+000
  1.1730000e+001  7.4396127e+002  4.3500000e+000
  1.1830000e+001  7.5275797e+002  4.4700000e+000
  1.1830000e+001  7.5275797e+002  4.6500000e+000
  1.1930000e+001  7.6155810e+002  4.2500000e+000
  1.1930000e+001  7.6155810e+002  4.1300000e+000
  1.2030000e+001  7.7035589e+002  4.2800000e+000
  1.2030000e+001  7.7035589e+002  4.2200000e+000
  1.2130000e+001  7.7780968e+002  3.4000000e+000
  1.2430000e+001  7.9470721e+002  4.7500000e+000
  1.2430000e+001  7.9470721e+002  4.7500000e+000
  1.2530000e+001  8.0033784e+002  4.4200000e+000
  1.2530000e+001  8.0033784e+002  4.4900000e+000
  1.2630000e+001  8.0596847e+002  4.9000000e+000
  1.2630000e+001  8.0596847e+002  4.9600000e+000
  1.2730000e+001  8.1159910e+002  4.7400000e+000
  1.2830000e+001  8.1723234e+002  4.2000000e+000
  1.2830000e+001  8.1723234e+002  4.1900000e+000
  1.2930000e+001  8.2326598e+002  4.2000000e+000
  1.3030000e+001  8.3030780e+002  4.2500000e+000
  1.3130000e+001  8.3734551e+002  4.1300000e+000
  1.3230000e+001  8.4438440e+002  3.6400000e+000
  1.3230000e+001  8.4438440e+002  3.7900000e+000
  1.3330000e+001  8.5142622e+002  3.5600000e+000
  1.3430000e+001  8.5846805e+002  3.8100000e+000
  1.3430000e+001  8.5846805e+002  4.1000000e+000
  1.3530000e+001  8.6550562e+002  4.1400000e+000
  1.3530000e+001  8.6550562e+002  3.9100000e+000
  1.3630000e+001  8.7317782e+002  4.9100000e+000
  1.3730000e+001  8.8198063e+002  4.6100000e+000
  1.3730000e+001  8.8198063e+002  4.7300000e+000
  1.3830000e+001  8.9078154e+002  4.7300000e+000
  1.3830000e+001  8.9078154e+002  4.8300000e+000
  1.3930000e+001  8.9928806e+002  4.1500000e+000
  1.4030000e+001  9.0632989e+002  4.3600000e+000
  1.4130000e+001  9.1336466e+002  3.9500000e+000
  1.4230000e+001  9.2040648e+002  4.4700000e+000
  1.4330000e+001  9.2774648e+002  4.2600000e+000
  1.4330000e+001  9.2774648e+002  4.5000000e+000
  1.4430000e+001  9.3654843e+002  4.5500000e+000
  1.4430000e+001  9.3654843e+002  4.1200000e+000
  1.4530000e+001  9.4527491e+002  3.6000000e+000
  1.4530000e+001  9.4527491e+002  3.6700000e+000
  1.4630000e+001  9.5160473e+002  4.0000000e+000
  1.4630000e+001  9.5160473e+002  3.7000000e+000
  1.4730000e+001  9.5717343e+002  4.3700000e+000
  1.4730000e+001  9.5717343e+002  3.9900000e+000
  1.4930000e+001  9.6773239e+002  4.4500000e+000
  1.4930000e+001  9.6773239e+002  4.6500000e+000
  1.5030000e+001  9.7301408e+002  4.2000000e+000
  1.5030000e+001  9.7301408e+002  4.1700000e+000
  1.5130000e+001  9.7829092e+002  4.0900000e+000
  1.5130000e+001  9.7829092e+002  4.0500000e+000
  1.5230000e+001  9.8357218e+002  4.2000000e+000
  1.5230000e+001  9.8357218e+002  4.3200000e+000
  1.5330000e+001  9.8884967e+002  4.2000000e+000
  1.5330000e+001  9.8884967e+002  4.1500000e+000
  1.5430000e+001  9.9413028e+002  4.1300000e+000
  1.5430000e+001  9.9413028e+002  4.3100000e+000
  1.5530000e+001  9.9941197e+002  4.1500000e+000
  1.5530000e+001  9.9941197e+002  3.9400000e+000
  1.5630000e+001  1.0046935e+003  4.3200000e+000
  1.5630000e+001  1.0046935e+003  4.1900000e+000
  1.5730000e+001  1.0099723e+003  4.0100000e+000
  1.5730000e+001  1.0099723e+003  4.2200000e+000
  1.5830000e+001  1.0152467e+003  4.0900000e+000
  1.5830000e+001  1.0152467e+003  3.9500000e+000
  1.5930000e+001  1.0205253e+003  4.3900000e+000
  1.6030000e+001  1.0259459e+003  4.1000000e+000
  1.6130000e+001  1.0316577e+003  4.1500000e+000
  1.6230000e+001  1.0387008e+003  4.3600000e+000
  1.6330000e+001  1.0457387e+003  4.3000000e+000
  1.6430000e+001  1.0527798e+003  4.4200000e+000
  1.6430000e+001  1.0527798e+003  4.3200000e+000
  1.6530000e+001  1.0598229e+003  4.2700000e+000
  1.6530000e+001  1.0598229e+003  4.1300000e+000
  1.6630000e+001  1.0668659e+003  3.6700000e+000
  1.6730000e+001  1.0739012e+003  3.3900000e+000
  1.6730000e+001  1.0739012e+003  3.4600000e+000
  1.6830000e+001  1.0816342e+003  4.0600000e+000
  1.6930000e+001  1.0904417e+003  4.1100000e+000
  1.7030000e+001  1.0992445e+003  4.3700000e+000
  1.7130000e+001  1.1080360e+003  4.2200000e+000
  1.7200000e+001  1.1141947e+003  4.1800000e+000
  1.7210000e+001  1.1150745e+003  3.9500000e+000
  1.7310000e+001  1.1238737e+003  4.2800000e+000
  1.7410000e+001  1.1326802e+003  4.0800000e+000
  1.7510000e+001  1.1414801e+003  4.1100000e+000
  1.7610000e+001  1.1502721e+003  3.9300000e+000
  1.7610000e+001  1.1502721e+003  3.7400000e+000
  1.7710000e+001  1.1578885e+003  3.7600000e+000
  1.7710000e+001  1.1578885e+003  4.1300000e+000
  1.7720000e+001  1.1585889e+003  3.8500000e+000
  1.7820000e+001  1.1656314e+003  3.7000000e+000
  1.7920000e+001  1.1726714e+003  3.7400000e+000
  1.8020000e+001  1.1797104e+003  3.9400000e+000
  1.8120000e+001  1.1867528e+003  3.7600000e+000
  1.8220000e+001  1.1937934e+003  4.7400000e+000
  1.8220000e+001  1.1937934e+003  4.3500000e+000
  1.8320000e+001  1.2008309e+003  4.8200000e+000
  1.8420000e+001  1.2078675e+003  4.6600000e+000
  1.8520000e+001  1.2149081e+003  4.3400000e+000
  1.8520000e+001  1.2149081e+003  4.3600000e+000
  1.8620000e+001  1.2219437e+003  4.1400000e+000
  1.8720000e+001  1.2289823e+003  4.1100000e+000
  1.8720000e+001  1.2289823e+003  3.6200000e+000
  1.8820000e+001  1.2360229e+003  3.8800000e+000
  1.8920000e+001  1.2430570e+003  4.1100000e+000
  1.8920000e+001  1.2430570e+003  4.0400000e+000
  1.9020000e+001  1.2500998e+003  4.4200000e+000
  1.9120000e+001  1.2571428e+003  4.4300000e+000
  1.9120000e+001  1.2571428e+003  4.6200000e+000
  1.9220000e+001  1.2640991e+003  4.2700000e+000
  1.9220000e+001  1.2640991e+003  4.3300000e+000
  1.9320000e+001  1.2697297e+003  4.0700000e+000
  1.9320000e+001  1.2697297e+003  3.8900000e+000
  1.9420000e+001  1.2753604e+003  3.8300000e+000
  1.9420000e+001  1.2753604e+003  4.1600000e+000
  1.9520000e+001  1.2809910e+003  3.9500000e+000
  1.9620000e+001  1.2866219e+003  4.0300000e+000
  1.9620000e+001  1.2866219e+003  4.5700000e+000
  1.9720000e+001  1.2922568e+003  4.2500000e+000
  1.9720000e+001  1.2922568e+003  4.3600000e+000
  1.9820000e+001  1.2978885e+003  4.5400000e+000
  1.9820000e+001  1.2978885e+003  4.2700000e+000
  1.9820000e+001  1.2978885e+003  4.4500000e+000
  1.9920000e+001  1.3035191e+003  4.3500000e+000
  1.9920000e+001  1.3035191e+003  4.3000000e+000
  2.0020000e+001  1.3092491e+003  3.9500000e+000
  2.0020000e+001  1.3092491e+003  4.1400000e+000
  2.0120000e+001  1.3162920e+003  3.9400000e+000
  2.0220000e+001  1.3233298e+003  4.2200000e+000
  2.0220000e+001  1.3233298e+003  4.1200000e+000
  2.0320000e+001  1.3303712e+003  4.2500000e+000
  2.0320000e+001  1.3303712e+003  4.3900000e+000
  2.0420000e+001  1.3374143e+003  4.4000000e+000
  2.0420000e+001  1.3374143e+003  4.4100000e+000
  2.0420000e+001  1.3374143e+003  4.1000000e+000
  2.0520000e+001  1.3444503e+003  4.2500000e+000
  2.0520000e+001  1.3444503e+003  4.0700000e+000
  2.0620000e+001  1.3514913e+003  3.6300000e+000
  2.0620000e+001  1.3514913e+003  3.8300000e+000
  2.0720000e+001  1.3585319e+003  3.9200000e+000
  2.0720000e+001  1.3585319e+003  3.8900000e+000
  2.0820000e+001  1.3647042e+003  4.3400000e+000
  2.0820000e+001  1.3647042e+003  4.3200000e+000
  2.0920000e+001  1.3702394e+003  3.9200000e+000
  2.0920000e+001  1.3702394e+003  4.2900000e+000
  2.1020000e+001  1.3755198e+003  4.2900000e+000
  2.1020000e+001  1.3755198e+003  4.1800000e+000
  2.1120000e+001  1.3807961e+003  4.0600000e+000
  2.1120000e+001  1.3807961e+003  3.7200000e+000
  2.1220000e+001  1.3860693e+003  4.2000000e+000
  2.1220000e+001  1.3860693e+003  3.8600000e+000
  2.1320000e+001  1.3913557e+003  4.0100000e+000
  2.1320000e+001  1.3913557e+003  4.1400000e+000
  2.1420000e+001  1.3966421e+003  3.8000000e+000
  2.1420000e+001  1.3966421e+003  3.8900000e+000
  2.1520000e+001  1.4019148e+003  4.0300000e+000
  2.1520000e+001  1.4019148e+003  3.7100000e+000
  2.1620000e+001  1.4071912e+003  4.3600000e+000
  2.1620000e+001  1.4071912e+003  4.2800000e+000
  2.1720000e+001  1.4124719e+003  4.4300000e+000
  2.1820000e+001  1.4177571e+003  3.7400000e+000
  2.1820000e+001  1.4177571e+003  4.3400000e+000
  2.1920000e+001  1.4230370e+003  3.9600000e+000
  2.1920000e+001  1.4230370e+003  4.3800000e+000
  2.2020000e+001  1.4285360e+003  4.2200000e+000
  2.2120000e+001  1.4345839e+003  3.7100000e+000
  2.2120000e+001  1.4345839e+003  3.4600000e+000
  2.2220000e+001  1.4416256e+003  3.6700000e+000
  2.2320000e+001  1.4480486e+003  3.6200000e+000
  2.2420000e+001  1.4536831e+003  4.3900000e+000
  2.2520000e+001  1.4593137e+003  4.2800000e+000
  2.2620000e+001  1.4649443e+003  4.5200000e+000
  2.2620000e+001  1.4649443e+003  4.4300000e+000
  2.2720000e+001  1.4714959e+003  3.9300000e+000
  2.2720000e+001  1.4714959e+003  3.8500000e+000
  2.2820000e+001  1.4802950e+003  3.8000000e+000
  2.2920000e+001  1.4890242e+003  3.8200000e+000
  2.3020000e+001  1.4949725e+003  4.5200000e+000
  2.3120000e+001  1.5006031e+003  4.5700000e+000
  2.3120000e+001  1.5006031e+003  4.2700000e+000
  2.3120000e+001  1.5006031e+003  4.3400000e+000
  2.3220000e+001  1.5062337e+003  4.5300000e+000
  2.3320000e+001  1.5118644e+003  4.0600000e+000
  2.3420000e+001  1.5174983e+003  4.1000000e+000
  2.3520000e+001  1.5231313e+003  3.5700000e+000
  2.3620000e+001  1.5287619e+003  4.1100000e+000
  2.3620000e+001  1.5287619e+003  4.3500000e+000
  2.3720000e+001  1.5343925e+003  4.3400000e+000
  2.3820000e+001  1.5400232e+003  4.4000000e+000
  2.3920000e+001  1.5456557e+003  4.5600000e+000
  2.4020000e+001  1.5512900e+003  3.8900000e+000
  2.4020000e+001  1.5512900e+003  3.9200000e+000
  2.4120000e+001  1.5569207e+003  4.0400000e+000
  2.4120000e+001  1.5569207e+003  3.8500000e+000
  2.4220000e+001  1.5625513e+003  3.8200000e+000
  2.4320000e+001  1.5681819e+003  4.4500000e+000
  2.4320000e+001  1.5681819e+003  4.1700000e+000
  2.4320000e+001  1.5681819e+003  3.8000000e+000
  2.4420000e+001  1.5738131e+003  4.5500000e+000
  2.4420000e+001  1.5738131e+003  4.5400000e+000
  2.4520000e+001  1.5794479e+003  4.4900000e+000
  2.4520000e+001  1.5794479e+003  4.5500000e+000
  2.4620000e+001  1.5850795e+003  4.2600000e+000
  2.4620000e+001  1.5850795e+003  4.0300000e+000
  2.4720000e+001  1.5907101e+003  4.2300000e+000
  2.5020000e+001  1.6076053e+003  4.1300000e+000
  2.5020000e+001  1.6076053e+003  4.2700000e+000
  2.5120000e+001  1.6130759e+003  4.1000000e+000
  2.5120000e+001  1.6130759e+003  3.9300000e+000
  2.5220000e+001  1.6183593e+003  4.2600000e+000
  2.5220000e+001  1.6183593e+003  4.2200000e+000
  2.5320000e+001  1.6236409e+003  4.3100000e+000
  2.5420000e+001  1.6289142e+003  4.0700000e+000
  2.5520000e+001  1.6341931e+003  4.0200000e+000
  2.5520000e+001  1.6341931e+003  4.2300000e+000
  2.5620000e+001  1.6394788e+003  4.4100000e+000
  2.5720000e+001  1.6447599e+003  4.3400000e+000
  2.5820000e+001  1.6500369e+003  4.5500000e+000
  2.5820000e+001  1.6500369e+003  4.6500000e+000
  2.5820000e+001  1.6500369e+003  4.4300000e+000
  2.5920000e+001  1.6553089e+003  4.6000000e+000
  2.5920000e+001  1.6553089e+003  4.6800000e+000
  2.5920000e+001  1.6553089e+003  4.5200000e+000
  2.6020000e+001  1.6605945e+003  4.7000000e+000
  2.6120000e+001  1.6658809e+003  4.3400000e+000
  2.6120000e+001  1.6658809e+003  4.8300000e+000
  2.6220000e+001  1.6711556e+003  4.2600000e+000
  2.6220000e+001  1.6711556e+003  4.3500000e+000
  2.6320000e+001  1.6766948e+003  4.3700000e+000
  2.6420000e+001  1.6831733e+003  4.0500000e+000
  2.6420000e+001  1.6831733e+003  4.0700000e+000
  2.6420000e+001  1.6831733e+003  4.1100000e+000
  2.6520000e+001  1.6919708e+003  4.3200000e+000
  2.6520000e+001  1.6919708e+003  4.1500000e+000
  2.6620000e+001  1.7007702e+003  4.2800000e+000
  2.6620000e+001  1.7007702e+003  4.2900000e+000
  2.6720000e+001  1.7104164e+003  4.6400000e+000
  2.6720000e+001  1.7104164e+003  4.5000000e+000
  2.6720000e+001  1.7104164e+003  4.4200000e+000
  2.6820000e+001  1.7217831e+003  4.3000000e+000
  2.6820000e+001  1.7217831e+003  3.8200000e+000
  2.6920000e+001  1.7335096e+003  4.1600000e+000
  2.6920000e+001  1.7335096e+003  3.6900000e+000
  2.7020000e+001  1.7452457e+003  4.4500000e+000
  2.7020000e+001  1.7452457e+003  4.2300000e+000
  2.7120000e+001  1.7569729e+003  4.2100000e+000
  2.7120000e+001  1.7569729e+003  4.4200000e+000
  2.7130000e+001  1.7581456e+003  3.8200000e+000
  2.7130000e+001  1.7581456e+003  4.2300000e+000
  2.7230000e+001  1.7698826e+003  3.8800000e+000
  2.7330000e+001  1.7816199e+003  3.9900000e+000
  2.7330000e+001  1.7816199e+003  4.3200000e+000
  2.7430000e+001  1.7933470e+003  4.2800000e+000
  2.7430000e+001  1.7933470e+003  4.3100000e+000
  2.7530000e+001  1.8043132e+003  3.9300000e+000
  2.7530000e+001  1.8043132e+003  4.1300000e+000
  2.7630000e+001  1.8136999e+003  3.9200000e+000
  2.7730000e+001  1.8228147e+003  3.8100000e+000
  2.7950000e+001  1.8412430e+003  3.6500000e+000
  2.8030000e+001  1.8468800e+003  4.0300000e+000
  2.8130000e+001  1.8539153e+003  3.5000000e+000
  2.8230000e+001  1.8609541e+003  4.0700000e+000
  2.8330000e+001  1.8679947e+003  4.1800000e+000
  2.8430000e+001  1.8750352e+003  4.0000000e+000
  2.8430000e+001  1.8750352e+003  3.9000000e+000
  2.8530000e+001  1.8814077e+003  3.6400000e+000
  2.8630000e+001  1.8870383e+003  3.8800000e+000
  2.8630000e+001  1.8870383e+003  4.0200000e+000
  2.8730000e+001  1.8926689e+003  3.8000000e+000
  2.8730000e+001  1.8926689e+003  3.8600000e+000
  2.8830000e+001  1.8983030e+003  4.0800000e+000
  2.8930000e+001  1.9039358e+003  3.9600000e+000
  2.9030000e+001  1.9095664e+003  3.8300000e+000
  2.9030000e+001  1.9095664e+003  3.9500000e+000
  2.9130000e+001  1.9151971e+003  4.0900000e+000
  2.9230000e+001  1.9208277e+003  4.0300000e+000
  2.9330000e+001  1.9271395e+003  3.8000000e+000
  2.9430000e+001  1.9341762e+003  3.5200000e+000
  2.9530000e+001  1.9412137e+003  3.8800000e+000
  2.9530000e+001  1.9412137e+003  3.9800000e+000
  2.9540000e+001  1.9419205e+003  4.2800000e+000
  2.9540000e+001  1.9419205e+003  4.5800000e+000
  2.9640000e+001  1.9489579e+003  4.0900000e+000
  2.9640000e+001  1.9489579e+003  4.1900000e+000
  2.9740000e+001  1.9559946e+003  4.1100000e+000
  2.9740000e+001  1.9559946e+003  4.3300000e+000
  2.9840000e+001  1.9630356e+003  3.9700000e+000
  2.9840000e+001  1.9630356e+003  4.2300000e+000
  2.9940000e+001  1.9700787e+003  3.9800000e+000
  2.9940000e+001  1.9700787e+003  4.0800000e+000
  3.0040000e+001  1.9771185e+003  4.0800000e+000
  3.0040000e+001  1.9771185e+003  4.0200000e+000
  3.0040000e+001  1.9771185e+003  4.1500000e+000
  3.0140000e+001  1.9841577e+003  3.9400000e+000
  3.0140000e+001  1.9841577e+003  3.3800000e+000
  3.0240000e+001  1.9912008e+003  3.8200000e+000
  3.0240000e+001  1.9912008e+003  4.0800000e+000
  3.0340000e+001  1.9975901e+003  4.1400000e+000
  3.0440000e+001  2.0032213e+003  4.0300000e+000
  3.0540000e+001  2.0088561e+003  3.7000000e+000
  3.0640000e+001  2.0144876e+003  3.9200000e+000
  3.0640000e+001  2.0144876e+003  4.1700000e+000
  3.0740000e+001  2.0201182e+003  3.9100000e+000
  3.0740000e+001  2.0201182e+003  4.1100000e+000
  3.0840000e+001  2.0257489e+003  3.5800000e+000
  3.0940000e+001  2.0313795e+003  3.5200000e+000
  3.1040000e+001  2.0370135e+003  3.7900000e+000
  3.1040000e+001  2.0370135e+003  3.6900000e+000
  3.1040000e+001  2.0370135e+003  3.4800000e+000
  3.1140000e+001  2.0426464e+003  3.8600000e+000
  3.1140000e+001  2.0426464e+003  3.9400000e+000
  3.1240000e+001  2.0482770e+003  4.0900000e+000
  3.1240000e+001  2.0482770e+003  4.1600000e+000
  3.1340000e+001  2.0539077e+003  3.9800000e+000
  3.1340000e+001  2.0539077e+003  4.1400000e+000
  3.1440000e+001  2.0595383e+003  3.8200000e+000
  3.1540000e+001  2.0658423e+003  4.4300000e+000
  3.1640000e+001  2.0728815e+003  4.3300000e+000
  3.1640000e+001  2.0728815e+003  4.3100000e+000
  3.1740000e+001  2.0805210e+003  4.2400000e+000
  3.1840000e+001  2.0893259e+003  4.2400000e+000
  3.1940000e+001  2.0981222e+003  4.0400000e+000
  3.1940000e+001  2.0981222e+003  3.9600000e+000
  3.2040000e+001  2.1069147e+003  4.2200000e+000
  3.2140000e+001  2.1157215e+003  4.0000000e+000
  3.2240000e+001  2.1245208e+003  3.9300000e+000
  3.2340000e+001  2.1333189e+003  3.8500000e+000
  3.2440000e+001  2.1421170e+003  3.9400000e+000
  3.2540000e+001  2.1484880e+003  4.1800000e+000
  3.2540000e+001  2.1484880e+003  4.3600000e+000
  3.2540000e+001  2.1484880e+003  4.2500000e+000
  3.2640000e+001  2.1541216e+003  4.3800000e+000
  3.2640000e+001  2.1541216e+003  4.1300000e+000
  3.2740000e+001  2.1597523e+003  4.5400000e+000
  3.2740000e+001  2.1597523e+003  4.5300000e+000
  3.2740000e+001  2.1597523e+003  4.5000000e+000
  3.2840000e+001  2.1653829e+003  3.7700000e+000
  3.2840000e+001  2.1653829e+003  4.4400000e+000
  3.2940000e+001  2.1718897e+003  4.0800000e+000
  3.3040000e+001  2.1789328e+003  3.9400000e+000
  3.3140000e+001  2.1859758e+003  3.6700000e+000
  3.3140000e+001  2.1859758e+003  3.7200000e+000
  3.3240000e+001  2.1930146e+003  3.8700000e+000
  3.3240000e+001  2.1930146e+003  4.0200000e+000
  3.3340000e+001  2.2000549e+003  3.9400000e+000
  3.3440000e+001  2.2070971e+003  3.3800000e+000
  3.3440000e+001  2.2070971e+003  3.9500000e+000
  3.3540000e+001  2.2141336e+003  4.0500000e+000
  3.3540000e+001  2.2141336e+003  4.1400000e+000
  3.3640000e+001  2.2211732e+003  3.9700000e+000
  3.3740000e+001  2.2282138e+003  3.9700000e+000
  3.3840000e+001  2.2352474e+003  4.0000000e+000
  3.3840000e+001  2.2352474e+003  3.8400000e+000
  3.3940000e+001  2.2422880e+003  4.2200000e+000
  3.3940000e+001  2.2422880e+003  4.2100000e+000
  3.4040000e+001  2.2493286e+003  4.1000000e+000
  3.4040000e+001  2.2493286e+003  4.0800000e+000
  3.4140000e+001  2.2574932e+003  3.6800000e+000
  3.4140000e+001  2.2574932e+003  3.2700000e+000
  3.4240000e+001  2.2662913e+003  3.6100000e+000
  3.4240000e+001  2.2662913e+003  3.6100000e+000
  3.4340000e+001  2.2750900e+003  4.2800000e+000
  3.4340000e+001  2.2750900e+003  3.8800000e+000
  3.4440000e+001  2.2838929e+003  4.0500000e+000
  3.4440000e+001  2.2838929e+003  4.0900000e+000
  3.4440000e+001  2.2838929e+003  4.2200000e+000
  3.4540000e+001  2.2926938e+003  3.8100000e+000
  3.4540000e+001  2.2926938e+003  3.9700000e+000
  3.4540000e+001  2.2926938e+003  3.8400000e+000
  3.4640000e+001  2.3009380e+003  3.9000000e+000
  3.4640000e+001  2.3009380e+003  3.7700000e+000
  3.4740000e+001  2.3079794e+003  3.9500000e+000
  3.4740000e+001  2.3079794e+003  3.8800000e+000
  3.4840000e+001  2.3150177e+003  3.9200000e+000
  3.4840000e+001  2.3150177e+003  3.9700000e+000
  3.4940000e+001  2.3220585e+003  3.9700000e+000
  3.4940000e+001  2.3220585e+003  4.0600000e+000
  3.5040000e+001  2.3291002e+003  3.7200000e+000
  3.5040000e+001  2.3291002e+003  3.7900000e+000
  3.5140000e+001  2.3361379e+003  3.7700000e+000
  3.5140000e+001  2.3361379e+003  3.9400000e+000
  3.5240000e+001  2.3431806e+003  3.6500000e+000
  3.5240000e+001  2.3431806e+003  3.9600000e+000
  3.5340000e+001  2.3502236e+003  4.1300000e+000
  3.5340000e+001  2.3502236e+003  3.6300000e+000
  3.5440000e+001  2.3572596e+003  4.0600000e+000
  3.5440000e+001  2.3572596e+003  3.8400000e+000
  3.5440000e+001  2.3572596e+003  4.2200000e+000
  3.5600000e+001  2.3704932e+003  3.8600000e+000
  3.5600000e+001  2.3704932e+003  4.0500000e+000
  3.5600000e+001  2.3704932e+003  4.0900000e+000
  3.5640000e+001  2.3740162e+003  3.7600000e+000
  3.5740000e+001  2.3828201e+003  3.4200000e+000
  3.5840000e+001  2.3910370e+003  3.9400000e+000
  3.5940000e+001  2.3980778e+003  3.7300000e+000
  3.6040000e+001  2.4051157e+003  3.8900000e+000
  3.6040000e+001  2.4051157e+003  3.8300000e+000
  3.6140000e+001  2.4121569e+003  3.7200000e+000
  3.6140000e+001  2.4121569e+003  3.5100000e+000
  3.6140000e+001  2.4121569e+003  3.7500000e+000
  3.6240000e+001  2.4191999e+003  3.7800000e+000
  3.6340000e+001  2.4262430e+003  3.9000000e+000
  3.6440000e+001  2.4332807e+003  4.3300000e+000
  3.6440000e+001  2.4332807e+003  4.1400000e+000
  3.6540000e+001  2.4419586e+003  4.3500000e+000
  3.6540000e+001  2.4419586e+003  4.1300000e+000
  3.6640000e+001  2.4507577e+003  3.9900000e+000
  3.6740000e+001  2.4595636e+003  3.7300000e+000
  3.6840000e+001  2.4683642e+003  3.7300000e+000
  3.6940000e+001  2.4759824e+003  4.0300000e+000
  3.7040000e+001  2.4830159e+003  4.3000000e+000
  3.7140000e+001  2.4900565e+003  4.4300000e+000
  3.7240000e+001  2.4970971e+003  3.9600000e+000
  3.7240000e+001  2.4970971e+003  3.7900000e+000
  3.7340000e+001  2.5041339e+003  3.6900000e+000
  3.7440000e+001  2.5111713e+003  4.0900000e+000
  3.7540000e+001  2.5182115e+003  4.1900000e+000
  3.7540000e+001  2.5182115e+003  4.3000000e+000
  3.7640000e+001  2.5252488e+003  4.2300000e+000
  3.7640000e+001  2.5252488e+003  4.2900000e+000
  3.7640000e+001  2.5252488e+003  4.2900000e+000
  3.7740000e+001  2.5322905e+003  4.0600000e+000
  3.7740000e+001  2.5322905e+003  4.1600000e+000
  3.7840000e+001  2.5393335e+003  3.9000000e+000
  3.7840000e+001  2.5393335e+003  3.8100000e+000
  3.7940000e+001  2.5463761e+003  3.7300000e+000
  3.7940000e+001  2.5463761e+003  3.7000000e+000
  3.8040000e+001  2.5547344e+003  3.5200000e+000
  3.8140000e+001  2.5635363e+003  3.7900000e+000
  3.8240000e+001  2.5723348e+003  3.7400000e+000
  3.8240000e+001  2.5723348e+003  3.6700000e+000
  3.8340000e+001  2.5801555e+003  3.1300000e+000
  3.8340000e+001  2.5801555e+003  3.5800000e+000
  3.8440000e+001  2.5871961e+003  3.5400000e+000
  3.8440000e+001  2.5871961e+003  3.6500000e+000
  3.8540000e+001  2.5942367e+003  3.6700000e+000
  3.8640000e+001  2.6012702e+003  3.9700000e+000
  3.8740000e+001  2.6083108e+003  3.7100000e+000
  3.8740000e+001  2.6083108e+003  4.2200000e+000
  3.8840000e+001  2.6153529e+003  3.5800000e+000
  3.8940000e+001  2.6223916e+003  3.6200000e+000
  3.9040000e+001  2.6294319e+003  3.7900000e+000
  3.9040000e+001  2.6294319e+003  3.4700000e+000
  3.9140000e+001  2.6370018e+003  3.7400000e+000
  3.9140000e+001  2.6370018e+003  3.8100000e+000
  3.9240000e+001  2.6457980e+003  3.8800000e+000
  3.9250000e+001  2.6466770e+003  3.9400000e+000
  3.9350000e+001  2.6554716e+003  3.6200000e+000
  3.9450000e+001  2.6639277e+003  3.6800000e+000
  3.9550000e+001  2.6709646e+003  3.0900000e+000
  3.9650000e+001  2.6780018e+003  3.8000000e+000
  3.9750000e+001  2.6850422e+003  3.9300000e+000
  3.9850000e+001  2.6914133e+003  3.9100000e+000
  3.9950000e+001  2.6970445e+003  3.8100000e+000
  4.0050000e+001  2.7026794e+003  3.2700000e+000
  4.0150000e+001  2.7094570e+003  3.8200000e+000
  4.0160000e+001  2.7101574e+003  3.7600000e+000
  4.0160000e+001  2.7101574e+003  3.8300000e+000
  4.0260000e+001  2.7171964e+003  4.1100000e+000
  4.0260000e+001  2.7171964e+003  4.0700000e+000
  4.0360000e+001  2.7242386e+003  3.8800000e+000
  4.0460000e+001  2.7312745e+003  3.7200000e+000
  4.0460000e+001  2.7312745e+003  3.6600000e+000
  4.0560000e+001  2.7383128e+003  3.4100000e+000
  4.0560000e+001  2.7383128e+003  3.3900000e+000
  4.0660000e+001  2.7453534e+003  3.3500000e+000
  4.0760000e+001  2.7523873e+003  3.5900000e+000
  4.0860000e+001  2.7594275e+003  3.6600000e+000
  4.0860000e+001  2.7594275e+003  3.8500000e+000
  4.0960000e+001  2.7664681e+003  3.7100000e+000
  4.0960000e+001  2.7664681e+003  3.6200000e+000
  4.1060000e+001  2.7735073e+003  3.6200000e+000
  4.1160000e+001  2.7805430e+003  3.6000000e+000
  4.1260000e+001  2.7875857e+003  3.6000000e+000
  4.1360000e+001  2.7946255e+003  3.8200000e+000
  4.1460000e+001  2.8016648e+003  3.5800000e+000
  4.1560000e+001  2.8101044e+003  4.1400000e+000
  4.1560000e+001  2.8101044e+003  3.6100000e+000
  4.1660000e+001  2.8189059e+003  3.7200000e+000
  4.1760000e+001  2.8277044e+003  3.1600000e+000
  4.1760000e+001  2.8277044e+003  3.5000000e+000
  4.1860000e+001  2.8364976e+003  3.8100000e+000
  4.1860000e+001  2.8364976e+003  3.4200000e+000
  4.1960000e+001  2.8452968e+003  3.7500000e+000
  4.2060000e+001  2.8541043e+003  3.4200000e+000
  4.2060000e+001  2.8541043e+003  3.7500000e+000
  4.2160000e+001  2.8621920e+003  3.5400000e+000
  4.2260000e+001  2.8692351e+003  3.6200000e+000
  4.2360000e+001  2.8762711e+003  3.9000000e+000
  4.2460000e+001  2.8833141e+003  3.8000000e+000
  4.2560000e+001  2.8903572e+003  3.9100000e+000
  4.2660000e+001  2.8973983e+003  3.5800000e+000
  4.2660000e+001  2.8973983e+003  3.3200000e+000
  4.2760000e+001  2.9049198e+003  3.4500000e+000
  4.2760000e+001  2.9049198e+003  3.6100000e+000
  4.2860000e+001  2.9137188e+003  3.6100000e+000
  4.2960000e+001  2.9225157e+003  3.6600000e+000
  4.2960000e+001  2.9225157e+003  3.4300000e+000
  4.3060000e+001  2.9313070e+003  4.0500000e+000
  4.3160000e+001  2.9401145e+003  3.0700000e+000
  4.3160000e+001  2.9401145e+003  3.6000000e+000
  4.3260000e+001  2.9489220e+003  3.3700000e+000
  4.3360000e+001  2.9577128e+003  3.4900000e+000
  4.3460000e+001  2.9649635e+003  3.5800000e+000
  4.3560000e+001  2.9720061e+003  3.6100000e+000
  4.3660000e+001  2.9790420e+003  3.9100000e+000
  4.3760000e+001  2.9860814e+003  3.6900000e+000
  4.3860000e+001  2.9931220e+003  3.5100000e+000
  4.3960000e+001  3.0001555e+003  3.6000000e+000
  4.4060000e+001  3.0071961e+003  3.9000000e+000
  4.4160000e+001  3.0142367e+003  4.0200000e+000
  4.4260000e+001  3.0212748e+003  3.6400000e+000
  4.4360000e+001  3.0283108e+003  3.4200000e+000
  4.4460000e+001  3.0353529e+003  3.4800000e+000
  4.4560000e+001  3.0423916e+003  3.5600000e+000
  4.4560000e+001  3.0423916e+003  3.8900000e+000
  4.4660000e+001  3.0494319e+003  3.3800000e+000
  4.4760000e+001  3.0564750e+003  3.5900000e+000
  4.4860000e+001  3.0635180e+003  3.3600000e+000
  4.4960000e+001  3.0705566e+003  3.5200000e+000
  4.5060000e+001  3.0775971e+003  3.3400000e+000
  4.5160000e+001  3.0846391e+003  3.2800000e+000
  4.5260000e+001  3.0916758e+003  3.4400000e+000
  4.5360000e+001  3.0987156e+003  3.6000000e+000
  4.5460000e+001  3.1057562e+003  3.5100000e+000
  4.5560000e+001  3.1127898e+003  3.4100000e+000
  4.5660000e+001  3.1198304e+003  3.5900000e+000
  4.5760000e+001  3.1268710e+003  3.6800000e+000
  4.5860000e+001  3.1339086e+003  3.7600000e+000
  4.5860000e+001  3.1339086e+003  3.7500000e+000
  4.5960000e+001  3.1409451e+003  3.5300000e+000
  4.6060000e+001  3.1488980e+003  3.5200000e+000
  4.6160000e+001  3.1576916e+003  3.0900000e+000
  4.6260000e+001  3.1667151e+003  3.3000000e+000
  4.6360000e+001  3.1761019e+003  3.6200000e+000
  4.6460000e+001  3.1854886e+003  3.4700000e+000
  4.6560000e+001  3.1948731e+003  3.3500000e+000
  4.6660000e+001  3.2042527e+003  3.2300000e+000
  4.6760000e+001  3.2136394e+003  3.3100000e+000
  4.6860000e+001  3.2230261e+003  3.2200000e+000
  4.6960000e+001  3.2324129e+003  3.5300000e+000
  4.7060000e+001  3.2417996e+003  3.3500000e+000
  4.7160000e+001  3.2511863e+003  3.6100000e+000
  4.7160000e+001  3.2511863e+003  3.4600000e+000
  4.7260000e+001  3.2605731e+003  3.6000000e+000
  4.7260000e+001  3.2605731e+003  3.5800000e+000
  4.7460000e+001  3.2786527e+003  3.8600000e+000
  4.7460000e+001  3.2786527e+003  3.7200000e+000
  4.7560000e+001  3.2874519e+003  4.1400000e+000
  4.7560000e+001  3.2874519e+003  3.7400000e+000
  4.7660000e+001  3.2962500e+003  3.9200000e+000
  4.7660000e+001  3.2962500e+003  3.9400000e+000
  4.7660000e+001  3.2962500e+003  4.0600000e+000
  4.7760000e+001  3.3050399e+003  3.6800000e+000
  4.7760000e+001  3.3050399e+003  3.9200000e+000
  4.7860000e+001  3.3138462e+003  3.7300000e+000
  4.7860000e+001  3.3138462e+003  3.6700000e+000
  4.7960000e+001  3.3226537e+003  3.7200000e+000
  4.7960000e+001  3.3226537e+003  3.4900000e+000
  4.8060000e+001  3.3314471e+003  3.4300000e+000
  4.8160000e+001  3.3402430e+003  3.6200000e+000
  4.8260000e+001  3.3490419e+003  3.6300000e+000
  4.8260000e+001  3.3490419e+003  3.6500000e+000
  4.8360000e+001  3.3578462e+003  3.3600000e+000
  4.8460000e+001  3.3666486e+003  3.4500000e+000
  4.8460000e+001  3.3666486e+003  3.6000000e+000
  4.8560000e+001  3.3754428e+003  3.4900000e+000
  4.8660000e+001  3.3842399e+003  3.6600000e+000
  4.8760000e+001  3.3930445e+003  3.4600000e+000
  4.8860000e+001  3.4018435e+003  3.5100000e+000
  4.8960000e+001  3.4106416e+003  3.6200000e+000
  4.9060000e+001  3.4194399e+003  3.4200000e+000
  4.9160000e+001  3.4282398e+003  3.2600000e+000
  4.9260000e+001  3.4370470e+003  3.0800000e+000
  4.9360000e+001  3.4458369e+003  3.4200000e+000
  4.9460000e+001  3.4546346e+003  3.4200000e+000
  4.9470000e+001  3.4555144e+003  2.9300000e+000
  4.9570000e+001  3.4643218e+003  3.5000000e+000
  4.9670000e+001  3.4731217e+003  3.2900000e+000
  4.9770000e+001  3.4819200e+003  3.2000000e+000
  4.9770000e+001  3.4819200e+003  2.9900000e+000
  4.9870000e+001  3.4907116e+003  3.3900000e+000
  4.9970000e+001  3.4982387e+003  3.2000000e+000
  5.0070000e+001  3.5052798e+003  3.2600000e+000
  5.0170000e+001  3.5123229e+003  3.5300000e+000
  5.0270000e+001  3.5193659e+003  3.2900000e+000
  5.0370000e+001  3.5263994e+003  3.3100000e+000
  5.0470000e+001  3.5334400e+003  3.3600000e+000
  5.0570000e+001  3.5404788e+003  3.2000000e+000
  5.0570000e+001  3.5404788e+003  3.2800000e+000
  5.0670000e+001  3.5475141e+003  3.4600000e+000
  5.0770000e+001  3.5545547e+003  3.5000000e+000
  5.0870000e+001  3.5615917e+003  3.4000000e+000
  5.0970000e+001  3.5686289e+003  3.0700000e+000
  5.1070000e+001  3.5756695e+003  2.9100000e+000
  5.1170000e+001  3.5827123e+003  3.4700000e+000
  5.1370000e+001  3.5967913e+003  3.1900000e+000
  5.1460000e+001  3.6031314e+003  3.2800000e+000
  5.1570000e+001  3.6108718e+003  3.0900000e+000
  5.1670000e+001  3.6179134e+003  3.4900000e+000
  5.1770000e+001  3.6260315e+003  3.5500000e+000
  5.1770000e+001  3.6260315e+003  3.4000000e+000
  5.1870000e+001  3.6348353e+003  3.6000000e+000
  5.1870000e+001  3.6348353e+003  3.4700000e+000
  5.1970000e+001  3.6436343e+003  3.3100000e+000
  5.2070000e+001  3.6524276e+003  3.2900000e+000
  5.2080000e+001  3.6533074e+003  3.3300000e+000
  5.2180000e+001  3.6621098e+003  3.6200000e+000
  5.2280000e+001  3.6702306e+003  3.5500000e+000
  5.2380000e+001  3.6772737e+003  3.4000000e+000
  5.2480000e+001  3.6843096e+003  3.1900000e+000
  5.2580000e+001  3.6913499e+003  3.2000000e+000
  5.2680000e+001  3.6983905e+003  3.2100000e+000
  5.2680000e+001  3.6983905e+003  3.1800000e+000
  5.2780000e+001  3.7060001e+003  3.2800000e+000
  5.2880000e+001  3.7148054e+003  3.5500000e+000
  5.2980000e+001  3.7236044e+003  3.5800000e+000
  5.2980000e+001  3.7236044e+003  3.5800000e+000
  5.3080000e+001  3.7324015e+003  3.6600000e+000
  5.3180000e+001  3.7411925e+003  3.2800000e+000
  5.3280000e+001  3.7500000e+003  3.1900000e+000
