  9.0000000e-002  0.0000000e+000  2.9699000e+000
  1.9000000e-001  4.9339315e+000  3.1121000e+000
  2.9000000e-001  9.8678629e+000  3.6461000e+000
  3.9000000e-001  1.4801794e+001  4.3233000e+000
  4.9000000e-001  1.9735726e+001  4.7027000e+000
  5.9000000e-001  2.4643554e+001  4.4197000e+000
  6.9000000e-001  2.9269114e+001  4.4565000e+000
  7.9000000e-001  3.3894675e+001  4.2778000e+000
  8.9000000e-001  3.7687589e+001  4.1811000e+000
  9.9000000e-001  4.1387949e+001  4.2012000e+000
  1.0900000e+000  4.5088429e+001  4.2705000e+000
  1.1900000e+000  4.9365187e+001  3.9325000e+000
  1.2900000e+000  5.3990748e+001  3.8533000e+000
  1.3900000e+000  5.9021970e+001  4.1894000e+000
  1.4800000e+000  6.4473268e+001  4.1858000e+000
  1.5900000e+000  7.2300954e+001  3.9623000e+000
  1.6900000e+000  7.8468557e+001  3.5092000e+000
  1.7900000e+000  8.4256439e+001  3.6911000e+000
  1.8900000e+000  8.9484354e+001  3.8682000e+000
  1.9900000e+000  9.4418135e+001  3.6052000e+000
  2.0900000e+000  9.8260857e+001  3.4236000e+000
  2.1900000e+000  1.0226519e+002  3.7434000e+000
  2.2900000e+000  1.0719897e+002  3.4704000e+000
  2.3900000e+000  1.1250770e+002  3.8132000e+000
  2.4900000e+000  1.1837640e+002  3.4460000e+000
  2.5800000e+000  1.2392724e+002  2.7237000e+000
  2.6900000e+000  1.3240520e+002  4.3986000e+000
  2.7900000e+000  1.4165632e+002  4.5027000e+000
  2.8900000e+000  1.5090744e+002  4.5477000e+000
  2.9800000e+000  1.5923345e+002  4.2940000e+000
  3.0900000e+000  1.6683333e+002  4.2961000e+000
  3.1900000e+000  1.7300056e+002  4.0563000e+000
  3.2900000e+000  1.7863176e+002  4.3282000e+000
  3.3900000e+000  1.8370328e+002  4.1864000e+000
  3.4900000e+000  1.8846621e+002  4.0324000e+000
  3.5900000e+000  1.9172804e+002  4.1124000e+000
  3.6900000e+000  1.9468846e+002  4.1375000e+000
  3.7900000e+000  1.9764887e+002  3.9374000e+000
  3.8900000e+000  2.0060919e+002  3.4298000e+000
  3.9900000e+000  2.0356950e+002  3.4294000e+000
  4.0800000e+000  2.0623377e+002  3.3895000e+000
  4.1400000e+000  2.0801002e+002  3.1961000e+000
  4.5900000e+000  2.2330773e+002  3.9558000e+000
  4.6900000e+000  2.2793329e+002  4.1507000e+000
  4.7900000e+000  2.3253007e+002  4.1409000e+000
  4.8900000e+000  2.3587150e+002  3.3505000e+000
  4.9900000e+000  2.3883192e+002  3.4200000e+000
  5.0900000e+000  2.4179233e+002  3.1789000e+000
  5.1900000e+000  2.4550312e+002  4.0198000e+000
  5.2900000e+000  2.5012868e+002  4.3665000e+000
  5.3900000e+000  2.5476146e+002  4.3141000e+000
  5.4900000e+000  2.5969554e+002  4.2014000e+000
  5.5800000e+000  2.6413613e+002  4.2472000e+000
  5.6800000e+000  2.6906991e+002  4.1572000e+000
  5.7900000e+000  2.7426698e+002  4.2853000e+000
  5.8900000e+000  2.7889254e+002  3.9177000e+000
  5.9800000e+000  2.8262839e+002  3.6060000e+000
  6.0900000e+000  2.8669889e+002  3.5766000e+000
  6.1900000e+000  2.9039931e+002  3.4693000e+000
  6.2900000e+000  2.9512496e+002  4.0387000e+000
  6.7400000e+000  3.1934859e+002  3.6032000e+000
  6.8400000e+000  3.2428267e+002  3.0520000e+000
  6.9400000e+000  3.2921652e+002  3.3088000e+000
  7.0400000e+000  3.3415034e+002  4.0710000e+000
  7.1400000e+000  3.3908443e+002  3.6366000e+000
  7.2400000e+000  3.4432711e+002  4.1358000e+000
  7.3400000e+000  3.5012946e+002  4.3298000e+000
  7.4400000e+000  3.5629669e+002  4.2304000e+000
  7.5400000e+000  3.6246420e+002  4.1091000e+000
  7.6400000e+000  3.6863176e+002  3.8785000e+000
  7.7400000e+000  3.7479898e+002  4.0703000e+000
  7.8400000e+000  3.8066237e+002  4.0283000e+000
  7.9400000e+000  3.8596610e+002  4.0340000e+000
  8.0400000e+000  3.9090018e+002  3.9198000e+000
  8.1300000e+000  3.9513658e+002  3.4827000e+000
  8.2400000e+000  4.0022470e+002  3.5405000e+000
  8.3400000e+000  4.0431583e+002  3.2424000e+000
  8.4400000e+000  4.0801629e+002  3.1420000e+000
  8.5400000e+000  4.1171677e+002  3.0954000e+000
  8.6400000e+000  4.1519487e+002  3.0325000e+000
  8.7400000e+000  4.1815517e+002  4.4570000e+000
  8.8400000e+000  4.2111548e+002  3.6192000e+000
  8.9400000e+000  4.2452693e+002  3.7332000e+000
  9.0400000e+000  4.2946071e+002  4.6453000e+000
  9.1400000e+000  4.3463212e+002  4.6658000e+000
  9.2400000e+000  4.4036349e+002  4.5690000e+000
  9.3400000e+000  4.4653109e+002  4.2737000e+000
  9.4400000e+000  4.5229492e+002  4.4274000e+000
  9.5400000e+000  4.5749877e+002  4.2496000e+000
  9.6300000e+000  4.6193917e+002  4.1146000e+000
  9.7400000e+000  4.6708163e+002  4.1520000e+000
  9.8400000e+000  4.7170719e+002  4.2000000e+000
  9.9400000e+000  4.7564912e+002  4.6060000e+000
  1.0040000e+001  4.7935085e+002  4.1380000e+000
  1.0140000e+001  4.8304861e+002  4.0160000e+000
  1.0240000e+001  4.8675008e+002  3.6320000e+000
  1.0340000e+001  4.9045154e+002  3.2770000e+000
  1.0440000e+001  4.9415113e+002  3.5726000e+000
  1.0540000e+001  4.9785077e+002  3.6430000e+000
  1.0640000e+001  5.0155224e+002  3.7450000e+000
  1.0740000e+001  5.0525370e+002  3.6450000e+000
  1.0840000e+001  5.0937524e+002  3.9780000e+000
  1.0940000e+001  5.1399996e+002  3.8860000e+000
  1.1040000e+001  5.1862467e+002  3.7470000e+000
  1.1130000e+001  5.2278692e+002  3.7020000e+000
  1.1240000e+001  5.2790050e+002  3.9240000e+000
  1.1340000e+001  5.3283579e+002  3.7740000e+000
  1.1440000e+001  5.3804683e+002  4.3250000e+000
  1.1540000e+001  5.4359723e+002  4.1850000e+000
  1.1640000e+001  5.4914568e+002  4.2882000e+000
  1.1740000e+001  5.5459300e+002  4.0590000e+000
  1.1840000e+001  5.5952829e+002  3.9919000e+000
  1.1940000e+001  5.6380358e+002  3.8340000e+000
  1.2040000e+001  5.6677575e+002  3.6012000e+000
  1.2140000e+001  5.6973693e+002  3.5770000e+000
  1.2230000e+001  5.7240181e+002  3.5900000e+000
  1.2340000e+001  5.7565791e+002  3.1070000e+000
  1.2440000e+001  5.7861800e+002  3.3181000e+000
  1.2540000e+001  5.8157809e+002  3.8000000e+000
  1.2740000e+001  5.8749826e+002  4.1258000e+000
  1.2840000e+001  5.9045835e+002  3.9800000e+000
  1.2940000e+001  5.9341844e+002  3.6700000e+000
  1.3040000e+001  5.9642449e+002  3.5995000e+000
  1.3140000e+001  6.0012596e+002  3.8460000e+000
  1.3240000e+001  6.0382742e+002  3.4920000e+000
  1.3340000e+001  6.0833950e+002  3.7290000e+000
  1.3440000e+001  6.1296421e+002  3.6241000e+000
  1.3540000e+001  6.1780415e+002  3.2528000e+000
  1.3640000e+001  6.2277309e+002  4.4171000e+000
  1.3730000e+001  6.2776550e+002  4.8251000e+000
  1.3840000e+001  6.3387221e+002  4.2768000e+000
  1.3940000e+001  6.3942441e+002  4.7805000e+000
  1.4040000e+001  6.4497661e+002  4.5557000e+000
  1.4130000e+001  6.4997061e+002  4.3577000e+000

