  4.6000000e-001  0.0000000e+000  3.1100944e+000
  4.9000000e-001  5.4520000e-002  3.1700909e+000
  5.1000000e-001  9.0866000e-002  3.2700852e+000
  6.1000000e-001  2.7259903e-001  3.0300991e+000
  6.6000000e-001  4.8628858e-001  3.1400927e+000
  7.4000000e-001  8.2819185e-001  3.0300991e+000
  7.6000000e-001  9.1366767e-001  3.0400985e+000
  8.1000000e-001  1.1273572e+000  3.0900956e+000
  8.6000000e-001  1.3410468e+000  3.2300874e+000
  9.6000000e-001  1.7684259e+000  3.1600915e+000
  1.0100000e+000  1.9821154e+000  3.1400927e+000
  1.0600000e+000  2.1958049e+000  3.2400869e+000
  1.1600000e+000  2.6231840e+000  3.2000892e+000
  1.1900000e+000  2.7513978e+000  3.2000892e+000
  1.2400000e+000  2.9553431e+000  3.1200939e+000
  1.2600000e+000  3.0313216e+000  3.1600915e+000
  1.2900000e+000  3.1452893e+000  3.3700794e+000
  1.3600000e+000  3.4112141e+000  3.3000834e+000
  1.4100000e+000  3.6011604e+000  3.0900956e+000
  1.4600000e+000  3.7911066e+000  3.3300817e+000
  1.5100000e+000  3.9810529e+000  3.3400811e+000
  1.5600000e+000  4.1709992e+000  3.3300817e+000
  1.6600000e+000  4.5508917e+000  3.2000892e+000
  1.6900000e+000  4.6648594e+000  3.1700909e+000
  1.7100000e+000  4.7408380e+000  3.1700909e+000
  1.7600000e+000  4.9307842e+000  3.3400811e+000
  1.7900000e+000  5.0447520e+000  3.2700852e+000
  1.8600000e+000  5.4331979e+000  3.2400869e+000
  1.9100000e+000  5.7339993e+000  3.3300817e+000
  1.9400000e+000  5.9144801e+000  3.4300759e+000
  1.9600000e+000  6.0348006e+000  3.3300817e+000
  2.0600000e+000  6.6364033e+000  3.4000776e+000
  2.1100000e+000  6.9372047e+000  3.3400811e+000
  2.1600000e+000  7.2380061e+000  3.4200764e+000
  2.4600000e+000  9.0428142e+000  3.4100771e+000
  2.8600000e+000  1.1074853e+001  3.3500805e+000
  2.9600000e+000  1.1442641e+001  3.5400695e+000
  3.0100000e+000  1.1626535e+001  4.0000429e+000
  3.0600000e+000  1.1791084e+001  4.1700331e+000
  3.1600000e+000  1.2085315e+001  3.9000487e+000
  3.2600000e+000  1.2379546e+001  4.0100423e+000
  3.3600000e+000  1.2673776e+001  3.9900435e+000
  3.4600000e+000  1.2968007e+001  4.1700331e+000
  3.5600000e+000  1.3278678e+001  4.0400406e+000
  3.6600000e+000  1.3646467e+001  4.3000255e+000
  3.7600000e+000  1.4036261e+001  3.8300527e+000
  3.8600000e+000  1.4519827e+001  4.4500168e+000
  3.9200000e+000  1.4809967e+001  4.3600221e+000
  4.0200000e+000  1.5293533e+001  5.2699694e+000
  4.2100000e+000  1.6314099e+001  5.2399711e+000
  4.4200000e+000  1.7454996e+001  5.2499705e+000
  4.6200000e+000  1.8568536e+001  5.1399769e+000
  4.8200000e+000  1.9690760e+001  5.0699810e+000
  5.0200000e+000  2.0912561e+001  5.0999792e+000
  5.3200000e+000  2.2724010e+001  5.1399769e+000
  5.9200000e+000  2.6833043e+001  4.7699983e+000
  6.1200000e+000  2.8098282e+001  4.9299890e+000
  6.3200000e+000  2.9370336e+001  4.5500111e+000
  6.5200000e+000  3.0642389e+001  4.6700041e+000
  6.6200000e+000  3.1278415e+001  4.7499995e+000
  6.8200000e+000  3.2359737e+001  4.6700041e+000
  7.0200000e+000  3.3294819e+001  4.8799920e+000
  7.2200000e+000  3.4229900e+001  4.7200012e+000
  7.4200000e+000  3.5360084e+001  4.6200070e+000
  7.6200000e+000  3.6731136e+001  4.2900261e+000
  7.8200000e+000  3.8102188e+001  4.6500053e+000
  8.0200000e+000  3.9473240e+001  4.7400001e+000
  8.1200000e+000  4.0158766e+001  4.5200128e+000
  8.5200000e+000  4.4026759e+001  4.5100134e+000
  8.9200000e+000  4.8192589e+001  4.4400174e+000
  9.1200000e+000  5.0275504e+001  4.6500053e+000
  9.3200000e+000  5.2254879e+001  4.4700157e+000
  9.5200000e+000  5.4162897e+001  4.5200128e+000
  9.6200000e+000  5.5116906e+001  4.5100134e+000
  9.8200000e+000  5.7024911e+001  4.4000197e+000
  1.0020000e+001  5.8932853e+001  4.3900203e+000
  1.0220000e+001  6.0840795e+001  4.6500053e+000
  1.0370000e+001  6.2271857e+001  4.5700099e+000
  1.0570000e+001  6.4270558e+001  4.3700215e+000
  1.0770000e+001  6.6328346e+001  4.3100249e+000
  1.0970000e+001  6.8385776e+001  4.8299948e+000
  1.1170000e+001  7.0443155e+001  4.3800209e+000
  1.1370000e+001  7.2580330e+001  4.4100192e+000
  1.1420000e+001  7.3124205e+001  4.2900261e+000
  1.1470000e+001  7.3668080e+001  4.0800383e+000
  1.1670000e+001  7.5844327e+001  3.9800441e+000
  1.1870000e+001  7.8020169e+001  3.9500458e+000
  1.2070000e+001  8.0195669e+001  3.9000487e+000
  1.2270000e+001  8.2371170e+001  3.8700504e+000
  1.2470000e+001  8.4546670e+001  3.8200533e+000
  1.2670000e+001  8.6722832e+001  4.5400116e+000
  1.2820000e+001  8.8655375e+001  4.1500342e+000
  1.2920000e+001  8.9900244e+001  4.4000197e+000
  1.2970000e+001  9.0457483e+001  4.3000255e+000
  1.3070000e+001  9.1571962e+001  4.1300354e+000
  1.3270000e+001  9.3917791e+001  4.0000429e+000
  1.3370000e+001  9.5106568e+001  3.9200475e+000
  1.3570000e+001  9.7537709e+001  4.0000429e+000
  1.3770000e+001  1.0114142e+002  4.2300296e+000
  1.3970000e+001  1.0457552e+002  4.1800325e+000
  1.4140000e+001  1.0742787e+002  4.1800325e+000
  1.4180000e+001  1.0797733e+002  4.3400232e+000
  1.4290000e+001  1.0948833e+002  4.2200302e+000
  1.4330000e+001  1.1003778e+002  3.9400464e+000
  1.4410000e+001  1.1113669e+002  4.0400406e+000
  1.4440000e+001  1.1147100e+002  4.0300412e+000
  1.4480000e+001  1.1183742e+002  4.0100423e+000
  1.4520000e+001  1.1220384e+002  3.9200475e+000
  1.4590000e+001  1.1284509e+002  4.0400406e+000
  1.4680000e+001  1.1366954e+002  3.9000487e+000
  1.4710000e+001  1.1394436e+002  3.8500516e+000
  1.4720000e+001  1.1403597e+002  3.8200533e+000
  1.4740000e+001  1.1418548e+002  3.2100886e+000
  1.4860000e+001  1.1500966e+002  3.5700678e+000
  1.4890000e+001  1.1521649e+002  3.6000661e+000
  1.4930000e+001  1.1551719e+002  3.5300701e+000
  1.5190000e+001  1.1710545e+002  3.4300759e+000
  1.5410000e+001  1.1844936e+002  3.2900840e+000
  1.5470000e+001  1.1881593e+002  3.3400811e+000
  1.5570000e+001  1.1942692e+002  3.3300817e+000
  1.5610000e+001  1.1967132e+002  3.3500805e+000
  1.5640000e+001  1.1985461e+002  3.3600799e+000
  1.5680000e+001  1.2009901e+002  3.2600857e+000
  1.5720000e+001  1.2034341e+002  3.1500921e+000
  1.5790000e+001  1.2077110e+002  3.2600857e+000
  1.5940000e+001  1.2168758e+002  3.2000892e+000
  1.6090000e+001  1.2260388e+002  3.2900840e+000
  1.6240000e+001  1.2352018e+002  3.1300932e+000
  1.6390000e+001  1.2443649e+002  3.1100944e+000
  1.6680000e+001  1.2648110e+002  3.1800904e+000
  1.6880000e+001  1.2751722e+002  3.1500921e+000
  1.6990000e+001  1.2811427e+002  3.1500921e+000
  1.7140000e+001  1.2897753e+002  3.0800962e+000
  1.7290000e+001  1.2984080e+002  3.1200939e+000
  1.7440000e+001  1.3070406e+002  3.2200881e+000
  1.7590000e+001  1.3160838e+002  4.1300354e+000
  1.7740000e+001  1.3253991e+002  4.6200070e+000
  1.7820000e+001  1.3303672e+002  4.5200128e+000
  1.7900000e+001  1.3353344e+002  4.9499879e+000
  1.7960000e+001  1.3390593e+002  4.8399943e+000
  1.8030000e+001  1.3434050e+002  4.9199896e+000
  1.8100000e+001  1.3477507e+002  5.1799746e+000
  1.8180000e+001  1.3529330e+002  5.1499763e+000
  1.8250000e+001  1.3578219e+002  5.1899740e+000
  1.8320000e+001  1.3627108e+002  5.2099728e+000
  1.8400000e+001  1.3682982e+002  5.1099786e+000
  1.8470000e+001  1.3731871e+002  4.9799862e+000
  1.8540000e+001  1.3780760e+002  4.9799862e+000
  1.8610000e+001  1.3829659e+002  5.1699752e+000
  1.8670000e+001  1.3871574e+002  5.3199665e+000
  1.8740000e+001  1.3920476e+002  5.2599700e+000
  1.8810000e+001  1.3969377e+002  5.3499647e+000
  1.8880000e+001  1.4018279e+002  5.2199723e+000
  1.8950000e+001  1.4067180e+002  5.0599815e+000
  1.9220000e+001  1.4255754e+002  5.2399711e+000
  1.9460000e+001  1.4423392e+002  5.2499705e+000
  1.9600000e+001  1.4521194e+002  4.9899856e+000
  1.9750000e+001  1.4625983e+002  5.0099844e+000
  1.9880000e+001  1.4716780e+002  5.0999792e+000
  1.9900000e+001  1.4730748e+002  5.1699752e+000
  2.0110000e+001  1.4877416e+002  5.0699810e+000
  2.0310000e+001  1.5017100e+002  4.9199896e+000
  2.0510000e+001  1.5156783e+002  4.9799862e+000
  2.0720000e+001  1.5303477e+002  4.4800151e+000
  2.0900000e+001  1.5429223e+002  4.5600105e+000
  2.1100000e+001  1.5574773e+002  4.6300064e+000
  2.1250000e+001  1.5698588e+002  4.8399943e+000
  2.1380000e+001  1.5811560e+002  4.6900029e+000
  2.1400000e+001  1.5828941e+002  4.7400001e+000
  2.1500000e+001  1.5920556e+002  4.8899914e+000
  2.1700000e+001  1.6137918e+002  5.0199838e+000
  2.1900000e+001  1.6355172e+002  4.8999908e+000
  2.2100000e+001  1.6604416e+002  4.7200012e+000
  2.2150000e+001  1.6672308e+002  4.7000024e+000
  2.2200000e+001  1.6740199e+002  4.5600105e+000
  2.2400000e+001  1.7011771e+002  4.6900029e+000
  2.2600000e+001  1.7265094e+002  4.4500168e+000
  2.2800000e+001  1.7517596e+002  4.5400116e+000
  2.3000000e+001  1.7770039e+002  4.7799978e+000
  2.3200000e+001  1.8020386e+002  4.5500111e+000
  2.3400000e+001  1.8222341e+002  4.6800035e+000
  2.3600000e+001  1.8423266e+002  4.9299890e+000
  2.3650000e+001  1.8463665e+002  4.8599931e+000
  2.3700000e+001  1.8504064e+002  4.7499995e+000
  2.3900000e+001  1.8658397e+002  4.8399943e+000
  2.4100000e+001  1.8811008e+002  4.7300006e+000
  2.4300000e+001  1.8963589e+002  4.6300064e+000
  2.4500000e+001  1.9116170e+002  4.0700388e+000
  2.4620000e+001  1.9211000e+002  3.9700446e+000
  2.4820000e+001  1.9401821e+002  3.9300469e+000
  2.5020000e+001  1.9619941e+002  3.8000545e+000
  2.5220000e+001  1.9855007e+002  3.6900608e+000
  2.5270000e+001  1.9913510e+002  3.4600741e+000
  2.5320000e+001  1.9972012e+002  3.5800672e+000
  2.5520000e+001  2.0206024e+002  3.5400695e+000
  2.5720000e+001  2.0438054e+002  3.8100539e+000
  2.6320000e+001  2.0942443e+002  3.5800672e+000
  2.6720000e+001  2.1242008e+002  3.7000603e+000
  2.6770000e+001  2.1279156e+002  3.5600684e+000
  2.6820000e+001  2.1315811e+002  3.6000661e+000
  2.7020000e+001  2.1462430e+002  3.6000661e+000
  2.7220000e+001  2.1609021e+002  3.4100771e+000
  2.7420000e+001  2.1755611e+002  3.5700678e+000
  2.7820000e+001  2.2102803e+002  4.2500284e+000
  2.8020000e+001  2.2295299e+002  4.7599989e+000
  2.8220000e+001  2.2476620e+002  4.3500226e+000
  2.8270000e+001  2.2516453e+002  4.5300122e+000
  2.8270000e+001  2.2516453e+002  4.4700157e+000
  2.8320000e+001  2.2556287e+002  4.4500168e+000
  2.8520000e+001  2.2715620e+002  4.3700215e+000
  2.8720000e+001  2.2870707e+002  4.5200128e+000
  2.9020000e+001  2.3094826e+002  4.2000313e+000
  2.9120000e+001  2.3169516e+002  4.4800151e+000
  2.9220000e+001  2.3244204e+002  4.0700388e+000
  2.9320000e+001  2.3318892e+002  3.6400637e+000
  2.9420000e+001  2.3393579e+002  3.8000545e+000
  2.9620000e+001  2.3528114e+002  3.6700620e+000
  2.9720000e+001  2.3594525e+002  3.6200649e+000
  2.9770000e+001  2.3627725e+002  3.6800614e+000
  2.9820000e+001  2.3660919e+002  3.5600684e+000
  2.9920000e+001  2.3727308e+002  3.4500747e+000
  3.0020000e+001  2.3793697e+002  3.5500689e+000
  3.0120000e+001  2.3860086e+002  3.4600741e+000
  3.0220000e+001  2.3926475e+002  3.3700794e+000
  3.0320000e+001  2.3992864e+002  3.4700736e+000
  3.0420000e+001  2.4059253e+002  3.4200764e+000
  3.0520000e+001  2.4127377e+002  3.3100829e+000
  3.0720000e+001  2.4259387e+002  3.2000892e+000
  3.0820000e+001  2.4320947e+002  4.2900261e+000
  3.0920000e+001  2.4382508e+002  4.3800209e+000
  3.1270000e+001  2.4597956e+002  4.3800209e+000
  3.1320000e+001  2.4628730e+002  4.6400058e+000
  3.1420000e+001  2.4690772e+002  4.3300238e+000
  3.1630000e+001  2.4827951e+002  4.3900203e+000
  3.1730000e+001  2.4893284e+002  4.6600047e+000
  3.1830000e+001  2.4958621e+002  4.6400058e+000
  3.1930000e+001  2.5023958e+002  4.7000024e+000
  3.2030000e+001  2.5089294e+002  4.7200012e+000
  3.2130000e+001  2.5154631e+002  4.8099960e+000
  3.2330000e+001  2.5285282e+002  4.7499995e+000
  3.2430000e+001  2.5350606e+002  4.6400058e+000
  3.2530000e+001  2.5415930e+002  4.7100018e+000
  3.2630000e+001  2.5481253e+002  4.1500342e+000
  3.3630000e+001  2.6134556e+002  4.6400058e+000
  3.3730000e+001  2.6199886e+002  4.6100076e+000
  3.3830000e+001  2.6265223e+002  4.5900087e+000
  3.3930000e+001  2.6328881e+002  4.5400116e+000
  3.4030000e+001  2.6388278e+002  4.5100134e+000
  3.4080000e+001  2.6417976e+002  4.2900261e+000
  3.4130000e+001  2.6447675e+002  4.4200186e+000
  3.4330000e+001  2.6566451e+002  4.5700099e+000
  3.4680000e+001  2.6774299e+002  4.2400290e+000
  3.5080000e+001  2.7011886e+002  4.6800035e+000
  3.5480000e+001  2.7249440e+002  4.6000082e+000
  3.5680000e+001  2.7368210e+002  4.5000139e+000
  3.5730000e+001  2.7397907e+002  4.3700215e+000
  3.5780000e+001  2.7427606e+002  4.2200302e+000
  3.5980000e+001  2.7546400e+002  4.4400174e+000
  3.6180000e+001  2.7665193e+002  4.5200128e+000
  3.6380000e+001  2.7796265e+002  4.5000139e+000
  3.6580000e+001  2.7935175e+002  4.4200186e+000
  3.6780000e+001  2.8083675e+002  4.0700388e+000
  3.6980000e+001  2.8215635e+002  4.1800325e+000
  3.7180000e+001  2.8346825e+002  4.0200417e+000
  3.7230000e+001  2.8379622e+002  4.0700388e+000
  3.7280000e+001  2.8412420e+002  3.8900493e+000
  3.7480000e+001  2.8543610e+002  3.9700446e+000
  3.7680000e+001  2.8674800e+002  3.9300469e+000
  3.7880000e+001  2.8806018e+002  3.8700504e+000
  3.8080000e+001  2.8937241e+002  4.2200302e+000
  3.8280000e+001  2.9068436e+002  4.1700331e+000
  3.8480000e+001  2.9199626e+002  4.7300006e+000
  3.8680000e+001  2.9330843e+002  4.5600105e+000
  3.8730000e+001  2.9363649e+002  4.5000139e+000
  3.8780000e+001  2.9396455e+002  4.5400116e+000
  3.8980000e+001  2.9522922e+002  4.4800151e+000
  3.9180000e+001  2.9649187e+002  4.3700215e+000
  3.9380000e+001  2.9782974e+002  4.1600336e+000
  3.9580000e+001  2.9912735e+002  4.1600336e+000
  3.9780000e+001  3.0033167e+002  4.0700388e+000
  3.9980000e+001  3.0153599e+002  4.0800383e+000
  4.0180000e+001  3.0274012e+002  3.9300469e+000
  4.0230000e+001  3.0304114e+002  3.9600452e+000
  4.0280000e+001  3.0334216e+002  3.8800498e+000
  4.0480000e+001  3.0454625e+002  4.1200359e+000
  4.0680000e+001  3.0575051e+002  4.2400290e+000
  4.0880000e+001  3.0703488e+002  4.1700331e+000
  4.1080000e+001  3.0835404e+002  4.0900377e+000
  4.1280000e+001  3.0978110e+002  3.8800498e+000
  4.1410000e+001  3.1077656e+002  3.8000545e+000
  4.1610000e+001  3.1238201e+002  3.6900608e+000
  4.1660000e+001  3.1278337e+002  3.9500458e+000
  4.1710000e+001  3.1318473e+002  3.7200591e+000
  4.1910000e+001  3.1488299e+002  3.8500516e+000
  4.2110000e+001  3.1659581e+002  3.7000603e+000
  4.2310000e+001  3.1845620e+002  3.6300643e+000
  4.2510000e+001  3.2059680e+002  3.4800730e+000
  4.2610000e+001  3.2166709e+002  3.3000834e+000
  4.2710000e+001  3.2296559e+002  3.3900782e+000
  4.2810000e+001  3.2436492e+002  3.1800904e+000
  4.2910000e+001  3.2576424e+002  3.3200823e+000
  4.3010000e+001  3.2716356e+002  3.2000892e+000
  4.3110000e+001  3.2856266e+002  3.2700852e+000
  4.3160000e+001  3.2926215e+002  3.2500863e+000
  4.3210000e+001  3.2996164e+002  3.2500863e+000
  4.3310000e+001  3.3136061e+002  3.2700852e+000
  4.3610000e+001  3.3489242e+002  4.0300412e+000
  4.3810000e+001  3.3637304e+002  4.6800035e+000
  4.4110000e+001  3.3789055e+002  3.8900493e+000
  4.4210000e+001  3.3837299e+002  3.7800556e+000
  4.4310000e+001  3.3890676e+002  3.9100481e+000
  4.4410000e+001  3.3948568e+002  4.8699925e+000
  4.4510000e+001  3.4006461e+002  5.0899798e+000
  4.4610000e+001  3.4064353e+002  5.2199723e+000
  4.4710000e+001  3.4122246e+002  5.0399827e+000
  4.4810000e+001  3.4183313e+002  5.0599815e+000
  4.4910000e+001  3.4247659e+002  5.2099728e+000
  4.5010000e+001  3.4311459e+002  5.1599757e+000
  4.5040000e+001  3.4329478e+002  5.1799746e+000
  4.5240000e+001  3.4462843e+002  5.2499705e+000
  4.5440000e+001  3.4597936e+002  4.8199954e+000
  4.5640000e+001  3.4740877e+002  4.9399885e+000
  4.5840000e+001  3.4885006e+002  4.9699867e+000
  4.5890000e+001  3.4921038e+002  4.8199954e+000
  4.5940000e+001  3.4957070e+002  4.9099902e+000
  4.6140000e+001  3.5147296e+002  4.9399885e+000
  4.6340000e+001  3.5372452e+002  4.5200128e+000
  4.6540000e+001  3.5597627e+002  4.6700041e+000
  4.6740000e+001  3.5822839e+002  4.5200128e+000
  4.6940000e+001  3.6048034e+002  4.7200012e+000
  4.6990000e+001  3.6104323e+002  4.6900029e+000
  4.7020000e+001  3.6138097e+002  4.8199954e+000
  4.7070000e+001  3.6194386e+002  4.7200012e+000
  4.7120000e+001  3.6250675e+002  4.7300006e+000
  4.7140000e+001  3.6273191e+002  4.6300064e+000
  4.7170000e+001  3.6306964e+002  4.6100076e+000
  4.7190000e+001  3.6329480e+002  4.7599989e+000
  4.7220000e+001  3.6363253e+002  4.5700099e+000
  4.7270000e+001  3.6419542e+002  4.6600047e+000
  4.7350000e+001  3.6493956e+002  4.7699983e+000
  4.7370000e+001  3.6511969e+002  4.7499995e+000
  4.7440000e+001  3.6566011e+002  3.9200475e+000
  4.7470000e+001  3.6590136e+002  4.5700099e+000
  4.7490000e+001  3.6606220e+002  4.5200128e+000
  4.7620000e+001  3.6710763e+002  4.7000024e+000
  4.7640000e+001  3.6726847e+002  4.5100134e+000
  4.7670000e+001  3.6750972e+002  4.5200128e+000
  4.7690000e+001  3.6767056e+002  4.7699983e+000
  4.7720000e+001  3.6791181e+002  4.4700157e+000
  4.7770000e+001  3.6831390e+002  4.6600047e+000
  4.7820000e+001  3.6871599e+002  4.5700099e+000
  4.7840000e+001  3.6887683e+002  4.2600278e+000
  4.7870000e+001  3.6911808e+002  4.4100192e+000
  4.7890000e+001  3.6927657e+002  4.4800151e+000
  4.7920000e+001  3.6950280e+002  4.4700157e+000
  4.7970000e+001  3.6987985e+002  4.4300180e+000
  4.8020000e+001  3.7025690e+002  4.5100134e+000
  4.8040000e+001  3.7040772e+002  4.4000197e+000
  4.8070000e+001  3.7063396e+002  4.4500168e+000
  4.8090000e+001  3.7078478e+002  4.3600221e+000
  4.8120000e+001  3.7101101e+002  4.3400232e+000
  4.8170000e+001  3.7138806e+002  4.3300238e+000
  4.8220000e+001  3.7176511e+002  4.7400001e+000
  4.8240000e+001  3.7191594e+002  4.5400116e+000
  4.8270000e+001  3.7214217e+002  4.6900029e+000
  4.8290000e+001  3.7229299e+002  4.7699983e+000
  4.8320000e+001  3.7251916e+002  4.7000024e+000
  4.8420000e+001  3.7327308e+002  4.6400058e+000
  4.8440000e+001  3.7342386e+002  4.1000371e+000
  4.8470000e+001  3.7365004e+002  4.6000082e+000
  4.8520000e+001  3.7402700e+002  4.5300122e+000
  4.8570000e+001  3.7440396e+002  4.5500111e+000
  4.8620000e+001  3.7478092e+002  4.0200417e+000
  4.8640000e+001  3.7493170e+002  4.3700215e+000
  4.8690000e+001  3.7530866e+002  4.4300180e+000
  4.8720000e+001  3.7553489e+002  4.4600163e+000
  4.8770000e+001  3.7591194e+002  4.4400174e+000
  4.8820000e+001  3.7628900e+002  4.5100134e+000
  4.8870000e+001  3.7666605e+002  4.4300180e+000
  4.8890000e+001  3.7681687e+002  4.2200302e+000
  4.9020000e+001  3.7779721e+002  4.2900261e+000
  4.9140000e+001  3.7870205e+002  4.2600278e+000
  4.9170000e+001  3.7892822e+002  4.2400290e+000
  4.9220000e+001  3.7930518e+002  4.2700273e+000
  4.9320000e+001  3.8005910e+002  4.1900319e+000
  4.9340000e+001  3.8020989e+002  4.1300354e+000
  4.9370000e+001  3.8043606e+002  4.2800267e+000
  4.9420000e+001  3.8081302e+002  4.1500342e+000
  4.9470000e+001  3.8118998e+002  4.2100307e+000
  4.9520000e+001  3.8154843e+002  4.0400406e+000
  4.9540000e+001  3.8168246e+002  4.0800383e+000
  4.9590000e+001  3.8201753e+002  4.0400406e+000
  4.9620000e+001  3.8221858e+002  4.1200359e+000
  4.9670000e+001  3.8255365e+002  4.0100423e+000
  4.9720000e+001  3.8288873e+002  4.3100249e+000
  4.9740000e+001  3.8302276e+002  4.2100307e+000
  4.9770000e+001  3.8322380e+002  4.3200244e+000
  4.9790000e+001  3.8335783e+002  4.2600278e+000
  4.9820000e+001  3.8354570e+002  4.3900203e+000
  4.9890000e+001  3.8396798e+002  4.3500226e+000
  4.9940000e+001  3.8426961e+002  4.3700215e+000
  4.9990000e+001  3.8457123e+002  4.3200244e+000
  5.0010000e+001  3.8469188e+002  4.3500226e+000
  5.0040000e+001  3.8487286e+002  4.3400232e+000
  5.0060000e+001  3.8499351e+002  4.2400290e+000
  5.0090000e+001  3.8517449e+002  4.3200244e+000
  5.0190000e+001  3.8580290e+002  4.2600278e+000
  5.0210000e+001  3.8593843e+002  4.1500342e+000
  5.0290000e+001  3.8648055e+002  4.2200302e+000
  5.0340000e+001  3.8681933e+002  4.1900319e+000
  5.0390000e+001  3.8715809e+002  4.0900377e+000
  5.0410000e+001  3.8729360e+002  4.1100365e+000
  5.0440000e+001  3.8749685e+002  4.0700388e+000
  5.0490000e+001  3.8783561e+002  3.9600452e+000
  5.0540000e+001  3.8817438e+002  3.8500516e+000
  5.0590000e+001  3.8851314e+002  3.9400464e+000
  5.0610000e+001  3.8864864e+002  4.0100423e+000
  5.0640000e+001  3.8885190e+002  3.8500516e+000
  5.0660000e+001  3.8898740e+002  3.8500516e+000
  5.0690000e+001  3.8919066e+002  3.8500516e+000
  5.0790000e+001  3.8986818e+002  4.1900319e+000
  5.0810000e+001  3.9000369e+002  4.2700273e+000
  5.0840000e+001  3.9020698e+002  4.3200244e+000
  5.0860000e+001  3.9034251e+002  4.2200302e+000
  5.0890000e+001  3.9054581e+002  4.1000371e+000
  5.0910000e+001  3.9068134e+002  3.8900493e+000
  5.0940000e+001  3.9088464e+002  4.1000371e+000
  5.0960000e+001  3.9102017e+002  4.0600394e+000
  5.0990000e+001  3.9122347e+002  3.8300527e+000
  5.1110000e+001  3.9203665e+002  3.9000487e+000
  5.1140000e+001  3.9223995e+002  3.8600510e+000
  5.1160000e+001  3.9237548e+002  3.8500516e+000
  5.1310000e+001  3.9339196e+002  3.8200533e+000
  5.1360000e+001  3.9367664e+002  3.7900551e+000
  5.1390000e+001  3.9384602e+002  3.8600510e+000
  5.1440000e+001  3.9412832e+002  3.5900666e+000
  5.1510000e+001  3.9452354e+002  3.6600626e+000
  5.1560000e+001  3.9475360e+002  3.7200591e+000
  5.1590000e+001  3.9488913e+002  3.6100655e+000
  5.1640000e+001  3.9511502e+002  3.8600510e+000
  5.1690000e+001  3.9534090e+002  3.7900551e+000
  5.1710000e+001  3.9543126e+002  3.6800614e+000
  5.1740000e+001  3.9556679e+002  3.6000661e+000
  5.1760000e+001  3.9565714e+002  3.7000603e+000
  5.1910000e+001  3.9633480e+002  3.6800614e+000
  5.1990000e+001  3.9669621e+002  3.5000719e+000
  5.2110000e+001  3.9734259e+002  3.4900724e+000
  5.2160000e+001  3.9762489e+002  3.4300759e+000
  5.2190000e+001  3.9779427e+002  3.5300701e+000
  5.2310000e+001  3.9864268e+002  3.4300759e+000
  5.2340000e+001  3.9886852e+002  3.7400579e+000
  5.2360000e+001  3.9901908e+002  3.4200764e+000
  5.2390000e+001  3.9924492e+002  3.3100829e+000
  5.2410000e+001  3.9939548e+002  3.5400695e+000
  5.2440000e+001  3.9962132e+002  3.3200823e+000
  5.2540000e+001  4.0038766e+002  3.3300817e+000
  5.2610000e+001  4.0096708e+002  3.4500747e+000
  5.2660000e+001  4.0138094e+002  3.3000834e+000
  5.2740000e+001  4.0204313e+002  3.2800846e+000
  5.2790000e+001  4.0245700e+002  3.2500863e+000
  5.2810000e+001  4.0262255e+002  3.2700852e+000
  5.2840000e+001  4.0287087e+002  3.0101002e+000
  5.2860000e+001  4.0303642e+002  3.2600857e+000
  5.2890000e+001  4.0328474e+002  3.2000892e+000
  5.2990000e+001  4.0411261e+002  3.2600857e+000
  5.3010000e+001  4.0427820e+002  3.1900898e+000
  5.3040000e+001  4.0452659e+002  3.1600915e+000
  5.3060000e+001  4.0469217e+002  3.3500805e+000
  5.3090000e+001  4.0494056e+002  3.0400985e+000
  5.3140000e+001  4.0535453e+002  3.3000834e+000
  5.3190000e+001  4.0576850e+002  3.2300874e+000
  5.3210000e+001  4.0593409e+002  3.2400869e+000
  5.3240000e+001  4.0618247e+002  3.1400927e+000
  5.3260000e+001  4.0634806e+002  3.2800846e+000
  5.3290000e+001  4.0659644e+002  3.1600915e+000
  5.3340000e+001  4.0701039e+002  3.1700909e+000
  5.3390000e+001  4.0742426e+002  3.2000892e+000
  5.3410000e+001  4.0758981e+002  3.2100886e+000
  5.3440000e+001  4.0783813e+002  3.2600857e+000
  5.3460000e+001  4.0800368e+002  3.2700852e+000
  5.3490000e+001  4.0825200e+002  3.1700909e+000
  5.3540000e+001  4.0866587e+002  3.2400869e+000
  5.3610000e+001  4.0924528e+002  3.2800846e+000
  5.3660000e+001  4.0965915e+002  3.1600915e+000
  5.3690000e+001  4.0990747e+002  3.1900898e+000
  5.3790000e+001  4.1057270e+002  3.3800788e+000
  5.3810000e+001  4.1068306e+002  3.2700852e+000
  5.3840000e+001  4.1084861e+002  3.5600684e+000
  5.3860000e+001  4.1095898e+002  3.7000603e+000
  5.3890000e+001  4.1112452e+002  3.3200823e+000
  5.3910000e+001  4.1123489e+002  3.3500805e+000
  5.3940000e+001  4.1139239e+002  3.4400753e+000
  5.3960000e+001  4.1148070e+002  3.4400753e+000
  5.3990000e+001  4.1161316e+002  3.3600799e+000
  5.4040000e+001  4.1183393e+002  3.2800846e+000
  5.4090000e+001  4.1205471e+002  3.3200823e+000
  5.4110000e+001  4.1214302e+002  3.2000892e+000
  5.4140000e+001  4.1227548e+002  3.3600799e+000
  5.4160000e+001  4.1236379e+002  3.3700794e+000
  5.4190000e+001  4.1249626e+002  3.2600857e+000
  5.4240000e+001  4.1271703e+002  3.2700852e+000
  5.4310000e+001  4.1302611e+002  3.4400753e+000
  5.4340000e+001  4.1315858e+002  3.3900782e+000
  5.4360000e+001  4.1324689e+002  3.4600741e+000
  5.4390000e+001  4.1337935e+002  3.4000776e+000
  5.4440000e+001  4.1360012e+002  3.3400811e+000
  5.4490000e+001  4.1382085e+002  3.2300874e+000
  5.4510000e+001  4.1390915e+002  3.3500805e+000
  5.4540000e+001  4.1404158e+002  3.3900782e+000
  5.4560000e+001  4.1412988e+002  3.3500805e+000
  5.4590000e+001  4.1426231e+002  3.4100771e+000
  5.4640000e+001  4.1448304e+002  3.4200764e+000
  5.4660000e+001  4.1457134e+002  3.3400811e+000
  5.4690000e+001  4.1470377e+002  3.3600799e+000
  5.4740000e+001  4.1492450e+002  3.3700794e+000
  5.4760000e+001  4.1501280e+002  3.4300759e+000
  5.4790000e+001  4.1514523e+002  3.4100771e+000
  5.4810000e+001  4.1523353e+002  3.4400753e+000
  5.4840000e+001  4.1536596e+002  3.3900782e+000
  5.4890000e+001  4.1558669e+002  3.5400695e+000
  5.4910000e+001  4.1567499e+002  3.4900724e+000
  5.4960000e+001  4.1589573e+002  3.6000661e+000
  5.5010000e+001  4.1611651e+002  3.3600799e+000
  5.5040000e+001  4.1624897e+002  3.5900666e+000
  5.5090000e+001  4.1646975e+002  3.6700620e+000
  5.5110000e+001  4.1655806e+002  3.5200707e+000
  5.5140000e+001  4.1669052e+002  3.5400695e+000
  5.5160000e+001  4.1677883e+002  3.5700678e+000
  5.5210000e+001  4.1699960e+002  3.6300643e+000
  5.5290000e+001  4.1735284e+002  3.4900724e+000
  5.5310000e+001  4.1744115e+002  3.7100597e+000
  5.5340000e+001  4.1757362e+002  3.6400637e+000
  5.5360000e+001  4.1766192e+002  3.7600568e+000
  5.5390000e+001  4.1779439e+002  3.7400579e+000
  5.5410000e+001  4.1788270e+002  3.8200533e+000
  5.5460000e+001  4.1810346e+002  3.7900551e+000
  5.5510000e+001  4.1832419e+002  3.6500632e+000
  5.5540000e+001  4.1845663e+002  3.6800614e+000
  5.5590000e+001  4.1867736e+002  3.6600626e+000
  5.5610000e+001  4.1876565e+002  3.8800498e+000
  5.5640000e+001  4.1889809e+002  3.9100481e+000
  5.5660000e+001  4.1898638e+002  3.9000487e+000
  5.5690000e+001  4.1911882e+002  3.8800498e+000
  5.5710000e+001  4.1920711e+002  3.8500516e+000
  5.5740000e+001  4.1933955e+002  3.9200475e+000
  5.5790000e+001  4.1956028e+002  3.9700446e+000
  5.5810000e+001  4.1964857e+002  3.8600510e+000
  5.5860000e+001  4.1986930e+002  4.0600394e+000
  5.5910000e+001  4.2009003e+002  3.8300527e+000
  5.5940000e+001  4.2022247e+002  4.0500400e+000
  5.5990000e+001  4.2044324e+002  3.9900435e+000
  5.6010000e+001  4.2053154e+002  3.9900435e+000
  5.6040000e+001  4.2066401e+002  3.9500458e+000
  5.6060000e+001  4.2075232e+002  4.1900319e+000
  5.6310000e+001  4.2185619e+002  3.9500458e+000
  5.6390000e+001  4.2220943e+002  3.9900435e+000
  5.6410000e+001  4.2229774e+002  3.9600452e+000
  5.6660000e+001  4.2339756e+002  4.1600336e+000
  5.6910000e+001  4.2440924e+002  4.0400406e+000
  5.7400000e+001  4.2639249e+002  4.0900377e+000
  5.7480000e+001  4.2673620e+002  4.1700331e+000
  5.7510000e+001  4.2688796e+002  4.3100249e+000
  5.7550000e+001  4.2709029e+002  4.3000255e+000
  5.7600000e+001  4.2734321e+002  4.7300006e+000
  5.7850000e+001  4.2860781e+002  4.8799920e+000
  5.7900000e+001  4.2892235e+002  5.0699810e+000
  5.7930000e+001  4.2912476e+002  5.1599757e+000
  5.7960000e+001  4.2932716e+002  5.2199723e+000
  5.8000000e+001  4.2959703e+002  5.4799572e+000
  5.8110000e+001  4.3033917e+002  5.4499590e+000
  5.8150000e+001  4.3060904e+002  5.3699636e+000
  5.8200000e+001  4.3099244e+002  5.3899624e+000
  5.8300000e+001  4.3175501e+002  5.3699636e+000
  5.8380000e+001  4.3232048e+002  5.4099613e+000
  5.8410000e+001  4.3253253e+002  5.5099555e+000
  5.8450000e+001  4.3281526e+002  5.2799688e+000
  5.8530000e+001  4.3338073e+002  5.2399711e+000
  5.8560000e+001  4.3359278e+002  5.4199607e+000
  5.8750000e+001  4.3507749e+002  5.2199723e+000
  5.8790000e+001  4.3543091e+002  5.1399769e+000
  5.8840000e+001  4.3587268e+002  4.9199896e+000
  5.8860000e+001  4.3604939e+002  4.9799862e+000
  5.9470000e+001  4.4143989e+002  5.3399653e+000
  5.9520000e+001  4.4188167e+002  5.3499647e+000
  5.9540000e+001  4.4205838e+002  5.2399711e+000
  5.9570000e+001  4.4232344e+002  5.2799688e+000
  5.9590000e+001  4.4247702e+002  5.2099728e+000
  5.9620000e+001  4.4268911e+002  5.2299717e+000
  5.9740000e+001  4.4353748e+002  5.1299775e+000
  5.9770000e+001  4.4374957e+002  5.0599815e+000
  5.9790000e+001  4.4389097e+002  5.1999735e+000
  5.9820000e+001  4.4410306e+002  5.1099786e+000
  5.9870000e+001  4.4445655e+002  5.1399769e+000
  5.9920000e+001  4.4481004e+002  5.0299833e+000
  5.9940000e+001  4.4495143e+002  5.0599815e+000
  5.9970000e+001  4.4516353e+002  5.0799804e+000
  5.9990000e+001  4.4530492e+002  5.0999792e+000
  6.0020000e+001  4.4551701e+002  5.0299833e+000
  6.0040000e+001  4.4567865e+002  4.9899856e+000
  6.0090000e+001  4.4609317e+002  4.8999908e+000
  6.0120000e+001  4.4634185e+002  4.9699867e+000
  6.0170000e+001  4.4675631e+002  4.7400001e+000
  6.0220000e+001  4.4717076e+002  4.8899914e+000
  6.0240000e+001  4.4733655e+002  4.7499995e+000
  6.0270000e+001  4.4758522e+002  4.7499995e+000
  6.0290000e+001  4.4775101e+002  5.0299833e+000
  6.0320000e+001  4.4799968e+002  5.0699810e+000
  6.0370000e+001  4.4841414e+002  5.0399827e+000
  6.0420000e+001  4.4885589e+002  4.9799862e+000
  6.0440000e+001  4.4904612e+002  4.7699983e+000
  6.0490000e+001  4.4952171e+002  4.9999850e+000
  6.0520000e+001  4.4980705e+002  5.0699810e+000
  6.0620000e+001  4.5084192e+002  4.3700215e+000
  6.0640000e+001  4.5107971e+002  4.6400058e+000
  6.0690000e+001  4.5167418e+002  4.8199954e+000
  6.0720000e+001  4.5203087e+002  5.0699810e+000
  6.0770000e+001  4.5262535e+002  4.8499937e+000
  6.0820000e+001  4.5331982e+002  4.9399885e+000
  6.0840000e+001  4.5361713e+002  4.7699983e+000
  6.0870000e+001  4.5406310e+002  4.6200070e+000
  6.0920000e+001  4.5480638e+002  5.0599815e+000
  6.1020000e+001  4.5629293e+002  4.8099960e+000
  6.1040000e+001  4.5659025e+002  4.5100134e+000
  6.1070000e+001  4.5703621e+002  4.3200244e+000
  6.1090000e+001  4.5733352e+002  4.6500053e+000
  6.1120000e+001  4.5777949e+002  4.7100018e+000
  6.1170000e+001  4.5852277e+002  4.9799862e+000
  6.1220000e+001  4.5917528e+002  4.8299948e+000
  6.1240000e+001  4.5941307e+002  4.7799978e+000
  6.1270000e+001  4.5976976e+002  4.7799978e+000
  6.1290000e+001  4.6000755e+002  4.6000082e+000
  6.1320000e+001  4.6036423e+002  4.8499937e+000
  6.1420000e+001  4.6155318e+002  4.7799978e+000
  6.1440000e+001  4.6179097e+002  4.5300122e+000
  6.1470000e+001  4.6214766e+002  4.8499937e+000
  6.1490000e+001  4.6238545e+002  4.7999966e+000
  6.1520000e+001  4.6274214e+002  4.8799920e+000
  6.1540000e+001  4.6297097e+002  4.6600047e+000
  6.1590000e+001  4.6351067e+002  4.5800093e+000
  6.1670000e+001  4.6420746e+002  4.7000024e+000
  6.1720000e+001  4.6463931e+002  4.6300064e+000
  6.1740000e+001  4.6481205e+002  4.8399943e+000
  6.1770000e+001  4.6507116e+002  4.8399943e+000
  6.1920000e+001  4.6636671e+002  4.6500053e+000
  6.2020000e+001  4.6723041e+002  4.5000139e+000
  6.2120000e+001  4.6808144e+002  4.3700215e+000
  6.2140000e+001  4.6824336e+002  4.3000255e+000
  6.2170000e+001  4.6848622e+002  4.3500226e+000
  6.2220000e+001  4.6889100e+002  4.3300238e+000
  6.2270000e+001  4.6929578e+002  4.2600278e+000
  6.2320000e+001  4.6970056e+002  4.3600221e+000
  6.2340000e+001  4.6986247e+002  4.1600336e+000
  6.2370000e+001  4.7010534e+002  4.2400290e+000
  6.2390000e+001  4.7026725e+002  4.1700331e+000
  6.2420000e+001  4.7051012e+002  4.0800383e+000
  6.2470000e+001  4.7091490e+002  4.1400348e+000
  6.2540000e+001  4.7144543e+002  4.1500342e+000
  6.2570000e+001  4.7166131e+002  4.2700273e+000
  6.2590000e+001  4.7180523e+002  4.2900261e+000
  6.2620000e+001  4.7202112e+002  3.7800556e+000
  6.2670000e+001  4.7238092e+002  4.0900377e+000
  6.2740000e+001  4.7288465e+002  4.1000371e+000
  6.2770000e+001  4.7310053e+002  4.0300412e+000
  6.2820000e+001  4.7347638e+002  4.5800093e+000
  6.2920000e+001  4.7428614e+002  4.5400116e+000
  6.2960000e+001  4.7461004e+002  4.4500168e+000
  6.3010000e+001  4.7500161e+002  4.3600221e+000
  6.3030000e+001  4.7515592e+002  4.3400232e+000
  6.3080000e+001  4.7554169e+002  4.5200128e+000
  6.3110000e+001  4.7577316e+002  4.4400174e+000
  6.3210000e+001  4.7654712e+002  4.4300180e+000
  6.3230000e+001  4.7671167e+002  4.3300238e+000
  6.3280000e+001  4.7712307e+002  4.3100249e+000
  6.3310000e+001  4.7736990e+002  4.2800267e+000
  6.3360000e+001  4.7778129e+002  4.2300296e+000
  6.3410000e+001  4.7819269e+002  4.2000313e+000
  6.3430000e+001  4.7835724e+002  4.2200302e+000
  6.3460000e+001  4.7860408e+002  4.2500284e+000
  6.3480000e+001  4.7876863e+002  4.0900377e+000
  6.3510000e+001  4.7901547e+002  4.1400348e+000
  6.3560000e+001  4.7942686e+002  4.2000313e+000
  6.3610000e+001  4.7983825e+002  4.0000429e+000
  6.3630000e+001  4.8000281e+002  4.1200359e+000
  6.3660000e+001  4.8024965e+002  3.9900435e+000
  6.3680000e+001  4.8041420e+002  3.9300469e+000
  6.3710000e+001  4.8066248e+002  4.0100423e+000
  6.3760000e+001  4.8117672e+002  4.1300354e+000
  6.3810000e+001  4.8169096e+002  4.2000313e+000
  6.3830000e+001  4.8199899e+002  3.9000487e+000
  6.3860000e+001  4.8246180e+002  4.0600394e+000
  6.3880000e+001  4.8277035e+002  3.9900435e+000
  6.3910000e+001  4.8323316e+002  4.0900377e+000
  6.3960000e+001  4.8400452e+002  3.8500516e+000
  6.4010000e+001  4.8477588e+002  3.7700562e+000
  6.4030000e+001  4.8517891e+002  3.7900551e+000
  6.4060000e+001  4.8579661e+002  3.8200533e+000
  6.4080000e+001  4.8620841e+002  3.7300585e+000
  6.4110000e+001  4.8682611e+002  3.8300527e+000
  6.4130000e+001  4.8729161e+002  3.7700562e+000
  6.4160000e+001  4.8796187e+002  3.8200533e+000
  6.4210000e+001  4.8907897e+002  3.8000545e+000
  6.4260000e+001  4.9019606e+002  3.7200591e+000
  6.4310000e+001  4.9131316e+002  3.8000545e+000
  6.4330000e+001  4.9176000e+002  3.7400579e+000
  6.4360000e+001  4.9243026e+002  3.7100597e+000
  6.4380000e+001  4.9287710e+002  3.8600510e+000
  6.4410000e+001  4.9354735e+002  3.8900493e+000
  6.4460000e+001  4.9466445e+002  3.9300469e+000
  6.4510000e+001  4.9578155e+002  3.9100481e+000
  6.4530000e+001  4.9616404e+002  3.8800498e+000
  6.4560000e+001  4.9670025e+002  3.9100481e+000
  6.4580000e+001  4.9705772e+002  3.9400464e+000
  6.4610000e+001  4.9759392e+002  3.9000487e+000
  6.4660000e+001  4.9840714e+002  3.9100481e+000
  6.4710000e+001  4.9921272e+002  3.9100481e+000
  6.4730000e+001  4.9953495e+002  3.9600452e+000
  6.4760000e+001  5.0001830e+002  3.8800498e+000
  6.4780000e+001  5.0034053e+002  3.9100481e+000
  6.4810000e+001  5.0082388e+002  3.9100481e+000
  6.4860000e+001  5.0162946e+002  3.9000487e+000
  6.4910000e+001  5.0243504e+002  3.9700446e+000
  6.4930000e+001  5.0275734e+002  3.9100481e+000
  6.4960000e+001  5.0324084e+002  3.8900493e+000
  6.5010000e+001  5.0404669e+002  3.8900493e+000
  6.5060000e+001  5.0485254e+002  3.9100481e+000
  6.5130000e+001  5.0598073e+002  3.9400464e+000
  6.5330000e+001  5.0920354e+002  4.1600336e+000
  6.5530000e+001  5.1242586e+002  4.5500111e+000
  6.5570000e+001  5.1307032e+002  4.3700215e+000
  6.5600000e+001  5.1355367e+002  4.2000313e+000
  6.5620000e+001  5.1387591e+002  4.3800209e+000
  6.5650000e+001  5.1435925e+002  4.1300354e+000
  6.5670000e+001  5.1468149e+002  4.3300238e+000
  6.5700000e+001  5.1516484e+002  4.3800209e+000
  6.5720000e+001  5.1548707e+002  4.3600221e+000
  6.5750000e+001  5.1597042e+002  4.3900203e+000
  6.5770000e+001  5.1629265e+002  3.9800441e+000
  6.5800000e+001  5.1677600e+002  4.4800151e+000
  6.5870000e+001  5.1804592e+002  4.3600221e+000
  6.5900000e+001  5.1862593e+002  4.2500284e+000
  6.5970000e+001  5.2018570e+002  4.0000429e+000
  6.6000000e+001  5.2090101e+002  4.1600336e+000
  6.6020000e+001  5.2137789e+002  4.1100365e+000
  6.6070000e+001  5.2257007e+002  4.0000429e+000
  6.6100000e+001  5.2328539e+002  3.9800441e+000
  6.6120000e+001  5.2376226e+002  4.1000371e+000
  6.6150000e+001  5.2437341e+002  4.4100192e+000
  6.6170000e+001  5.2475472e+002  3.7900551e+000
  6.6220000e+001  5.2570800e+002  4.0100423e+000
  6.6250000e+001  5.2621323e+002  3.3700794e+000
  6.6270000e+001  5.2653099e+002  3.9700446e+000
  6.6370000e+001  5.2811979e+002  3.3400811e+000
  6.6570000e+001  5.3129737e+002  4.1300354e+000
  6.6720000e+001  5.3368056e+002  4.3100249e+000
  6.6750000e+001  5.3415720e+002  4.1600336e+000
  6.6770000e+001  5.3447496e+002  4.5900087e+000
  6.6800000e+001  5.3495160e+002  4.6700041e+000
  6.6820000e+001  5.3526936e+002  4.5200128e+000
  6.6870000e+001  5.3606395e+002  4.8799920e+000
  6.6900000e+001  5.3654074e+002  4.7400001e+000
  6.6950000e+001  5.3733540e+002  3.8500516e+000
  6.6970000e+001  5.3765327e+002  4.6800035e+000
  6.7000000e+001  5.3813006e+002  4.8199954e+000
  6.7100000e+001  5.3971938e+002  4.8499937e+000
  6.7150000e+001  5.4046980e+002  4.7200012e+000
  6.7200000e+001  5.4110532e+002  4.7400001e+000
  6.7250000e+001  5.4174083e+002  4.5300122e+000
  6.7300000e+001  5.4237635e+002  4.4600163e+000
  6.7350000e+001  5.4301187e+002  4.7300006e+000
  6.7400000e+001  5.4364739e+002  5.0799804e+000
  6.7450000e+001  5.4427377e+002  4.5200128e+000
  6.7500000e+001  5.4486957e+002  4.2000313e+000
  6.7550000e+001  5.4546536e+002  4.7300006e+000
  6.7600000e+001  5.4606116e+002  4.7000024e+000
  6.7650000e+001  5.4665696e+002  4.4500168e+000
  6.7700000e+001  5.4725276e+002  4.8699925e+000
  6.7750000e+001  5.4784856e+002  4.7699983e+000
  6.7800000e+001  5.4844435e+002  4.6900029e+000
  6.7850000e+001  5.4902037e+002  4.5800093e+000
  6.7900000e+001  5.4949701e+002  4.6400058e+000
  6.7950000e+001  5.4995936e+002  4.7699983e+000
  6.8050000e+001  5.5076310e+002  4.4400174e+000
  6.8100000e+001  5.5119115e+002  4.6000082e+000
  6.8150000e+001  5.5161920e+002  4.7599989e+000
  6.8200000e+001  5.5204726e+002  4.1300354e+000
  6.8250000e+001  5.5247531e+002  4.4900145e+000
  6.8300000e+001  5.5290337e+002  4.7200012e+000
  6.8350000e+001  5.5333142e+002  4.6700041e+000
  6.8400000e+001  5.5375947e+002  4.1400348e+000
  6.8500000e+001  5.5458682e+002  4.4200186e+000
  6.8550000e+001  5.5498804e+002  4.4900145e+000
  6.8600000e+001  5.5538926e+002  4.2900261e+000
  6.8650000e+001  5.5579048e+002  4.4300180e+000
  6.8700000e+001  5.5619170e+002  4.4000197e+000
  6.8750000e+001  5.5659292e+002  4.3700215e+000
  6.8850000e+001  5.5739536e+002  4.4500168e+000
  6.8880000e+001  5.5763616e+002  4.4900145e+000
  6.8930000e+001  5.5803748e+002  4.2700273e+000
  6.8980000e+001  5.5843880e+002  4.5400116e+000
  6.9030000e+001  5.5884012e+002  4.2900261e+000
  6.9080000e+001  5.5924144e+002  4.4000197e+000
  6.9130000e+001  5.5964276e+002  4.0000429e+000
  6.9180000e+001  5.6004408e+002  4.1900319e+000
  6.9230000e+001  5.6044540e+002  4.2000313e+000
  6.9280000e+001  5.6086127e+002  4.3300238e+000
  6.9320000e+001  5.6121901e+002  4.2000313e+000
  6.9380000e+001  5.6178963e+002  4.2100307e+000
  6.9430000e+001  5.6226515e+002  3.9500458e+000
  6.9480000e+001  5.6274068e+002  4.4200186e+000
  6.9530000e+001  5.6321620e+002  4.3100249e+000
  6.9580000e+001  5.6369172e+002  4.1900319e+000
  6.9680000e+001  5.6464276e+002  4.0700388e+000
  6.9830000e+001  5.6624360e+002  3.7700562e+000
  6.9880000e+001  5.6683800e+002  3.8100539e+000
  6.9930000e+001  5.6743240e+002  4.0200417e+000
  6.9980000e+001  5.6802681e+002  3.9700446e+000
  7.0030000e+001  5.6862121e+002  4.1500342e+000
  7.0080000e+001  5.6921586e+002  4.2000313e+000
  7.0130000e+001  5.6981085e+002  4.1000371e+000
  7.0180000e+001  5.7040560e+002  4.0600394e+000
  7.0230000e+001  5.7100000e+002  4.0700388e+000
  7.0280000e+001  5.7159440e+002  3.6000661e+000
  7.0330000e+001  5.7214427e+002  3.4600741e+000
  7.0380000e+001  5.7267923e+002  3.9400464e+000
  7.0430000e+001  5.7321419e+002  3.6600626e+000
  7.0530000e+001  5.7428411e+002  3.4600741e+000
  7.0580000e+001  5.7481907e+002  3.5600684e+000
  7.0630000e+001  5.7535404e+002  3.5700678e+000
  7.0680000e+001  5.7588900e+002  3.6900608e+000
  7.0730000e+001  5.7642396e+002  3.4600741e+000
  7.0780000e+001  5.7695892e+002  3.5800672e+000
  7.0820000e+001  5.7738689e+002  3.6000661e+000
  7.0880000e+001  5.7806794e+002  3.6300643e+000
  7.0930000e+001  5.7873681e+002  3.3000834e+000
  7.0980000e+001  5.7940568e+002  3.6000661e+000
  7.1030000e+001  5.8007454e+002  3.9200475e+000
  7.1080000e+001  5.8074341e+002  3.7300585e+000
  7.1130000e+001  5.8141228e+002  4.0500400e+000
  7.1180000e+001  5.8208115e+002  4.7100018e+000
  7.1230000e+001  5.8275001e+002  4.7499995e+000
  7.1280000e+001  5.8338808e+002  4.7999966e+000
  7.1330000e+001  5.8392304e+002  4.6500053e+000
  7.1380000e+001  5.8445800e+002  4.7499995e+000
  7.1430000e+001  5.8499296e+002  4.6300064e+000
  7.1480000e+001  5.8552793e+002  4.5100134e+000
  7.1530000e+001  5.8606289e+002  4.4000197e+000
  7.1630000e+001  5.8728257e+002  4.0000429e+000
  7.1680000e+001  5.8794197e+002  4.2100307e+000
  7.1730000e+001  5.8860137e+002  4.1900319e+000
  7.1780000e+001  5.8926077e+002  4.1500342e+000
  7.1850000e+001  5.9018393e+002  4.0500400e+000
  7.1930000e+001  5.9123897e+002  4.2600278e+000
  7.1980000e+001  5.9189839e+002  4.3600221e+000
  7.2180000e+001  5.9453665e+002  4.3700215e+000
  7.2280000e+001  5.9585578e+002  4.2000313e+000
  7.2380000e+001  5.9717736e+002  4.1900319e+000
  7.2430000e+001  5.9788072e+002  4.0100423e+000
  7.2480000e+001  5.9858408e+002  4.1800325e+000
  7.2530000e+001  5.9928744e+002  4.4100192e+000
  7.2580000e+001  5.9988323e+002  4.4400174e+000
  7.2630000e+001  6.0047243e+002  4.1800325e+000
  7.2680000e+001  6.0106162e+002  4.3200244e+000
  7.2730000e+001  6.0165081e+002  4.1400348e+000
  7.2780000e+001  6.0224000e+002  4.0900377e+000
  7.2830000e+001  6.0282919e+002  3.7100597e+000
  7.2880000e+001  6.0341838e+002  4.0300412e+000
  7.2930000e+001  6.0400758e+002  3.8200533e+000
  7.2980000e+001  6.0459677e+002  3.8900493e+000
  7.3030000e+001  6.0525698e+002  3.9600452e+000
  7.3080000e+001  6.0592015e+002  3.8800498e+000
  7.3130000e+001  6.0658332e+002  3.7900551e+000
  7.3180000e+001  6.0724649e+002  4.2000313e+000
  7.3230000e+001  6.0784086e+002  3.6400637e+000
  7.3280000e+001  6.0843005e+002  3.6100655e+000
  7.3330000e+001  6.0901924e+002  3.5300701e+000
  7.3380000e+001  6.0960843e+002  3.6200649e+000
  7.3430000e+001  6.1019763e+002  3.5300701e+000
  7.3480000e+001  6.1078682e+002  3.5400695e+000
  7.3530000e+001  6.1134353e+002  3.5600684e+000
  7.3580000e+001  6.1189590e+002  3.5800672e+000
  7.3630000e+001  6.1244826e+002  3.6200649e+000
  7.3680000e+001  6.1300063e+002  3.6300643e+000
  7.3730000e+001  6.1355300e+002  3.6500632e+000
  7.3780000e+001  6.1410537e+002  3.6000661e+000
  7.3830000e+001  6.1465773e+002  3.7000603e+000
  7.3880000e+001  6.1521010e+002  3.7700562e+000
  7.3930000e+001  6.1567210e+002  3.7300585e+000
  7.3980000e+001  6.1611399e+002  3.5900666e+000
  7.4030000e+001  6.1655589e+002  3.7800556e+000
  7.4180000e+001  6.1788235e+002  4.0700388e+000
  7.4280000e+001  6.1876624e+002  3.7400579e+000
  7.4380000e+001  6.1965003e+002  4.0900377e+000
  7.4530000e+001  6.2097571e+002  4.0700388e+000
  7.4580000e+001  6.2141489e+002  4.1600336e+000
  7.4630000e+001  6.2189838e+002  4.2400290e+000
  7.4680000e+001  6.2241185e+002  4.2700273e+000
  7.4730000e+001  6.2292533e+002  4.5500111e+000
  7.4780000e+001  6.2343880e+002  4.5900087e+000
  7.4880000e+001  6.2446575e+002  5.0099844e+000
  7.4930000e+001  6.2497922e+002  5.2299717e+000
  7.4980000e+001  6.2549270e+002  5.2499705e+000
  7.5030000e+001  6.2602834e+002  5.2299717e+000
  7.5280000e+001  6.2876777e+002  5.1899740e+000
  7.5330000e+001  6.2931555e+002  5.3399653e+000
  7.5380000e+001  6.2986326e+002  5.3899624e+000
  7.5480000e+001  6.3095867e+002  5.2699694e+000
  7.5530000e+001  6.3150638e+002  5.4199607e+000
  7.5580000e+001  6.3205408e+002  5.4799572e+000
  7.5630000e+001  6.3258296e+002  5.0099844e+000
  7.5680000e+001  6.3309644e+002  5.5199549e+000
  7.5730000e+001  6.3360991e+002  5.4099613e+000
  7.5780000e+001  6.3412339e+002  5.1199780e+000
  7.5830000e+001  6.3463686e+002  5.4399595e+000
  7.5880000e+001  6.3515033e+002  5.4599584e+000
  7.5930000e+001  6.3566381e+002  5.3899624e+000
  7.5980000e+001  6.3617728e+002  4.9699867e+000
  7.6030000e+001  6.3669082e+002  5.3299659e+000
  7.6080000e+001  6.3720442e+002  5.1499763e+000
  7.6230000e+001  6.3896409e+002  5.2499705e+000
  7.6280000e+001  6.3959387e+002  5.2599700e+000
  7.6330000e+001  6.4022366e+002  5.3999618e+000
  7.6430000e+001  6.4148316e+002  5.1899740e+000
  7.6480000e+001  6.4211278e+002  4.5900087e+000
  7.6530000e+001  6.4274241e+002  5.0299833e+000
  7.6630000e+001  6.4400166e+002  5.1699752e+000
  7.6680000e+001  6.4463129e+002  5.1699752e+000
  7.6730000e+001  6.4526092e+002  5.1199780e+000
  7.6830000e+001  6.4647484e+002  5.1199780e+000
  7.6880000e+001  6.4697854e+002  5.1299775e+000
  7.7180000e+001  6.4932830e+002  4.9199896e+000
  7.7380000e+001  6.5078585e+002  5.2899682e+000
  7.7480000e+001  6.5145745e+002  4.9299890e+000
  7.7530000e+001  6.5179325e+002  5.2599700e+000
  7.7580000e+001  6.5212905e+002  5.2199723e+000
  7.7630000e+001  6.5245700e+002  5.4399595e+000
  7.7680000e+001  6.5275922e+002  4.5900087e+000
  7.7780000e+001  6.5349243e+002  5.2399711e+000
  7.7880000e+001  6.5425104e+002  4.8699925e+000
  7.7930000e+001  6.5463034e+002  4.7599989e+000
  7.7980000e+001  6.5500965e+002  5.0499821e+000
  7.8080000e+001  6.5576826e+002  4.9599873e+000
  7.8280000e+001  6.5728572e+002  4.6400058e+000
  7.8380000e+001  6.5804449e+002  5.0699810e+000
  7.8480000e+001  6.5880325e+002  4.6000082e+000
  7.8580000e+001  6.5956201e+002  5.1499763e+000
  7.8630000e+001  6.5993658e+002  5.3699636e+000
  7.8730000e+001  6.6056876e+002  5.3499647e+000
  7.8780000e+001  6.6088485e+002  4.6000082e+000
  7.8830000e+001  6.6119816e+002  5.2899682e+000
  7.8880000e+001  6.6145108e+002  5.2699694e+000
  7.8930000e+001  6.6170400e+002  5.2199723e+000
  7.8980000e+001  6.6195692e+002  4.6400058e+000
  7.9030000e+001  6.6220984e+002  5.2299717e+000
  7.9080000e+001  6.6246276e+002  5.2399711e+000
  7.9090000e+001  6.6251334e+002  5.1999735e+000
  7.9140000e+001  6.6276626e+002  5.1699752e+000
  7.9190000e+001  6.6301919e+002  4.9999850e+000
  7.9240000e+001  6.6327211e+002  5.2099728e+000
  7.9340000e+001  6.6377794e+002  4.9399885e+000
  7.9390000e+001  6.6403081e+002  4.9999850e+000
  7.9440000e+001  6.6428368e+002  4.7699983e+000
  7.9490000e+001  6.6453655e+002  4.4300180e+000
  7.9540000e+001  6.6478942e+002  4.5700099e+000
  7.9590000e+001  6.6504229e+002  4.7100018e+000
  7.9640000e+001  6.6529516e+002  4.8099960e+000
  7.9690000e+001  6.6554803e+002  4.4800151e+000
  7.9740000e+001  6.6580090e+002  4.8399943e+000
  7.9790000e+001  6.6605378e+002  4.8399943e+000
  7.9840000e+001  6.6630665e+002  4.8299948e+000
  7.9940000e+001  6.6681249e+002  4.7999966e+000
  7.9990000e+001  6.6706541e+002  4.9599873e+000
  8.0040000e+001  6.6731833e+002  4.7200012e+000
  8.0090000e+001  6.6757125e+002  4.7999966e+000
  8.0140000e+001  6.6782418e+002  4.8299948e+000
  8.0190000e+001  6.6807710e+002  4.5800093e+000
  8.0240000e+001  6.6833002e+002  4.9699867e+000
  8.0290000e+001  6.6858294e+002  4.8499937e+000
  8.0340000e+001  6.6883636e+002  4.8199954e+000
  8.0390000e+001  6.6915245e+002  4.4500168e+000
  8.0440000e+001  6.6946854e+002  4.5400116e+000
  8.0490000e+001  6.6978463e+002  4.8899914e+000
  8.0540000e+001  6.7010072e+002  4.8899914e+000
  8.0590000e+001  6.7041681e+002  4.4700157e+000
  8.0640000e+001  6.7073289e+002  4.6800035e+000
  8.0690000e+001  6.7104898e+002  4.5800093e+000
  8.0740000e+001  6.7136507e+002  4.6900029e+000
  8.0790000e+001  6.7174091e+002  4.2500284e+000
  8.0840000e+001  6.7212029e+002  4.5500111e+000
  8.0890000e+001  6.7249967e+002  4.8999908e+000
  8.0940000e+001  6.7287905e+002  5.0199838e+000
  8.0990000e+001  6.7325843e+002  4.6400058e+000
  8.1040000e+001  6.7363781e+002  4.8499937e+000
  8.1140000e+001  6.7439658e+002  4.8699925e+000
  8.1190000e+001  6.7477596e+002  4.5600105e+000
  8.1290000e+001  6.7557115e+002  4.4500168e+000
  8.1340000e+001  6.7599260e+002  4.2700273e+000
  8.1390000e+001  6.7641405e+002  4.7000024e+000
  8.1440000e+001  6.7683550e+002  4.6100076e+000
  8.1490000e+001  6.7725696e+002  4.6300064e+000
  8.1540000e+001  6.7767841e+002  4.3400232e+000
  8.1590000e+001  6.7814295e+002  4.3900203e+000
  8.1640000e+001  6.7861708e+002  4.4600163e+000
  8.1690000e+001  6.7909122e+002  4.1200359e+000
  8.1740000e+001  6.7953418e+002  4.4700157e+000
  8.1790000e+001  6.7993717e+002  4.3900203e+000
  8.1840000e+001  6.8034015e+002  4.4600163e+000
  8.1890000e+001  6.8074313e+002  3.9100481e+000
  8.1940000e+001  6.8114612e+002  4.1500342e+000
  8.1990000e+001  6.8165038e+002  3.9600452e+000
  8.2090000e+001  6.8282426e+002  3.8900493e+000
  8.2140000e+001  6.8349607e+002  4.5900087e+000
  8.2190000e+001  6.8416788e+002  3.9300469e+000
  8.2240000e+001  6.8483968e+002  4.2800267e+000
  8.2290000e+001  6.8551149e+002  3.9400464e+000
  8.2340000e+001  6.8618330e+002  4.1100365e+000
  8.2390000e+001  6.8685510e+002  4.0500400e+000
  8.2440000e+001  6.8752691e+002  3.8700504e+000
  8.2490000e+001  6.8822887e+002  3.6100655e+000
  8.2540000e+001  6.8894529e+002  3.8600510e+000
  8.2590000e+001  6.8966170e+002  3.8900493e+000
  8.2690000e+001  6.9109453e+002  3.4000776e+000
  8.2890000e+001  6.9419554e+002  3.6900608e+000
  8.3090000e+001  6.9763910e+002  3.5800672e+000
  8.3240000e+001  6.9974461e+002  3.7900551e+000
  8.3290000e+001  7.0044632e+002  3.9300469e+000
  8.3340000e+001  7.0114792e+002  3.9800441e+000
  8.3390000e+001  7.0184953e+002  3.7000603e+000
  8.3440000e+001  7.0255113e+002  3.9800441e+000
  8.3490000e+001  7.0325273e+002  3.6200649e+000
  8.3540000e+001  7.0395434e+002  4.0300412e+000
  8.3590000e+001  7.0465594e+002  3.8900493e+000
  8.3990000e+001  7.1026877e+002  4.0000429e+000
  8.4190000e+001  7.1321783e+002  4.2300296e+000
  8.4240000e+001  7.1427076e+002  4.1500342e+000
  8.4290000e+001  7.1531503e+002  4.4900145e+000
  8.4340000e+001  7.1635815e+002  4.5400116e+000
  8.4380000e+001  7.1722925e+002  4.8399943e+000
  8.4430000e+001  7.1848037e+002  4.7499995e+000
  8.4480000e+001  7.1973149e+002  4.8599931e+000
  8.4530000e+001  7.2098261e+002  4.7300006e+000
  8.4580000e+001  7.2223373e+002  4.7999966e+000
  8.4630000e+001  7.2348485e+002  4.5700099e+000
  8.4680000e+001  7.2474732e+002  4.5600105e+000
  8.4730000e+001  7.2591197e+002  4.5500111e+000
  8.4780000e+001  7.2707663e+002  4.4000197e+000
  8.4830000e+001  7.2824129e+002  4.0200417e+000
  8.4880000e+001  7.2940594e+002  4.0200417e+000
  8.4930000e+001  7.3057060e+002  4.4200186e+000
  8.4980000e+001  7.3173526e+002  4.5200128e+000
  8.5030000e+001  7.3289991e+002  4.2500284e+000
  8.5080000e+001  7.3406461e+002  4.4200186e+000
  8.5130000e+001  7.3522984e+002  4.4300180e+000
  8.5180000e+001  7.3639507e+002  4.5400116e+000
  8.5230000e+001  7.3756031e+002  4.1600336e+000
  8.5280000e+001  7.3872552e+002  4.1500342e+000
  8.5330000e+001  7.3989018e+002  4.4300180e+000
  8.5430000e+001  7.4222357e+002  3.9400464e+000
  8.5480000e+001  7.4341708e+002  4.6100076e+000
  8.5530000e+001  7.4484871e+002  5.0399827e+000
  8.5580000e+001  7.4628035e+002  4.9399885e+000
  8.5630000e+001  7.4747672e+002  4.8899914e+000
  8.5680000e+001  7.4866975e+002  5.1099786e+000
  8.5730000e+001  7.4986278e+002  4.8699925e+000
  8.5780000e+001  7.5105581e+002  4.7799978e+000
  8.5830000e+001  7.5186946e+002  4.3900203e+000
  8.5880000e+001  7.5266481e+002  4.7899972e+000
  8.5930000e+001  7.5346017e+002  4.6900029e+000
  8.5980000e+001  7.5425552e+002  4.7300006e+000
  8.6030000e+001  7.5505087e+002  4.6200070e+000
  8.6080000e+001  7.5584623e+002  4.6100076e+000
  8.6180000e+001  7.5728602e+002  4.3800209e+000
  8.6230000e+001  7.5800219e+002  4.3100249e+000
  8.6330000e+001  7.5935357e+002  4.1900319e+000
  8.6380000e+001  7.6005789e+002  4.4900145e+000
  8.6430000e+001  7.6076221e+002  4.2800267e+000
  8.6480000e+001  7.6146653e+002  4.2000313e+000
  8.6530000e+001  7.6217084e+002  3.7900551e+000
  8.6580000e+001  7.6287516e+002  3.8700504e+000
  8.6630000e+001  7.6357948e+002  3.9200475e+000
  8.6680000e+001  7.6428380e+002  4.0300412e+000
  8.6730000e+001  7.6498811e+002  3.8900493e+000
  8.6780000e+001  7.6569243e+002  4.7799978e+000
  8.6830000e+001  7.6639675e+002  4.0300412e+000
  8.6880000e+001  7.6710107e+002  4.5600105e+000
  8.6930000e+001  7.6780538e+002  3.9400464e+000
  8.6980000e+001  7.6850970e+002  4.1200359e+000
  8.7030000e+001  7.6921402e+002  3.9300469e+000
  8.7080000e+001  7.6991834e+002  3.9900435e+000
  8.7130000e+001  7.7051729e+002  3.8400522e+000
  8.7180000e+001  7.7108074e+002  3.9800441e+000
  8.7230000e+001  7.7156177e+002  3.8300527e+000
  8.7280000e+001  7.7201263e+002  3.9200475e+000
  8.7330000e+001  7.7246348e+002  3.7400579e+000
  8.7380000e+001  7.7291433e+002  3.7700562e+000
  8.7430000e+001  7.7336518e+002  3.4800730e+000
  8.7480000e+001  7.7381604e+002  3.6000661e+000
  8.7530000e+001  7.7426689e+002  3.7400579e+000
  8.7580000e+001  7.7471774e+002  3.7300585e+000
  8.7630000e+001  7.7516859e+002  3.8000545e+000
  8.7680000e+001  7.7561945e+002  3.7400579e+000
  8.7730000e+001  7.7607030e+002  3.6900608e+000
  8.7780000e+001  7.7652115e+002  3.4000776e+000
  8.7830000e+001  7.7697200e+002  3.3800788e+000
  8.7880000e+001  7.7742286e+002  3.5300701e+000
  8.7930000e+001  7.7787371e+002  3.6300643e+000
  8.7980000e+001  7.7832456e+002  3.6800614e+000
  8.8030000e+001  7.7877542e+002  3.4100771e+000
  8.8080000e+001  7.7922627e+002  3.5800672e+000
  8.8130000e+001  7.7967712e+002  3.6400637e+000
  8.8180000e+001  7.8012797e+002  3.6600626e+000
  8.8230000e+001  7.8064368e+002  3.3100829e+000
  8.8280000e+001  7.8120714e+002  3.6000661e+000
  8.8330000e+001  7.8187577e+002  3.5600684e+000
  8.8380000e+001  7.8262704e+002  3.5000719e+000
  8.8430000e+001  7.8337831e+002  3.3800788e+000
  8.8480000e+001  7.8412959e+002  3.5800672e+000
  8.8530000e+001  7.8488086e+002  3.5700678e+000
  8.8580000e+001  7.8555512e+002  3.5900666e+000
  8.8630000e+001  7.8624587e+002  3.4100771e+000
  8.8680000e+001  7.8697622e+002  3.8800498e+000
  8.8730000e+001  7.8770657e+002  3.5700678e+000
  8.8830000e+001  7.8928414e+002  3.9300469e+000
  8.8880000e+001  7.9025794e+002  4.3900203e+000
  8.8930000e+001  7.9134471e+002  4.1000371e+000
  8.8980000e+001  7.9256196e+002  4.5100134e+000
  8.9030000e+001  7.9377922e+002  5.0599815e+000
  8.9080000e+001  7.9499647e+002  5.1199780e+000
  8.9130000e+001  7.9621399e+002  4.8299948e+000
  8.9180000e+001  7.9743185e+002  5.0899798e+000
  8.9230000e+001  7.9864970e+002  5.0099844e+000
  8.9280000e+001  7.9986756e+002  5.0099844e+000
  8.9330000e+001  8.0108518e+002  4.5900087e+000
  8.9380000e+001  8.0230243e+002  4.8299948e+000
  8.9430000e+001  8.0351969e+002  4.7699983e+000
  8.9480000e+001  8.0473694e+002  4.6400058e+000
  8.9530000e+001  8.0595420e+002  4.3900203e+000
  8.9580000e+001  8.0717145e+002  4.6100076e+000
  8.9630000e+001  8.0838871e+002  4.5300122e+000
  8.9680000e+001  8.0960596e+002  4.5400116e+000
  8.9730000e+001  8.1074093e+002  4.2300296e+000
  8.9780000e+001  8.1171474e+002  4.5300122e+000
  8.9870000e+001  8.1346758e+002  4.1100365e+000
  8.9920000e+001  8.1443024e+002  4.2600278e+000
  8.9970000e+001  8.1535467e+002  4.1700331e+000
  9.0020000e+001  8.1626526e+002  4.1500342e+000
  9.0070000e+001  8.1703587e+002  3.7400579e+000
  9.0120000e+001  8.1780649e+002  4.1000371e+000
  9.0220000e+001  8.1934772e+002  3.9300469e+000
  9.0270000e+001  8.2011833e+002  3.7800556e+000
  9.0320000e+001  8.2088893e+002  3.8700504e+000
  9.0370000e+001  8.2165929e+002  3.9200475e+000
  9.0420000e+001  8.2242965e+002  3.6900608e+000
  9.0470000e+001  8.2320001e+002  3.6600626e+000
  9.0520000e+001  8.2397037e+002  3.9700446e+000
  9.0570000e+001  8.2474073e+002  4.5300122e+000
  9.0620000e+001  8.2551109e+002  4.5000139e+000
  9.0720000e+001  8.2705181e+002  4.3500226e+000
  9.0770000e+001  8.2782217e+002  4.1400348e+000
  9.0820000e+001  8.2859253e+002  4.0500400e+000
  9.0870000e+001  8.2936289e+002  4.5000139e+000
  9.0920000e+001  8.3013324e+002  4.0200417e+000
  9.0970000e+001  8.3083097e+002  3.9800441e+000
  9.1020000e+001  8.3164649e+002  4.0300412e+000
  9.1070000e+001  8.3246201e+002  4.1100365e+000
  9.1170000e+001  8.3401027e+002  3.8600510e+000
  9.1220000e+001  8.3473542e+002  4.5400116e+000
  9.1370000e+001  8.3695126e+002  4.0200417e+000
  9.1520000e+001  8.3890032e+002  4.2500284e+000
  9.1570000e+001  8.3947745e+002  3.9300469e+000
  9.1620000e+001  8.4005458e+002  4.0800383e+000
  9.1720000e+001  8.4120884e+002  3.9100481e+000
  9.1820000e+001  8.4210022e+002  3.9000487e+000
  9.1920000e+001  8.4296592e+002  3.7600568e+000
  9.1970000e+001  8.4339876e+002  3.6300643e+000
  9.2270000e+001  8.4575728e+002  3.5200707e+000
  9.2320000e+001  8.4610363e+002  3.3000834e+000
  9.2420000e+001  8.4679632e+002  3.7800556e+000
  9.2470000e+001  8.4714267e+002  4.0500400e+000
  9.2520000e+001  8.4748902e+002  3.9200475e+000
  9.2570000e+001  8.4783537e+002  3.8200533e+000
  9.2720000e+001  8.4887429e+002  4.0200417e+000
  9.2870000e+001  8.4991313e+002  3.5500689e+000
  9.2910000e+001  8.5019015e+002  3.4900724e+000
  9.2960000e+001  8.5053643e+002  3.7200591e+000
  9.3060000e+001  8.5122898e+002  3.6900608e+000
  9.3110000e+001  8.5157526e+002  3.6300643e+000
  9.3160000e+001  8.5193698e+002  3.6300643e+000
  9.3210000e+001  8.5232186e+002  3.8500516e+000
  9.3260000e+001  8.5270674e+002  3.6000661e+000
  9.3310000e+001  8.5309162e+002  3.6100655e+000
  9.3360000e+001  8.5347651e+002  3.5800672e+000
  9.3410000e+001  8.5386139e+002  3.5300701e+000
  9.3460000e+001  8.5426325e+002  3.5500689e+000
  9.3510000e+001  8.5469610e+002  3.5600684e+000
  9.3560000e+001  8.5512894e+002  3.4700736e+000
  9.3610000e+001  8.5556179e+002  3.2800846e+000
  9.3660000e+001  8.5599464e+002  3.5000719e+000
  9.3710000e+001  8.5642749e+002  3.5300701e+000
  9.3760000e+001  8.5686034e+002  3.2900840e+000
  9.3810000e+001  8.5729318e+002  3.2000892e+000
  9.3860000e+001  8.5776787e+002  3.2000892e+000
  9.3910000e+001  8.5834500e+002  3.3400811e+000
  9.3960000e+001  8.5900120e+002  3.3100829e+000
  9.4010000e+001  8.5986690e+002  3.0600973e+000
  9.4110000e+001  8.6159823e+002  3.8800498e+000
  9.4210000e+001  8.6373535e+002  3.7300585e+000
  9.4310000e+001  8.6625468e+002  4.3300238e+000
  9.4410000e+001  8.6875612e+002  4.0900377e+000
  9.4610000e+001  8.7317004e+002  4.7400001e+000
  9.4810000e+001  8.7758395e+002  4.5200128e+000
  9.5110000e+001  8.8427655e+002  4.3800209e+000
  9.5210000e+001  8.8652256e+002  4.6800035e+000
  9.5260000e+001  8.8764583e+002  4.6800035e+000
  9.5310000e+001  8.8876909e+002  4.4600163e+000
  9.5360000e+001  8.8988019e+002  4.4700157e+000
  9.5410000e+001  8.9077836e+002  4.3200244e+000
  9.5460000e+001  8.9167083e+002  4.3200244e+000
  9.5510000e+001  8.9241930e+002  4.1700331e+000
  9.5560000e+001  8.9316777e+002  4.3700215e+000
  9.5610000e+001  8.9396613e+002  4.4400174e+000
  9.5660000e+001  8.9481223e+002  4.4700157e+000
  9.5710000e+001  8.9565832e+002  4.4200186e+000
  9.5760000e+001  8.9650442e+002  4.4800151e+000
  9.5810000e+001  8.9735052e+002  4.4900145e+000
  9.5860000e+001  8.9819662e+002  4.5400116e+000
  9.5910000e+001  8.9904272e+002  4.3200244e+000
  9.5960000e+001  8.9988881e+002  4.6300064e+000
  9.6010000e+001  9.0073962e+002  4.1800325e+000
  9.6060000e+001  9.0162258e+002  4.6300064e+000
  9.6110000e+001  9.0250582e+002  4.3700215e+000
  9.6210000e+001  9.0427234e+002  4.2200302e+000
  9.6260000e+001  9.0515560e+002  4.3200244e+000
  9.6310000e+001  9.0603885e+002  4.0600394e+000
  9.6360000e+001  9.0692211e+002  3.7000603e+000
  9.6410000e+001  9.0780511e+002  4.0900377e+000
  9.6460000e+001  9.0868807e+002  4.4000197e+000
  9.6560000e+001  9.1045400e+002  4.0700388e+000
  9.6610000e+001  9.1133697e+002  3.9700446e+000
  9.6710000e+001  9.1325265e+002  4.0600394e+000
  9.6760000e+001  9.1431221e+002  3.8200533e+000
  9.6810000e+001  9.1537177e+002  3.9400464e+000
  9.6910000e+001  9.1749089e+002  4.8599931e+000
  9.6960000e+001  9.1855044e+002  4.8099960e+000
  9.7110000e+001  9.2247081e+002  4.8799920e+000
  9.7160000e+001  9.2379526e+002  4.5900087e+000
  9.7210000e+001  9.2512483e+002  4.5000139e+000
  9.7260000e+001  9.2648555e+002  4.6100076e+000
  9.7310000e+001  9.2784627e+002  4.3000255e+000
  9.7360000e+001  9.2920699e+002  4.2700273e+000
  9.7410000e+001  9.3036647e+002  3.8900493e+000
  9.7460000e+001  9.3145450e+002  4.0600394e+000
  9.7510000e+001  9.3254254e+002  3.8900493e+000
  9.7560000e+001  9.3363058e+002  4.0900377e+000
  9.7610000e+001  9.3459059e+002  3.8600510e+000
  9.7660000e+001  9.3549729e+002  4.2000313e+000
  9.7710000e+001  9.3640398e+002  4.0500400e+000
  9.7760000e+001  9.3731068e+002  3.7900551e+000
  9.7810000e+001  9.3821738e+002  3.7400579e+000
  9.7910000e+001  9.4003077e+002  3.9700446e+000
  9.7960000e+001  9.4093747e+002  3.7100597e+000
  9.8010000e+001  9.4184416e+002  3.6700620e+000
  9.8060000e+001  9.4275086e+002  3.7900551e+000
  9.8110000e+001  9.4365756e+002  3.6700620e+000
  9.8160000e+001  9.4456425e+002  3.8100539e+000
  9.8210000e+001  9.4541589e+002  3.7600568e+000
  9.8260000e+001  9.4623232e+002  3.7000603e+000
  9.8310000e+001  9.4704875e+002  3.4100771e+000
  9.8360000e+001  9.4786519e+002  3.6500632e+000
  9.8410000e+001  9.4868138e+002  3.5300701e+000
  9.8460000e+001  9.4943766e+002  3.3100829e+000
  9.8510000e+001  9.5017976e+002  3.3000834e+000
  9.8560000e+001  9.5092185e+002  3.3700794e+000
  9.8610000e+001  9.5170913e+002  3.2800846e+000
  9.8660000e+001  9.5253368e+002  3.3500805e+000
  9.8710000e+001  9.5335823e+002  3.1600915e+000
  9.8760000e+001  9.5418278e+002  3.3100829e+000
  9.8810000e+001  9.5500733e+002  3.2900840e+000
  9.8860000e+001  9.5583188e+002  3.2000892e+000
  9.8910000e+001  9.5686257e+002  3.1500921e+000
  9.8960000e+001  9.5809940e+002  3.8900493e+000
  9.9010000e+001  9.5933622e+002  4.0200417e+000
  9.9060000e+001  9.6057305e+002  4.5600105e+000
  9.9110000e+001  9.6180988e+002  4.4200186e+000
  9.9160000e+001  9.6304670e+002  4.5800093e+000
  9.9210000e+001  9.6428353e+002  4.6000082e+000
  9.9260000e+001  9.6552035e+002  4.2300296e+000
  9.9310000e+001  9.6675745e+002  4.3100249e+000
  9.9360000e+001  9.6799489e+002  3.8800498e+000
  9.9460000e+001  9.7046977e+002  4.2500284e+000
  9.9510000e+001  9.7170696e+002  4.0300412e+000
  9.9560000e+001  9.7294378e+002  4.2000313e+000
  9.9610000e+001  9.7418061e+002  3.8200533e+000
  9.9660000e+001  9.7541743e+002  3.9500458e+000
  9.9710000e+001  9.7665426e+002  3.7400579e+000
  9.9760000e+001  9.7789109e+002  3.8600510e+000
  9.9810000e+001  9.7912791e+002  3.6700620e+000
  9.9860000e+001  9.8036474e+002  3.6500632e+000
  9.9910000e+001  9.8160261e+002  4.1400348e+000
  9.9960000e+001  9.8284252e+002  3.9700446e+000
  1.0001000e+002  9.8408242e+002  3.8300527e+000
  1.0006000e+002  9.8532232e+002  4.0000429e+000
  1.0011000e+002  9.8655324e+002  4.4200186e+000
  1.0016000e+002  9.8774254e+002  4.7400001e+000
  1.0021000e+002  9.8893183e+002  4.1300354e+000
  1.0026000e+002  9.9012113e+002  4.3500226e+000
  1.0041000e+002  9.9368903e+002  3.8400522e+000
  1.0061000e+002  9.9845947e+002  3.7000603e+000
