  6.0160000e+001  8.5872700e+002  3.2800000e+000
  6.0210000e+001  8.5998976e+002  3.3600000e+000
  6.0260000e+001  8.6125253e+002  3.8100000e+000
  6.0310000e+001  8.6251529e+002  4.0300000e+000
  6.0360000e+001  8.6377805e+002  3.5600000e+000
  6.0360000e+001  8.6377805e+002  4.0300000e+000
  6.0410000e+001  8.6504078e+002  4.0200000e+000
  6.0460000e+001  8.6630304e+002  4.1800000e+000
  6.0560000e+001  8.6882754e+002  4.3100000e+000
  6.0710000e+001  8.7261510e+002  4.9000000e+000
  6.0760000e+001  8.7387807e+002  4.8200000e+000
  6.0810000e+001  8.7514103e+002  4.7100000e+000
  6.0860000e+001  8.7640400e+002  4.9500000e+000
  6.0910000e+001  8.7771477e+002  4.9400000e+000
  6.0960000e+001  8.7922935e+002  4.7400000e+000
  6.1010000e+001  8.8074393e+002  4.6900000e+000
  6.1060000e+001  8.8225851e+002  4.5100000e+000
  6.1110000e+001  8.8411456e+002  4.4800000e+000
  6.1160000e+001  8.8600939e+002  4.3800000e+000
  6.1210000e+001  8.8790423e+002  4.4100000e+000
  6.1210000e+001  8.8790423e+002  4.3000000e+000
  6.1260000e+001  8.8956787e+002  4.2900000e+000
  6.1310000e+001  8.9108245e+002  4.2900000e+000
  6.1360000e+001  8.9235429e+002  4.3000000e+000
  6.1360000e+001  8.9235429e+002  4.3500000e+000
  6.1410000e+001  8.9361654e+002  4.3600000e+000
  6.1460000e+001  8.9487879e+002  4.1500000e+000
  6.1510000e+001  8.9614104e+002  4.5300000e+000
  6.1660000e+001  8.9992924e+002  4.3200000e+000
  6.1710000e+001  9.0119221e+002  4.0500000e+000
  6.1760000e+001  9.0245518e+002  4.0100000e+000
  6.1810000e+001  9.0371812e+002  4.1700000e+000
  6.1860000e+001  9.0498089e+002  4.1000000e+000
  6.1910000e+001  9.0624365e+002  4.0000000e+000
  6.1960000e+001  9.0750641e+002  3.9900000e+000
  6.2010000e+001  9.0876918e+002  4.1100000e+000
  6.2060000e+001  9.1003186e+002  3.9200000e+000
  6.2110000e+001  9.1129411e+002  4.1300000e+000
  6.2160000e+001  9.1255637e+002  3.9300000e+000
  6.2160000e+001  9.1255637e+002  3.8400000e+000
  6.2210000e+001  9.1381862e+002  3.7700000e+000
  6.2210000e+001  9.1381862e+002  3.8700000e+000
  6.2260000e+001  9.1508087e+002  4.0300000e+000
  6.2310000e+001  9.1634327e+002  4.0500000e+000
  6.2360000e+001  9.1760624e+002  4.1400000e+000
  6.2410000e+001  9.1886921e+002  4.7600000e+000
  6.2460000e+001  9.2013217e+002  4.7000000e+000
  6.2510000e+001  9.2139514e+002  4.3300000e+000
  6.2560000e+001  9.2265791e+002  4.5800000e+000
  6.2610000e+001  9.2392016e+002  4.4800000e+000
  6.2660000e+001  9.2518241e+002  4.5800000e+000
  6.2710000e+001  9.2644466e+002  4.4800000e+000
  6.2760000e+001  9.2770691e+002  4.4200000e+000
  6.2810000e+001  9.2896934e+002  3.9900000e+000
  6.2860000e+001  9.3023210e+002  3.8700000e+000
  6.2910000e+001  9.3149487e+002  4.0400000e+000
  6.2960000e+001  9.3275763e+002  4.4000000e+000
  6.3010000e+001  9.3402039e+002  3.8300000e+000
  6.3160000e+001  9.3750415e+002  3.8200000e+000
  6.3210000e+001  9.3862616e+002  3.7300000e+000
  6.3260000e+001  9.3963649e+002  3.7600000e+000
  6.3310000e+001  9.4064682e+002  3.6400000e+000
  6.3360000e+001  9.4165715e+002  3.6200000e+000
  6.3410000e+001  9.4266749e+002  3.5400000e+000
  6.3460000e+001  9.4366667e+002  3.5000000e+000
  6.3510000e+001  9.4461364e+002  3.3600000e+000
  6.3560000e+001  9.4556062e+002  3.1600000e+000
  6.3560000e+001  9.4556062e+002  3.3200000e+000
  6.3660000e+001  9.4745457e+002  3.3500000e+000
  6.3760000e+001  9.4934853e+002  3.2700000e+000
  6.3810000e+001  9.5018301e+002  3.3300000e+000
  6.3860000e+001  9.5094061e+002  3.2200000e+000
  6.3910000e+001  9.5169820e+002  3.4100000e+000
  6.3960000e+001  9.5245561e+002  3.2000000e+000
  6.4010000e+001  9.5321260e+002  3.3100000e+000
  6.4010000e+001  9.5321260e+002  3.2200000e+000
  6.4060000e+001  9.5397059e+002  3.3400000e+000
  6.4110000e+001  9.5472909e+002  3.0500000e+000
  6.4160000e+001  9.5548669e+002  3.2100000e+000
  6.4210000e+001  9.5633656e+002  3.0900000e+000
  6.4260000e+001  9.5734628e+002  3.2300000e+000
  6.4310000e+001  9.5835600e+002  3.9500000e+000
  6.4360000e+001  9.5936572e+002  3.9700000e+000
  6.4410000e+001  9.6037544e+002  4.2200000e+000
  6.4460000e+001  9.6143954e+002  4.6000000e+000
  6.4510000e+001  9.6257632e+002  4.7400000e+000
  6.4660000e+001  9.6612967e+002  4.5200000e+000
  6.4710000e+001  9.6739213e+002  4.1800000e+000
  6.4760000e+001  9.6865458e+002  4.0400000e+000
  6.4810000e+001  9.6991704e+002  3.9200000e+000
  6.4810000e+001  9.6991704e+002  3.9600000e+000
  6.4860000e+001  9.7117955e+002  3.9400000e+000
  6.4910000e+001  9.7244232e+002  4.0600000e+000
  6.4960000e+001  9.7370508e+002  4.1000000e+000
  6.5010000e+001  9.7496784e+002  3.7400000e+000
  6.5060000e+001  9.7623061e+002  3.7500000e+000
  6.5110000e+001  9.7749337e+002  3.7100000e+000
  6.5210000e+001  9.8001890e+002  3.6800000e+000
  6.5260000e+001  9.8128166e+002  3.8000000e+000
  6.5310000e+001  9.8254442e+002  4.1300000e+000
  6.5360000e+001  9.8380709e+002  4.2100000e+000
  6.5410000e+001  9.8506954e+002  4.2700000e+000
  6.5410000e+001  9.8506954e+002  4.3100000e+000
  6.5410000e+001  9.8506954e+002  4.1400000e+000
  6.5410000e+001  9.8506954e+002  4.2600000e+000
  6.5410000e+001  9.8506954e+002  4.2400000e+000
  6.5410000e+001  9.8506954e+002  4.1000000e+000
  6.5460000e+001  9.8633199e+002  4.2700000e+000
  6.5460000e+001  9.8633199e+002  4.1700000e+000
  6.5510000e+001  9.8759445e+002  4.1300000e+000
  6.5560000e+001  9.8885690e+002  3.9800000e+000
  6.5610000e+001  9.9011948e+002  3.8800000e+000
  6.5710000e+001  9.9264500e+002  3.9200000e+000
  6.5760000e+001  9.9390777e+002  3.8000000e+000
  6.5860000e+001  9.9637578e+002  3.7900000e+000
  6.5910000e+001  9.9751187e+002  3.7800000e+000
  6.5960000e+001  9.9864796e+002  3.9300000e+000
  6.6010000e+001  9.9978416e+002  3.9400000e+000
  6.6160000e+001  1.0031945e+003  4.3900000e+000
  6.6210000e+001  1.0043307e+003  4.2500000e+000
  6.6260000e+001  1.0054668e+003  4.2600000e+000
  6.6260000e+001  1.0054668e+003  4.0400000e+000
  6.6310000e+001  1.0066028e+003  4.2900000e+000
  6.6360000e+001  1.0077389e+003  4.1000000e+000
  6.6410000e+001  1.0088750e+003  4.1800000e+000
  6.6460000e+001  1.0100111e+003  3.9500000e+000
  6.6460000e+001  1.0100111e+003  3.9500000e+000
  6.6560000e+001  1.0122842e+003  4.2400000e+000
  6.6610000e+001  1.0134209e+003  3.9700000e+000
  6.6660000e+001  1.0145577e+003  4.0300000e+000
  6.6760000e+001  1.0168299e+003  3.8900000e+000
  6.6760000e+001  1.0168299e+003  4.0100000e+000
  6.6810000e+001  1.0179660e+003  3.9000000e+000
  6.6860000e+001  1.0191026e+003  3.9200000e+000
  6.6910000e+001  1.0202393e+003  3.7700000e+000
  6.6960000e+001  1.0213761e+003  3.7600000e+000
  6.7010000e+001  1.0225126e+003  3.7300000e+000
  6.7060000e+001  1.0236487e+003  3.5000000e+000
  6.7050000e+001  1.0234215e+003  3.7300000e+000
  6.7550000e+001  1.0349531e+003  3.7600000e+000
  6.7200000e+001  1.0268297e+003  3.9500000e+000
  6.7250000e+001  1.0279658e+003  3.6200000e+000
  6.7300000e+001  1.0291019e+003  3.8600000e+000
  6.7350000e+001  1.0302384e+003  3.7400000e+000
  6.7400000e+001  1.0313752e+003  3.7900000e+000
  6.7450000e+001  1.0325120e+003  3.8300000e+000
  6.7500000e+001  1.0336915e+003  4.0900000e+000
  6.7550000e+001  1.0349531e+003  4.4700000e+000
  6.7620000e+001  1.0367194e+003  4.4900000e+000
  6.7620000e+001  1.0367194e+003  4.3200000e+000
  6.7650000e+001  1.0374764e+003  4.5300000e+000
  6.7700000e+001  1.0387381e+003  4.3700000e+000
  6.7750000e+001  1.0400007e+003  4.1800000e+000
  6.7800000e+001  1.0412649e+003  4.5200000e+000
  6.7850000e+001  1.0425291e+003  4.3400000e+000
  6.7900000e+001  1.0437933e+003  4.4000000e+000
  6.7950000e+001  1.0450575e+003  4.4700000e+000
  6.8000000e+001  1.0464380e+003  4.3900000e+000
  6.8050000e+001  1.0479507e+003  4.4000000e+000
  6.8110000e+001  1.0501553e+003  4.3000000e+000
  6.8150000e+001  1.0516702e+003  4.5600000e+000
  6.8200000e+001  1.0535638e+003  4.3500000e+000
  6.8230000e+001  1.0547002e+003  3.9600000e+000
  6.8300000e+001  1.0573539e+003  4.5700000e+000
  6.8350000e+001  1.0592494e+003  4.0000000e+000
  6.8400000e+001  1.0610531e+003  4.2400000e+000
  6.8450000e+001  1.0625658e+003  3.7500000e+000
  6.8500000e+001  1.0639297e+003  3.6500000e+000
  6.8550000e+001  1.0651919e+003  3.4300000e+000
  6.8580000e+001  1.0659492e+003  3.3900000e+000
  6.8650000e+001  1.0677162e+003  3.2700000e+000
  6.8740000e+001  1.0699303e+003  3.4300000e+000
  6.8890000e+001  1.0733387e+003  3.3200000e+000
  6.9040000e+001  1.0767490e+003  3.5300000e+000
  6.9190000e+001  1.0801574e+003  3.7000000e+000
  6.9190000e+001  1.0801574e+003  3.0400000e+000
  6.9340000e+001  1.0835657e+003  3.7000000e+000
  6.9490000e+001  1.0869755e+003  4.0500000e+000
  6.9640000e+001  1.0901331e+003  4.0400000e+000
  6.9790000e+001  1.0931647e+003  4.1300000e+000
  6.9940000e+001  1.0961975e+003  4.2500000e+000
  7.0090000e+001  1.0991577e+003  4.2900000e+000
  7.0240000e+001  1.1019972e+003  4.0400000e+000
  7.0390000e+001  1.1047346e+003  3.6400000e+000
  7.0540000e+001  1.1070029e+003  3.7100000e+000
  7.0690000e+001  1.1092826e+003  3.7800000e+000
  7.0840000e+001  1.1115509e+003  3.7000000e+000
  7.0840000e+001  1.1115509e+003  3.7200000e+000
  7.0840000e+001  1.1115509e+003  2.8100000e+000
  7.0990000e+001  1.1140211e+003  3.9200000e+000
  7.1140000e+001  1.1168607e+003  4.1600000e+000
  7.1440000e+001  1.1225398e+003  4.2400000e+000
  7.1590000e+001  1.1253794e+003  4.1100000e+000
  7.1740000e+001  1.1282233e+003  4.0900000e+000
  7.1890000e+001  1.1310674e+003  4.2700000e+000
  7.2040000e+001  1.1339074e+003  4.1700000e+000
  7.2040000e+001  1.1339074e+003  4.5100000e+000
  7.2040000e+001  1.1339074e+003  4.7500000e+000
  7.2190000e+001  1.1367461e+003  4.3800000e+000
  7.2340000e+001  1.1395853e+003  4.2000000e+000
  7.2640000e+001  1.1452661e+003  3.6100000e+000
  7.2640000e+001  1.1452661e+003  3.4000000e+000
  7.2790000e+001  1.1481102e+003  4.1200000e+000
  7.2940000e+001  1.1509535e+003  3.7200000e+000
  7.3090000e+001  1.1537931e+003  3.5900000e+000
  7.3240000e+001  1.1566327e+003  3.5700000e+000
  7.3390000e+001  1.1594722e+003  3.6200000e+000
  7.3540000e+001  1.1623118e+003  3.5400000e+000
  7.3690000e+001  1.1651543e+003  3.3900000e+000
  7.3990000e+001  1.1704963e+003  3.4800000e+000
  7.4290000e+001  1.1750428e+003  3.6300000e+000
  7.4440000e+001  1.1773170e+003  3.6300000e+000
  7.4590000e+001  1.1795908e+003  3.7200000e+000
  7.4740000e+001  1.1818594e+003  3.7700000e+000
  7.4890000e+001  1.1841386e+003  3.6600000e+000
  7.5040000e+001  1.1864071e+003  3.8300000e+000
  7.5190000e+001  1.1886797e+003  3.7700000e+000
  7.5340000e+001  1.1909551e+003  3.9300000e+000
  7.5490000e+001  1.1932234e+003  4.6000000e+000
  7.5640000e+001  1.1955018e+003  4.5500000e+000
  7.5790000e+001  1.1977714e+003  4.7800000e+000
  7.5940000e+001  1.2000418e+003  4.6300000e+000
  7.6090000e+001  1.2023194e+003  4.5500000e+000
  7.6240000e+001  1.2045877e+003  4.4200000e+000
  7.6390000e+001  1.2068638e+003  4.4600000e+000
  7.6540000e+001  1.2091164e+003  4.2600000e+000
  7.6690000e+001  1.2109358e+003  3.7200000e+000
  7.7100000e+001  1.2159051e+003  4.1200000e+000
  7.7250000e+001  1.2177208e+003  4.1600000e+000
  7.7400000e+001  1.2195376e+003  4.1500000e+000
  7.7550000e+001  1.2213570e+003  4.2400000e+000
  7.7700000e+001  1.2231764e+003  4.1000000e+000
  7.7850000e+001  1.2252470e+003  3.2900000e+000
  7.8000000e+001  1.2275152e+003  3.4100000e+000
  7.8150000e+001  1.2297885e+003  3.4100000e+000
  7.8470000e+001  1.2351171e+003  3.1500000e+000
  7.8600000e+001  1.2375781e+003  3.3300000e+000
  7.8750000e+001  1.2405168e+003  3.4300000e+000
  7.8900000e+001  1.2435497e+003  3.4200000e+000
  7.9050000e+001  1.2469084e+003  3.7500000e+000
  7.9200000e+001  1.2506081e+003  4.0400000e+000
  7.9350000e+001  1.2543944e+003  3.8900000e+000
  7.9500000e+001  1.2581793e+003  3.6800000e+000
  7.9650000e+001  1.2619679e+003  3.7000000e+000
  7.9750000e+001  1.2644963e+003  3.6000000e+000
  7.9900000e+001  1.2682850e+003  3.8100000e+000
  7.9930000e+001  1.2690420e+003  3.7200000e+000
  7.9980000e+001  1.2703036e+003  3.6500000e+000
  8.0030000e+001  1.2715653e+003  3.8000000e+000
  8.0050000e+001  1.2720699e+003  3.7000000e+000
  8.0080000e+001  1.2728064e+003  3.6700000e+000
  8.0100000e+001  1.2732611e+003  3.7300000e+000
  8.0100000e+001  1.2732611e+003  3.6500000e+000
  8.0100000e+001  1.2732611e+003  3.7800000e+000
  8.0130000e+001  1.2739432e+003  3.7200000e+000
  8.0150000e+001  1.2743979e+003  3.6500000e+000
  8.0150000e+001  1.2743979e+003  3.7200000e+000
  8.0150000e+001  1.2743979e+003  3.6900000e+000
  8.0180000e+001  1.2750800e+003  3.6000000e+000
  8.0200000e+001  1.2755347e+003  3.6500000e+000
  8.0230000e+001  1.2762168e+003  3.7200000e+000
  8.0280000e+001  1.2772432e+003  3.8100000e+000
  8.0300000e+001  1.2776474e+003  3.8100000e+000
  8.0330000e+001  1.2782537e+003  3.7800000e+000
  8.0350000e+001  1.2786579e+003  3.7500000e+000
  8.0350000e+001  1.2786579e+003  3.9700000e+000
  8.0380000e+001  1.2792643e+003  3.7400000e+000
  8.0400000e+001  1.2796685e+003  3.5800000e+000
  8.0430000e+001  1.2802748e+003  3.9000000e+000
  8.0450000e+001  1.2806790e+003  3.9700000e+000
  8.0480000e+001  1.2812853e+003  4.0700000e+000
  8.0500000e+001  1.2816680e+003  4.0300000e+000
  8.0530000e+001  1.2822359e+003  3.9600000e+000
  8.0550000e+001  1.2826146e+003  3.7700000e+000
  8.0580000e+001  1.2831825e+003  3.9800000e+000
  8.0600000e+001  1.2835611e+003  4.1100000e+000
  8.0600000e+001  1.2835611e+003  4.1200000e+000
  8.0600000e+001  1.2835611e+003  4.0500000e+000
  8.0630000e+001  1.2841290e+003  4.0300000e+000
  8.0650000e+001  1.2845076e+003  4.2700000e+000
  8.0650000e+001  1.2845076e+003  4.0700000e+000
  8.0650000e+001  1.2845076e+003  4.1500000e+000
  8.0680000e+001  1.2850755e+003  4.1000000e+000
  8.0700000e+001  1.2854541e+003  3.5900000e+000
  8.0730000e+001  1.2860220e+003  3.9000000e+000
  8.0750000e+001  1.2864006e+003  3.9500000e+000
  8.0750000e+001  1.2864006e+003  4.0400000e+000
  8.0780000e+001  1.2869685e+003  4.4600000e+000
  8.0800000e+001  1.2873472e+003  3.8900000e+000
  8.0800000e+001  1.2873472e+003  4.3100000e+000
  8.0800000e+001  1.2873472e+003  4.0300000e+000
  8.0830000e+001  1.2878488e+003  4.3100000e+000
  8.0850000e+001  1.2881526e+003  3.7600000e+000
  8.0880000e+001  1.2886083e+003  4.3300000e+000
  8.0900000e+001  1.2889322e+003  4.5700000e+000
  8.0900000e+001  1.2889322e+003  4.5800000e+000
  8.0900000e+001  1.2889322e+003  4.4700000e+000
  8.0930000e+001  1.2895001e+003  4.4600000e+000
  8.0950000e+001  1.2898787e+003  4.5300000e+000
  8.0950000e+001  1.2898787e+003  4.4100000e+000
  8.0950000e+001  1.2898787e+003  4.4400000e+000
  8.0980000e+001  1.2904467e+003  4.3300000e+000
  8.1000000e+001  1.2908253e+003  4.1800000e+000
  8.1030000e+001  1.2913932e+003  4.4700000e+000
  8.1080000e+001  1.2923397e+003  4.3000000e+000
  8.1100000e+001  1.2927183e+003  4.4700000e+000
  8.1100000e+001  1.2927183e+003  4.0800000e+000
  8.1130000e+001  1.2932862e+003  4.2500000e+000
  8.1150000e+001  1.2936648e+003  3.3500000e+000
  8.1180000e+001  1.2942327e+003  4.4000000e+000
  8.1200000e+001  1.2946113e+003  4.4500000e+000
  8.1200000e+001  1.2946113e+003  4.5100000e+000
  8.1230000e+001  1.2951793e+003  4.2900000e+000
  8.1250000e+001  1.2955579e+003  3.5500000e+000
  8.1280000e+001  1.2961258e+003  4.4100000e+000
  8.1380000e+001  1.2980188e+003  4.0600000e+000
  8.1400000e+001  1.2983974e+003  3.2500000e+000
  8.1430000e+001  1.2989653e+003  4.1300000e+000
  8.1450000e+001  1.2993440e+003  3.9400000e+000
  8.1450000e+001  1.2993440e+003  3.9300000e+000
  8.1480000e+001  1.2999119e+003  3.9900000e+000
  8.1500000e+001  1.3002905e+003  4.0500000e+000
  8.1500000e+001  1.3002905e+003  3.9000000e+000
  8.1500000e+001  1.3002905e+003  4.0100000e+000
  8.1530000e+001  1.3008584e+003  4.1600000e+000
  8.1550000e+001  1.3012370e+003  4.3500000e+000
  8.1580000e+001  1.3018057e+003  4.1000000e+000
  8.1680000e+001  1.3037018e+003  4.0100000e+000
  8.1700000e+001  1.3040810e+003  3.7800000e+000
  8.1730000e+001  1.3046499e+003  4.1100000e+000
  8.1750000e+001  1.3050291e+003  3.8300000e+000
  8.1750000e+001  1.3050291e+003  4.0100000e+000
  8.1750000e+001  1.3050291e+003  4.1000000e+000
  8.1780000e+001  1.3055979e+003  4.0800000e+000
  8.1800000e+001  1.3059771e+003  3.9100000e+000
  8.1800000e+001  1.3059771e+003  3.8300000e+000
  8.1800000e+001  1.3059771e+003  4.2100000e+000
  8.1830000e+001  1.3065459e+003  4.0900000e+000
  8.1880000e+001  1.3074940e+003  3.7400000e+000
  8.1900000e+001  1.3078726e+003  3.5500000e+000
  8.1930000e+001  1.3084406e+003  3.9400000e+000
  8.1950000e+001  1.3088192e+003  3.9700000e+000
  8.1950000e+001  1.3088192e+003  3.7400000e+000
  8.1950000e+001  1.3088192e+003  3.8600000e+000
  8.1980000e+001  1.3093871e+003  3.9700000e+000
  8.2000000e+001  1.3097657e+003  3.8600000e+000
  8.2030000e+001  1.3103336e+003  3.9200000e+000
  8.2050000e+001  1.3107122e+003  3.8700000e+000
  8.2050000e+001  1.3107122e+003  3.7300000e+000
  8.2080000e+001  1.3112801e+003  3.7800000e+000
  8.2100000e+001  1.3116587e+003  3.7100000e+000
  8.2100000e+001  1.3116587e+003  3.7700000e+000
  8.2100000e+001  1.3116587e+003  3.6900000e+000
  8.2130000e+001  1.3122266e+003  3.7000000e+000
  8.2150000e+001  1.3126052e+003  3.7100000e+000
  8.2180000e+001  1.3131732e+003  3.5600000e+000
  8.2200000e+001  1.3135518e+003  3.6400000e+000
  8.2230000e+001  1.3141440e+003  3.6300000e+000
  8.2250000e+001  1.3145482e+003  3.5800000e+000
  8.2280000e+001  1.3151545e+003  3.6200000e+000
  8.2300000e+001  1.3155587e+003  3.5800000e+000
  8.2330000e+001  1.3161651e+003  3.5900000e+000
  8.2350000e+001  1.3165693e+003  3.4400000e+000
  8.2350000e+001  1.3165693e+003  3.5700000e+000
  8.2350000e+001  1.3165693e+003  3.8600000e+000
  8.2380000e+001  1.3171756e+003  3.5200000e+000
  8.2400000e+001  1.3175798e+003  3.4800000e+000
  8.2400000e+001  1.3175798e+003  3.3600000e+000
  8.2430000e+001  1.3181861e+003  3.5200000e+000
  8.2450000e+001  1.3185903e+003  3.5300000e+000
  8.2450000e+001  1.3185903e+003  3.3800000e+000
  8.2480000e+001  1.3192525e+003  3.5500000e+000
  8.2500000e+001  1.3197072e+003  3.9400000e+000
  8.2500000e+001  1.3197072e+003  4.0000000e+000
  8.2530000e+001  1.3203892e+003  3.6200000e+000
  8.2550000e+001  1.3208439e+003  3.3300000e+000
  8.2600000e+001  1.3219807e+003  3.8500000e+000
  8.2750000e+001  1.3257097e+003  4.0000000e+000
  8.2900000e+001  1.3294950e+003  3.6500000e+000
  8.2900000e+001  1.3294950e+003  3.7000000e+000
  8.3050000e+001  1.3332814e+003  4.0400000e+000
  8.3050000e+001  1.3332814e+003  4.0800000e+000
  8.3200000e+001  1.3370704e+003  4.3000000e+000
  8.3350000e+001  1.3408614e+003  4.2500000e+000
  8.3500000e+001  1.3446483e+003  3.6400000e+000
  8.3650000e+001  1.3484348e+003  3.3000000e+000
  8.3800000e+001  1.3522212e+003  3.1000000e+000
  8.3800000e+001  1.3522212e+003  3.3100000e+000
  8.3950000e+001  1.3560105e+003  3.3700000e+000
  8.4100000e+001  1.3598015e+003  3.3100000e+000
  8.4100000e+001  1.3598015e+003  3.2900000e+000
  8.4250000e+001  1.3632208e+003  4.2100000e+000
  8.4400000e+001  1.3666293e+003  3.7900000e+000
  8.4550000e+001  1.3697389e+003  3.7300000e+000
  8.4550000e+001  1.3697389e+003  3.9000000e+000
  8.4700000e+001  1.3727663e+003  4.4300000e+000
  8.4850000e+001  1.3757979e+003  3.7300000e+000
  8.5000000e+001  1.3787352e+003  3.9800000e+000
  8.5150000e+001  1.3815747e+003  3.5500000e+000
  8.5300000e+001  1.3842474e+003  3.6400000e+000
  8.5450000e+001  1.3865226e+003  3.6300000e+000
  8.5600000e+001  1.3887954e+003  3.5600000e+000
  8.5750000e+001  1.3910637e+003  3.7600000e+000
  8.5900000e+001  1.3933432e+003  3.9400000e+000
  8.6050000e+001  1.3956117e+003  4.0100000e+000
  8.6200000e+001  1.3978851e+003  3.5300000e+000
  8.6350000e+001  1.4002531e+003  3.3100000e+000
  8.6350000e+001  1.4002531e+003  3.4300000e+000
  8.6500000e+001  1.4030918e+003  3.2600000e+000
  8.6650000e+001  1.4059305e+003  3.6600000e+000
  8.6660000e+001  1.4061200e+003  4.1500000e+000
  8.6810000e+001  1.4089641e+003  3.5000000e+000
  8.6960000e+001  1.4118082e+003  3.7900000e+000
  8.7110000e+001  1.4146485e+003  3.5800000e+000
  8.7260000e+001  1.4174880e+003  3.5500000e+000
  8.7410000e+001  1.4199605e+003  3.3900000e+000
  8.7560000e+001  1.4222322e+003  3.4100000e+000
  8.7710000e+001  1.4245021e+003  3.5000000e+000
  8.7860000e+001  1.4267787e+003  3.4500000e+000
  8.8010000e+001  1.4290484e+003  3.5400000e+000
  8.8160000e+001  1.4313237e+003  3.3800000e+000
  8.8310000e+001  1.4335951e+003  3.4400000e+000
  8.8460000e+001  1.4358652e+003  3.4000000e+000
  8.8610000e+001  1.4381429e+003  3.4200000e+000
  8.8740000e+001  1.4401080e+003  3.4100000e+000
  8.8810000e+001  1.4411721e+003  3.3700000e+000
  8.8960000e+001  1.4434404e+003  3.4200000e+000
  8.8990000e+001  1.4438960e+003  3.3600000e+000
  8.9110000e+001  1.4459795e+003  3.1700000e+000
  8.9140000e+001  1.4465474e+003  3.6500000e+000
  8.9260000e+001  1.4488190e+003  3.3500000e+000
  8.9290000e+001  1.4493869e+003  3.1300000e+000
  8.9410000e+001  1.4517109e+003  4.1500000e+000
  8.9440000e+001  1.4523174e+003  3.1600000e+000
  8.9560000e+001  1.4547437e+003  4.6500000e+000
  8.9590000e+001  1.4553503e+003  4.5300000e+000
  8.9710000e+001  1.4577758e+003  4.2600000e+000
  8.9740000e+001  1.4583821e+003  4.2000000e+000
  8.9860000e+001  1.4608073e+003  3.5900000e+000
  8.9890000e+001  1.4614128e+003  3.7600000e+000
  9.0010000e+001  1.4638342e+003  3.6600000e+000
  9.0040000e+001  1.4644395e+003  3.6500000e+000
  9.0160000e+001  1.4667999e+003  3.5400000e+000
  9.0190000e+001  1.4673688e+003  3.5100000e+000
  9.0340000e+001  1.4702129e+003  3.4900000e+000
  9.0490000e+001  1.4728584e+003  3.5800000e+000
  9.0640000e+001  1.4751329e+003  3.4900000e+000
  9.0790000e+001  1.4774015e+003  3.0900000e+000
  9.0940000e+001  1.4796800e+003  3.4300000e+000
  9.1090000e+001  1.4819491e+003  3.4600000e+000
  9.1240000e+001  1.4842211e+003  3.5000000e+000
  9.1390000e+001  1.4864971e+003  3.4300000e+000
  9.1540000e+001  1.4887654e+003  3.2500000e+000
  9.1690000e+001  1.4910431e+003  3.7000000e+000
  9.1990000e+001  1.4961612e+003  4.4300000e+000
  9.2140000e+001  1.4990008e+003  4.3700000e+000
  9.2290000e+001  1.5018441e+003  4.2800000e+000
  9.2440000e+001  1.5046882e+003  4.0000000e+000
  9.2590000e+001  1.5075289e+003  4.2100000e+000
  9.2740000e+001  1.5103676e+003  4.0100000e+000
  9.2890000e+001  1.5132067e+003  3.7600000e+000
  9.3040000e+001  1.5160463e+003  3.7600000e+000
  9.3190000e+001  1.5187522e+003  3.5700000e+000
  9.3340000e+001  1.5210294e+003  3.5100000e+000
  9.3640000e+001  1.5255695e+003  3.8200000e+000
  9.3790000e+001  1.5278483e+003  3.7700000e+000
  9.3940000e+001  1.5301165e+003  3.9300000e+000
  9.4090000e+001  1.5323916e+003  4.3300000e+000
  9.4240000e+001  1.5346645e+003  4.1300000e+000
  9.4390000e+001  1.5369328e+003  4.1200000e+000
  9.4540000e+001  1.5392123e+003  4.4700000e+000
  9.4690000e+001  1.5414808e+003  3.8800000e+000
  9.4840000e+001  1.5437542e+003  4.3900000e+000
  9.4990000e+001  1.5460288e+003  3.7200000e+000
  9.5140000e+001  1.5482971e+003  3.7100000e+000
  9.5290000e+001  1.5505753e+003  3.8000000e+000
  9.5440000e+001  1.5528451e+003  3.7300000e+000
  9.5590000e+001  1.5551173e+003  3.7500000e+000
  9.5740000e+001  1.5573922e+003  3.7000000e+000
  9.5890000e+001  1.5596614e+003  3.7000000e+000
  9.6040000e+001  1.5619389e+003  3.6900000e+000
  9.6190000e+001  1.5642092e+003  3.7500000e+000
  9.6340000e+001  1.5664804e+003  3.7300000e+000
  9.6490000e+001  1.5687559e+003  3.7200000e+000
  9.6640000e+001  1.5710257e+003  3.8000000e+000
  9.6790000e+001  1.5733020e+003  4.3500000e+000
  9.6940000e+001  1.5755722e+003  4.3800000e+000
  9.7190000e+001  1.5800007e+003  3.7500000e+000
  9.7230000e+001  1.5807577e+003  3.7900000e+000
  9.7240000e+001  1.5809469e+003  3.7400000e+000
  9.7380000e+001  1.5835966e+003  3.6400000e+000
  9.7390000e+001  1.5837859e+003  3.6400000e+000
  9.7540000e+001  1.5866254e+003  4.0200000e+000
  9.7560000e+001  1.5870040e+003  3.9500000e+000
  9.7640000e+001  1.5885185e+003  3.3500000e+000
  9.7680000e+001  1.5892757e+003  3.8700000e+000
  9.7830000e+001  1.5921198e+003  4.4900000e+000
  9.7980000e+001  1.5949639e+003  3.6900000e+000
  9.8130000e+001  1.5978044e+003  3.8200000e+000
  9.8280000e+001  1.6006439e+003  3.6300000e+000
  9.8430000e+001  1.6034835e+003  3.5800000e+000
  9.8730000e+001  1.6091642e+003  3.7700000e+000
  9.8880000e+001  1.6120074e+003  3.7600000e+000
  9.9030000e+001  1.6148498e+003  3.8000000e+000
  9.9180000e+001  1.6176894e+003  3.8900000e+000
  9.9330000e+001  1.6205290e+003  3.9400000e+000
  9.9450000e+001  1.6228006e+003  3.8600000e+000
  9.9480000e+001  1.6233685e+003  3.7100000e+000
  9.9600000e+001  1.6256402e+003  3.8600000e+000
  9.9630000e+001  1.6262081e+003  3.9900000e+000
  9.9750000e+001  1.6281220e+003  3.8200000e+000
  9.9780000e+001  1.6285777e+003  3.8200000e+000
  9.9900000e+001  1.6303919e+003  3.5900000e+000
  1.0005000e+002  1.6326676e+003  3.5600000e+000
  1.0020000e+002  1.6349427e+003  3.3600000e+000
  1.0035000e+002  1.6372095e+003  3.6700000e+000
  1.0050000e+002  1.6394906e+003  3.6900000e+000
  1.0065000e+002  1.6417520e+003  3.7800000e+000
  1.0080000e+002  1.6440385e+003  3.8100000e+000
  1.0095000e+002  1.6462999e+003  3.3800000e+000
  1.0110000e+002  1.6487600e+003  3.9900000e+000
  1.0125000e+002  1.6516004e+003  4.1700000e+000
  1.0140000e+002  1.6544409e+003  4.4600000e+000
  1.0155000e+002  1.6572813e+003  4.3600000e+000
  1.0170000e+002  1.6601217e+003  3.8400000e+000
  1.0185000e+002  1.6629584e+003  3.7600000e+000
  1.0200000e+002  1.6657947e+003  4.1100000e+000
  1.0215000e+002  1.6686340e+003  3.6300000e+000
  1.0230000e+002  1.6714745e+003  3.5200000e+000
  1.0245000e+002  1.6743149e+003  3.4700000e+000
  1.0260000e+002  1.6771553e+003  3.4900000e+000
  1.0275000e+002  1.6799973e+003  3.6000000e+000
  1.0290000e+002  1.6828423e+003  3.7200000e+000
  1.0305000e+002  1.6856866e+003  3.6300000e+000
  1.0320000e+002  1.6885270e+003  3.6700000e+000
  1.0335000e+002  1.6913674e+003  3.7500000e+000
  1.0350000e+002  1.6942079e+003  3.7900000e+000
  1.0365000e+002  1.6970483e+003  3.7700000e+000
  1.0395000e+002  1.7011843e+003  4.3800000e+000
  1.0410000e+002  1.7030011e+003  3.9800000e+000
  1.0425000e+002  1.7047657e+003  4.1200000e+000
  1.0440000e+002  1.7064709e+003  4.5800000e+000
  1.0455000e+002  1.7081233e+003  4.2100000e+000
  1.0470000e+002  1.7096355e+003  3.9100000e+000
  1.0485000e+002  1.7111476e+003  3.8800000e+000
  1.0500000e+002  1.7126598e+003  3.7600000e+000
  1.0515000e+002  1.7141839e+003  3.8200000e+000
  1.0530000e+002  1.7156530e+003  3.7700000e+000
  1.0545000e+002  1.7170146e+003  3.7200000e+000
  1.0560000e+002  1.7183763e+003  3.7600000e+000
  1.0575000e+002  1.7197399e+003  4.0000000e+000
  1.0576000e+002  1.7198309e+003  3.7800000e+000
  1.0590000e+002  1.7211048e+003  3.8600000e+000
  1.0591000e+002  1.7211958e+003  3.5600000e+000
  1.0605000e+002  1.7224698e+003  3.8200000e+000
  1.0606000e+002  1.7225608e+003  4.1700000e+000
  1.0621000e+002  1.7239227e+003  4.5700000e+000
  1.0636000e+002  1.7252844e+003  4.0800000e+000
  1.0651000e+002  1.7266466e+003  4.1400000e+000
  1.0661000e+002  1.7275566e+003  3.8400000e+000
  1.0676000e+002  1.7289215e+003  3.8500000e+000
  1.0691000e+002  1.7302865e+003  3.6900000e+000
  1.0708000e+002  1.7318335e+003  3.5400000e+000
  1.0721000e+002  1.7330164e+003  3.3700000e+000
  1.0751000e+002  1.7357418e+003  3.5400000e+000
  1.0766000e+002  1.7371035e+003  3.4400000e+000
  1.0781000e+002  1.7384672e+003  3.4900000e+000
  1.0796000e+002  1.7398321e+003  3.8500000e+000
  1.0796000e+002  1.7398321e+003  3.8500000e+000
  1.0811000e+002  1.7411971e+003  3.5400000e+000
  1.0826000e+002  1.7425592e+003  3.6900000e+000
  1.0841000e+002  1.7439208e+003  3.7600000e+000
  1.0856000e+002  1.7453023e+003  3.8700000e+000
  1.0871000e+002  1.7468206e+003  3.9400000e+000
  1.0886000e+002  1.7483359e+003  3.9300000e+000
  1.0901000e+002  1.7498481e+003  3.9600000e+000
  1.0931000e+002  1.7528823e+003  4.0700000e+000
  1.0946000e+002  1.7543945e+003  3.9000000e+000
  1.0961000e+002  1.7559066e+003  4.3300000e+000
  1.0976000e+002  1.7574188e+003  4.0900000e+000
  1.0990000e+002  1.7589910e+003  3.7700000e+000
  1.1006000e+002  1.7608098e+003  3.4800000e+000
  1.1021000e+002  1.7625150e+003  3.8100000e+000
  1.1036000e+002  1.7642202e+003  3.5500000e+000
  1.1051000e+002  1.7659253e+003  3.8000000e+000
  1.1066000e+002  1.7676305e+003  3.8000000e+000
  1.1081000e+002  1.7693357e+003  3.7100000e+000
  1.1096000e+002  1.7710408e+003  3.6700000e+000
  1.1111000e+002  1.7727460e+003  3.6400000e+000
  1.1126000e+002  1.7744512e+003  3.6200000e+000
  1.1142000e+002  1.7762700e+003  3.6800000e+000
  1.1156000e+002  1.7778567e+003  3.6000000e+000
  1.1171000e+002  1.7795567e+003  3.5500000e+000
  1.1187000e+002  1.7813741e+003  3.5100000e+000
  1.1201000e+002  1.7829656e+003  3.4700000e+000
  1.1210000e+002  1.7840050e+003  3.8300000e+000
  1.1216000e+002  1.7847334e+003  3.9100000e+000
  1.1225000e+002  1.7858261e+003  3.2300000e+000
  1.1231000e+002  1.7865546e+003  4.1400000e+000
  1.1240000e+002  1.7876473e+003  3.7200000e+000
  1.1255000e+002  1.7894685e+003  4.2800000e+000
  1.1270000e+002  1.7912896e+003  4.2600000e+000
  1.1285000e+002  1.7931108e+003  3.9200000e+000
  1.1300000e+002  1.7949267e+003  4.0700000e+000
  1.1315000e+002  1.7967398e+003  3.6600000e+000
  1.1330000e+002  1.7985529e+003  3.7000000e+000
  1.1345000e+002  1.8003733e+003  4.0500000e+000
  1.1360000e+002  1.8021945e+003  3.9500000e+000
  1.1375000e+002  1.8040916e+003  3.8200000e+000
  1.1390000e+002  1.8063577e+003  3.7900000e+000
  1.1405000e+002  1.8086443e+003  3.7200000e+000
  1.1420000e+002  1.8109056e+003  3.7800000e+000
  1.1435000e+002  1.8131770e+003  3.9800000e+000
  1.1450000e+002  1.8153449e+003  3.4200000e+000
  1.1465000e+002  1.8171661e+003  4.1400000e+000
  1.1480000e+002  1.8189873e+003  3.9400000e+000
  1.1495000e+002  1.8208045e+003  3.5100000e+000
  1.1510000e+002  1.8226176e+003  3.9800000e+000
  1.1525000e+002  1.8244307e+003  3.6900000e+000
  1.1540000e+002  1.8262498e+003  4.4400000e+000
  1.1555000e+002  1.8280710e+003  3.6200000e+000
  1.1570000e+002  1.8298921e+003  3.5200000e+000
  1.1585000e+002  1.8317133e+003  3.5500000e+000
  1.1600000e+002  1.8335345e+003  3.5300000e+000
  1.1615000e+002  1.8353535e+003  3.5200000e+000
  1.1630000e+002  1.8371666e+003  3.4900000e+000
  1.1645000e+002  1.8389797e+003  3.4700000e+000
  1.1660000e+002  1.8407970e+003  3.4600000e+000
  1.1675000e+002  1.8426182e+003  3.4400000e+000
  1.1690000e+002  1.8444393e+003  3.4300000e+000
  1.1705000e+002  1.8462571e+003  3.6400000e+000
  1.1720000e+002  1.8480738e+003  3.5100000e+000
  1.1735000e+002  1.8498906e+003  3.7600000e+000
  1.1750000e+002  1.8517081e+003  3.6900000e+000
  1.1780000e+002  1.8553442e+003  3.9300000e+000
  1.1795000e+002  1.8571654e+003  3.7600000e+000
  1.1810000e+002  1.8589865e+003  3.8600000e+000
  1.1825000e+002  1.8608053e+003  4.2300000e+000
  1.1840000e+002  1.8626220e+003  4.4300000e+000
  1.1855000e+002  1.8644388e+003  4.5400000e+000
  1.1870000e+002  1.8662561e+003  4.3400000e+000
  1.1885000e+002  1.8680736e+003  4.0400000e+000
  1.1900000e+002  1.8698911e+003  4.0200000e+000
  1.1915000e+002  1.8717079e+003  4.3100000e+000
  1.1925000e+002  1.8729190e+003  3.8200000e+000
  1.1930000e+002  1.8735246e+003  4.0000000e+000
  1.1945000e+002  1.8753428e+003  3.8100000e+000
  1.1965000e+002  1.8777710e+003  3.6900000e+000
  1.1985000e+002  1.8801983e+003  3.5700000e+000
  1.2005000e+002  1.8826217e+003  3.5200000e+000
  1.2025000e+002  1.8850449e+003  3.5100000e+000
  1.2045000e+002  1.8874672e+003  3.5100000e+000
  1.2065000e+002  1.8898900e+003  3.4700000e+000
  1.2085000e+002  1.8923182e+003  3.5300000e+000
  1.2103000e+002  1.8945036e+003  3.4900000e+000
  1.2120000e+002  1.8965594e+003  3.5500000e+000
  1.2140000e+002  1.8989768e+003  3.7200000e+000
  1.2140000e+002  1.8989768e+003  3.6600000e+000
  1.2160000e+002  1.9014019e+003  4.1300000e+000
  1.2180000e+002  1.9038301e+003  4.1100000e+000
  1.2200000e+002  1.9062583e+003  3.9500000e+000
  1.2220000e+002  1.9086866e+003  3.9000000e+000
  1.2240000e+002  1.9111084e+003  4.1200000e+000
  1.2260000e+002  1.9135259e+003  3.8000000e+000
  1.2280000e+002  1.9159491e+003  3.7900000e+000
  1.2300000e+002  1.9183773e+003  3.8800000e+000
  1.2320000e+002  1.9208027e+003  3.6300000e+000
  1.2340000e+002  1.9232250e+003  3.5100000e+000
  1.2360000e+002  1.9256478e+003  3.4000000e+000
  1.2380000e+002  1.9280712e+003  3.4200000e+000
  1.2400000e+002  1.9307228e+003  3.2100000e+000
  1.2420000e+002  1.9337463e+003  3.4200000e+000
  1.2440000e+002  1.9367763e+003  3.4100000e+000
  1.2440000e+002  1.9367763e+003  3.4500000e+000
  1.2460000e+002  1.9401768e+003  3.6000000e+000
  1.2480000e+002  1.9439640e+003  4.1200000e+000
  1.2500000e+002  1.9477564e+003  4.1000000e+000
  1.2520000e+002  1.9515485e+003  3.7700000e+000
  1.2521000e+002  1.9517379e+003  3.7800000e+000
  1.2542000e+002  1.9557145e+003  3.9900000e+000
  1.2561000e+002  1.9593123e+003  3.7100000e+000
  1.2581000e+002  1.9630996e+003  3.9100000e+000
  1.2601000e+002  1.9668816e+003  3.7200000e+000
  1.2622000e+002  1.9708545e+003  3.5700000e+000
  1.2662000e+002  1.9778973e+003  3.3900000e+000
  1.2662000e+002  1.9778973e+003  3.4400000e+000
  1.2681000e+002  1.9807754e+003  3.4000000e+000
  1.2703000e+002  1.9841086e+003  3.4300000e+000
  1.2801000e+002  1.9997802e+003  3.6900000e+000
  1.2821000e+002  2.0035674e+003  3.8200000e+000
  1.2842000e+002  2.0075440e+003  4.0000000e+000
  1.2861000e+002  2.0111376e+003  3.8800000e+000
  1.2881000e+002  2.0149202e+003  3.8200000e+000
  1.2901000e+002  2.0187074e+003  3.7900000e+000
  1.2921000e+002  2.0224947e+003  3.4400000e+000
  1.2941000e+002  2.0262819e+003  3.5200000e+000
  1.2963000e+002  2.0304536e+003  3.4900000e+000
  1.2981000e+002  2.0338664e+003  3.5800000e+000
  1.3004000e+002  2.0382217e+003  3.6400000e+000
  1.3021000e+002  2.0414409e+003  3.7000000e+000
  1.3041000e+002  2.0452281e+003  3.8100000e+000
  1.3041000e+002  2.0452281e+003  3.6900000e+000
  1.3041000e+002  2.0452281e+003  3.7100000e+000
  1.3061000e+002  2.0490209e+003  3.8200000e+000
  1.3061000e+002  2.0490209e+003  3.7300000e+000
  1.3080000e+002  2.0526232e+003  3.8900000e+000
  1.3080000e+002  2.0526232e+003  3.7100000e+000
  1.3101000e+002  2.0565998e+003  3.7900000e+000
  1.3139000e+002  2.0626441e+003  3.9700000e+000
  1.3161000e+002  2.0656219e+003  4.5000000e+000
  1.3181000e+002  2.0680502e+003  4.4900000e+000
  1.3181000e+002  2.0680502e+003  4.4000000e+000
  1.3192000e+002  2.0693764e+003  4.4200000e+000
  1.3192000e+002  2.0693764e+003  4.5100000e+000
  1.3192000e+002  2.0693764e+003  4.4700000e+000
  1.3212000e+002  2.0716500e+003  4.1700000e+000
  1.3230000e+002  2.0736962e+003  3.9700000e+000
  1.3247000e+002  2.0756287e+003  4.2900000e+000
  1.3287000e+002  2.0801653e+003  4.0300000e+000
  1.3307000e+002  2.0822212e+003  3.7400000e+000
  1.3327000e+002  2.0842455e+003  3.8100000e+000
  1.3327000e+002  2.0842455e+003  3.6900000e+000
  1.3347000e+002  2.0862666e+003  3.7400000e+000
  1.3367000e+002  2.0882828e+003  3.9100000e+000
  1.3367000e+002  2.0882828e+003  3.8300000e+000
  1.3387000e+002  2.0902989e+003  3.7400000e+000
  1.3407000e+002  2.0923227e+003  3.7700000e+000
  1.3407000e+002  2.0923227e+003  3.8400000e+000
  1.3427000e+002  2.0943413e+003  3.6800000e+000
  1.3447000e+002  2.0963613e+003  3.6800000e+000
  1.3467000e+002  2.0983857e+003  3.6600000e+000
  1.3487000e+002  2.1004100e+003  3.5500000e+000
  1.3499000e+002  2.1016197e+003  3.4800000e+000
  1.3519000e+002  2.1036359e+003  3.9800000e+000
  1.3539000e+002  2.1056532e+003  4.0000000e+000
  1.3559000e+002  2.1076774e+003  3.8200000e+000
  1.3579000e+002  2.1099248e+003  3.7900000e+000
  1.3679000e+002  2.1212926e+003  3.5000000e+000
  1.3699000e+002  2.1235662e+003  3.4300000e+000
  1.3719000e+002  2.1258397e+003  3.4300000e+000
  1.3739000e+002  2.1281133e+003  3.4200000e+000
  1.3759000e+002  2.1303867e+003  3.3900000e+000
  1.3799000e+002  2.1349226e+003  3.3200000e+000
  1.3799000e+002  2.1349226e+003  3.3100000e+000
  1.3819000e+002  2.1371961e+003  3.3500000e+000
  1.3839000e+002  2.1394697e+003  3.4300000e+000
  1.3859000e+002  2.1417433e+003  3.3800000e+000
  1.3879000e+002  2.1440168e+003  3.4700000e+000
  1.3939000e+002  2.1512026e+003  3.8900000e+000
  1.3956000e+002  2.1532616e+003  4.4000000e+000
  1.3956000e+002  2.1532616e+003  4.5400000e+000
  1.3979000e+002  2.1560492e+003  4.1600000e+000
  1.4002000e+002  2.1588416e+003  4.4000000e+000
  1.4022000e+002  2.1615201e+003  4.2800000e+000
  1.4042000e+002  2.1645495e+003  3.8200000e+000
  1.4042000e+002  2.1645495e+003  3.8100000e+000
  1.4062000e+002  2.1675776e+003  3.8300000e+000
  1.4082000e+002  2.1706116e+003  3.6500000e+000
  1.4102000e+002  2.1736399e+003  3.5700000e+000
  1.4102000e+002  2.1736399e+003  3.5900000e+000
  1.4102000e+002  2.1736399e+003  3.5900000e+000
  1.4122000e+002  2.1766634e+003  3.5300000e+000
  1.4182000e+002  2.1857593e+003  3.7000000e+000
  1.4202000e+002  2.1887845e+003  3.6600000e+000
  1.4220000e+002  2.1915167e+003  3.7000000e+000
  1.4242000e+002  2.1948476e+003  3.9300000e+000
  1.4242000e+002  2.1948476e+003  3.8500000e+000
  1.4262000e+002  2.1978768e+003  3.9400000e+000
  1.4262000e+002  2.1978768e+003  4.0200000e+000
  1.4262000e+002  2.1978768e+003  4.0100000e+000
  1.4282000e+002  2.2009174e+003  3.9800000e+000
  1.4302000e+002  2.2036741e+003  3.7700000e+000
  1.4342000e+002  2.2085306e+003  3.7800000e+000
  1.4362000e+002  2.2109588e+003  3.5600000e+000
  1.4382000e+002  2.2133836e+003  3.6600000e+000
  1.4402000e+002  2.2158011e+003  3.5100000e+000
  1.4422000e+002  2.2182213e+003  3.6000000e+000
  1.4442000e+002  2.2206496e+003  3.4800000e+000
  1.4442000e+002  2.2206496e+003  3.5100000e+000
  1.4462000e+002  2.2230766e+003  3.4400000e+000
  1.4482000e+002  2.2254989e+003  3.4200000e+000
  1.4502000e+002  2.2278997e+003  3.4500000e+000
  1.4520000e+002  2.2299459e+003  3.4700000e+000
  1.4542000e+002  2.2324468e+003  3.4400000e+000
  1.4542000e+002  2.2324468e+003  3.4800000e+000
  1.4562000e+002  2.2347203e+003  3.4600000e+000
  1.4586000e+002  2.2374486e+003  3.8300000e+000
  1.4606000e+002  2.2397222e+003  4.4000000e+000
  1.4626000e+002  2.2419957e+003  4.1800000e+000
  1.4647000e+002  2.2443829e+003  3.7700000e+000
  1.4666000e+002  2.2465119e+003  3.5300000e+000
  1.4666000e+002  2.2465119e+003  3.5600000e+000
  1.4686000e+002  2.2485281e+003  3.3800000e+000
  1.4706000e+002  2.2503667e+003  3.3800000e+000
  1.4726000e+002  2.2521823e+003  3.2800000e+000
  1.4726000e+002  2.2521823e+003  3.2400000e+000
  1.4746000e+002  2.2540015e+003  3.2600000e+000
  1.4766000e+002  2.2558214e+003  3.2400000e+000
  1.4786000e+002  2.2576414e+003  3.3200000e+000
  1.4806000e+002  2.2594613e+003  3.2600000e+000
  1.4826000e+002  2.2612781e+003  3.2400000e+000
  1.4846000e+002  2.2630936e+003  3.1900000e+000
  1.4866000e+002  2.2649121e+003  3.3500000e+000
  1.4886000e+002  2.2667320e+003  3.3800000e+000
  1.4886000e+002  2.2667320e+003  3.3500000e+000
  1.4906000e+002  2.2685493e+003  3.4500000e+000
  1.4926000e+002  2.2703649e+003  3.4700000e+000
  1.4946000e+002  2.2721828e+003  3.4800000e+000
  1.4946000e+002  2.2721828e+003  3.2600000e+000
  1.4966000e+002  2.2740027e+003  3.6200000e+000
  1.4986000e+002  2.2759179e+003  3.8900000e+000
  1.5001000e+002  2.2774300e+003  3.8700000e+000
  1.5001000e+002  2.2774300e+003  3.9000000e+000
  1.5016000e+002  2.2789482e+003  4.2500000e+000
  1.5016000e+002  2.2789482e+003  4.1300000e+000
  1.5020000e+002  2.2793531e+003  3.7700000e+000
  1.5040000e+002  2.2813774e+003  4.6300000e+000
  1.5060000e+002  2.2835193e+003  4.2700000e+000
  1.5060000e+002  2.2835193e+003  3.3100000e+000
  1.5080000e+002  2.2857860e+003  4.5000000e+000
  1.5100000e+002  2.2880584e+003  4.3000000e+000
  1.5100000e+002  2.2880584e+003  3.8400000e+000
  1.5160000e+002  2.2952983e+003  3.6800000e+000
  1.5180000e+002  2.2983251e+003  3.2600000e+000
  1.5200000e+002  2.3013610e+003  3.2000000e+000
  1.5220000e+002  2.3043874e+003  3.8400000e+000
  1.5220000e+002  2.3043874e+003  3.7300000e+000
  1.5240000e+002  2.3074110e+003  3.7600000e+000
  1.5260000e+002  2.3104476e+003  3.9300000e+000
  1.5280000e+002  2.3132506e+003  4.1400000e+000
  1.5300000e+002  2.3156788e+003  4.1700000e+000
  1.5320000e+002  2.3181036e+003  4.3500000e+000
  1.5340000e+002  2.3205211e+003  4.4000000e+000
  1.5360000e+002  2.3231027e+003  3.8200000e+000
  1.5380000e+002  2.3261262e+003  3.1400000e+000
  1.5400000e+002  2.3291700e+003  3.3300000e+000
  1.5420000e+002  2.3321985e+003  3.2600000e+000
  1.5440000e+002  2.3352221e+003  3.2800000e+000
  1.5440000e+002  2.3352221e+003  3.3200000e+000
  1.5460000e+002  2.3382609e+003  3.2500000e+000
  1.5480000e+002  2.3416636e+003  3.0000000e+000
  1.5500000e+002  2.3454509e+003  3.3200000e+000
  1.5520000e+002  2.3492381e+003  3.4600000e+000
  1.5540000e+002  2.3530266e+003  3.7000000e+000
  1.5555000e+002  2.3558716e+003  4.0000000e+000
  1.5579000e+002  2.3604204e+003  4.0100000e+000
  1.5599000e+002  2.3642077e+003  3.7400000e+000
  1.5619000e+002  2.3679949e+003  3.3300000e+000
  1.5639000e+002  2.3716077e+003  3.2900000e+000
  1.5654000e+002  2.3735398e+003  3.3700000e+000
  1.5674000e+002  2.3759680e+003  3.2600000e+000
  1.5694000e+002  2.3783938e+003  3.2700000e+000
  1.5714000e+002  2.3808172e+003  3.3400000e+000
  1.5734000e+002  2.3831700e+003  3.3100000e+000
  1.5754000e+002  2.3854367e+003  3.4300000e+000
  1.5774000e+002  2.3877088e+003  3.5200000e+000
  1.5794000e+002  2.3899824e+003  3.6400000e+000
  1.5814000e+002  2.3922560e+003  3.5000000e+000
  1.5834000e+002  2.3945295e+003  3.4900000e+000
  1.5854000e+002  2.3968031e+003  3.4800000e+000
  1.5874000e+002  2.3990766e+003  3.4200000e+000
  1.5894000e+002  2.4013502e+003  3.4500000e+000
  1.5914000e+002  2.4036237e+003  3.3200000e+000
  1.5934000e+002  2.4058973e+003  3.3900000e+000
  1.5949000e+002  2.4076025e+003  3.3400000e+000
  1.5969000e+002  2.4098760e+003  3.2700000e+000
  1.5989000e+002  2.4121496e+003  3.3700000e+000
  1.6009000e+002  2.4144231e+003  3.3500000e+000
  1.6029000e+002  2.4166940e+003  3.3800000e+000
  1.6049000e+002  2.4189607e+003  3.3900000e+000
  1.6069000e+002  2.4212324e+003  3.4400000e+000
  1.6089000e+002  2.4235060e+003  3.5100000e+000
  1.6107000e+002  2.4255522e+003  3.6300000e+000
  1.6124000e+002  2.4274847e+003  3.5900000e+000
  1.6144000e+002  2.4297583e+003  3.7600000e+000
  1.6164000e+002  2.4320318e+003  4.4000000e+000
  1.6184000e+002  2.4343054e+003  4.2600000e+000
  1.6184000e+002  2.4343054e+003  4.4000000e+000
  1.6204000e+002  2.4365789e+003  4.3800000e+000
  1.6224000e+002  2.4387864e+003  4.1100000e+000
  1.6244000e+002  2.4408046e+003  3.7800000e+000
  1.6252000e+002  2.4415326e+003  3.7600000e+000
  1.6277000e+002  2.4438075e+003  3.7100000e+000
  1.6302000e+002  2.4460786e+003  3.6200000e+000
  1.6327000e+002  2.4483483e+003  3.4800000e+000
  1.6352000e+002  2.4506232e+003  3.3800000e+000
  1.6377000e+002  2.4528959e+003  3.4300000e+000
  1.6402000e+002  2.4551653e+003  3.3700000e+000
  1.6427000e+002  2.4574390e+003  3.3400000e+000
  1.6452000e+002  2.4597139e+003  3.3800000e+000
  1.6477000e+002  2.4619888e+003  3.2600000e+000
  1.6502000e+002  2.4642612e+003  3.3500000e+000
  1.6527000e+002  2.4665306e+003  3.3300000e+000
  1.6552000e+002  2.4688045e+003  3.2100000e+000
  1.6577000e+002  2.4710785e+003  3.2700000e+000
  1.6594000e+002  2.4726217e+003  3.3000000e+000
  1.6619000e+002  2.4748923e+003  3.3100000e+000
  1.6644000e+002  2.4771672e+003  3.4100000e+000
  1.6669000e+002  2.4794422e+003  3.4600000e+000
  1.6694000e+002  2.4817171e+003  3.9300000e+000
  1.6694000e+002  2.4817171e+003  3.8600000e+000
  1.6719000e+002  2.4835315e+003  3.9600000e+000
  1.6744000e+002  2.4850521e+003  3.9900000e+000
  1.6769000e+002  2.4865668e+003  4.6700000e+000
  1.6794000e+002  2.4880777e+003  4.1400000e+000
  1.6819000e+002  2.4895922e+003  4.0500000e+000
  1.6844000e+002  2.4911076e+003  3.8000000e+000
  1.6869000e+002  2.4926246e+003  3.7100000e+000
  1.6894000e+002  2.4941399e+003  3.5400000e+000
  1.6894000e+002  2.4941399e+003  3.4600000e+000
  1.6919000e+002  2.4956682e+003  3.4200000e+000
  1.6944000e+002  2.4977054e+003  3.5100000e+000
  1.6969000e+002  2.4999803e+003  3.3400000e+000
  1.6994000e+002  2.5022553e+003  3.2200000e+000
  1.7019000e+002  2.5045297e+003  3.5000000e+000
  1.7044000e+002  2.5067991e+003  3.4200000e+000
  1.7069000e+002  2.5090710e+003  3.5400000e+000
  1.7094000e+002  2.5113459e+003  3.6400000e+000
  1.7119000e+002  2.5136165e+003  3.8000000e+000
  1.7144000e+002  2.5158867e+003  3.7600000e+000
  1.7169000e+002  2.5181616e+003  4.5000000e+000
  1.7169000e+002  2.5181616e+003  4.5100000e+000
  1.7219000e+002  2.5227115e+003  4.4400000e+000
  1.7228000e+002  2.5235293e+003  4.4800000e+000
  1.7253000e+002  2.5257987e+003  4.2800000e+000
  1.7278000e+002  2.5280713e+003  3.7000000e+000
  1.7278000e+002  2.5280713e+003  3.7500000e+000
  1.7303000e+002  2.5303462e+003  3.8800000e+000
  1.7328000e+002  2.5326160e+003  3.6900000e+000
  1.7353000e+002  2.5347793e+003  3.5700000e+000
  1.7378000e+002  2.5364366e+003  3.5800000e+000
  1.7403000e+002  2.5379536e+003  3.4100000e+000
  1.7403000e+002  2.5379536e+003  3.5300000e+000
  1.7428000e+002  2.5394682e+003  3.3300000e+000
  1.7453000e+002  2.5409828e+003  3.3600000e+000
  1.7478000e+002  2.5424974e+003  3.2800000e+000
  1.7503000e+002  2.5440137e+003  3.2200000e+000
  1.7503000e+002  2.5440137e+003  3.3200000e+000
  1.7525000e+002  2.5453486e+003  3.2700000e+000
  1.7550000e+002  2.5468634e+003  3.2400000e+000
  1.7575000e+002  2.5483770e+003  3.2300000e+000
  1.7600000e+002  2.5498879e+003  3.3400000e+000
  1.7625000e+002  2.5514050e+003  3.3400000e+000
  1.7650000e+002  2.5529257e+003  3.3700000e+000
  1.7675000e+002  2.5544404e+003  3.4600000e+000
  1.7750000e+002  2.5589823e+003  3.5200000e+000
  1.7775000e+002  2.5605025e+003  3.5200000e+000
  1.7800000e+002  2.5620134e+003  3.6600000e+000
  1.7825000e+002  2.5635258e+003  3.6300000e+000
  1.7850000e+002  2.5650404e+003  3.6900000e+000
  1.7875000e+002  2.5665596e+003  3.6200000e+000
  1.7900000e+002  2.5680792e+003  3.5800000e+000
  1.7900000e+002  2.5680792e+003  3.5900000e+000
  1.7925000e+002  2.5695901e+003  3.5400000e+000
  1.7950000e+002  2.5711028e+003  3.5100000e+000
  1.7975000e+002  2.5726174e+003  3.5400000e+000
  1.8000000e+002  2.5741339e+003  3.5400000e+000
  1.8020000e+002  2.5753475e+003  3.4800000e+000
  1.8045000e+002  2.5768622e+003  3.4700000e+000
  1.8070000e+002  2.5783768e+003  3.3800000e+000
  1.8095000e+002  2.5798914e+003  3.3000000e+000
  1.8120000e+002  2.5814076e+003  3.2700000e+000
  1.8145000e+002  2.5829245e+003  3.2200000e+000
  1.8170000e+002  2.5844391e+003  3.1800000e+000
  1.8195000e+002  2.5859523e+003  3.0500000e+000
  1.8219000e+002  2.5874028e+003  3.2400000e+000
  1.8242000e+002  2.5887989e+003  3.3000000e+000
  1.8264000e+002  2.5901371e+003  3.2700000e+000
  1.8289000e+002  2.5916526e+003  3.2400000e+000
  1.8314000e+002  2.5931664e+003  3.3900000e+000
  1.8314000e+002  2.5931664e+003  3.3600000e+000
  1.8318000e+002  2.5934081e+003  3.3600000e+000
  1.8323000e+002  2.5937103e+003  3.4700000e+000
  1.8333000e+002  2.5943147e+003  3.6400000e+000
  1.8338000e+002  2.5946168e+003  3.4500000e+000
  1.8343000e+002  2.5949190e+003  3.4200000e+000
  1.8348000e+002  2.5952212e+003  3.3700000e+000
  1.8353000e+002  2.5955739e+003  3.3900000e+000
  1.8358000e+002  2.5959550e+003  3.3100000e+000
  1.8388000e+002  2.5985589e+003  3.6600000e+000
  1.8418000e+002  2.6012846e+003  3.6100000e+000
  1.8448000e+002  2.6040145e+003  3.8300000e+000
  1.8478000e+002  2.6067444e+003  3.6900000e+000
  1.8538000e+002  2.6122658e+003  3.6700000e+000
  1.8568000e+002  2.6154510e+003  3.3700000e+000
  1.8598000e+002  2.6188613e+003  3.3200000e+000
  1.8628000e+002  2.6222716e+003  3.3900000e+000
  1.8688000e+002  2.6290923e+003  3.2500000e+000
  1.8718000e+002  2.6325026e+003  3.4600000e+000
  1.8748000e+002  2.6359130e+003  3.5700000e+000
  1.8778000e+002  2.6393147e+003  3.3700000e+000
  1.8810000e+002  2.6429496e+003  3.8200000e+000
  1.8816000e+002  2.6436317e+003  3.9800000e+000
  1.8841000e+002  2.6461970e+003  3.8000000e+000
  1.8866000e+002  2.6484974e+003  3.1200000e+000
  1.8891000e+002  2.6507724e+003  3.4600000e+000
  1.8916000e+002  2.6530473e+003  3.4900000e+000
  1.8941000e+002  2.6553189e+003  3.4300000e+000
  1.8966000e+002  2.6575883e+003  3.3400000e+000
  1.8991000e+002  2.6598630e+003  3.2700000e+000
  1.9016000e+002  2.6621362e+003  3.2800000e+000
  1.9041000e+002  2.6644056e+003  3.2300000e+000
  1.9066000e+002  2.6666788e+003  3.2500000e+000
  1.9091000e+002  2.6689537e+003  3.1000000e+000
  1.9116000e+002  2.6712286e+003  3.2800000e+000
  1.9141000e+002  2.6735015e+003  3.1700000e+000
  1.9130000e+002  2.6725026e+003  3.1700000e+000
  1.9155000e+002  2.6747723e+003  3.2700000e+000
  1.9155000e+002  2.6747723e+003  3.1300000e+000
  1.9180000e+002  2.6770434e+003  3.2800000e+000
  1.9180000e+002  2.6770434e+003  3.1800000e+000
  1.9205000e+002  2.6793183e+003  3.3400000e+000
  1.9230000e+002  2.6815897e+003  3.2300000e+000
  1.9255000e+002  2.6838591e+003  3.4000000e+000
  1.9280000e+002  2.6861340e+003  3.2700000e+000
  1.9305000e+002  2.6884090e+003  3.3900000e+000
  1.9330000e+002  2.6906839e+003  3.3900000e+000
  1.9355000e+002  2.6929549e+003  3.3300000e+000
  1.9370000e+002  2.6943166e+003  3.3500000e+000
  1.9420000e+002  2.6988645e+003  3.5200000e+000
  1.9445000e+002  2.7011339e+003  3.6300000e+000
  1.9470000e+002  2.7034054e+003  3.8400000e+000
  1.9495000e+002  2.7056803e+003  3.9100000e+000
  1.9520000e+002  2.7081348e+003  3.9900000e+000
  1.9545000e+002  2.7108944e+003  3.8800000e+000
  1.9570000e+002  2.7137364e+003  3.7100000e+000
  1.9595000e+002  2.7165783e+003  3.7300000e+000
  1.9620000e+002  2.7194202e+003  3.9700000e+000
  1.9650000e+002  2.7230158e+003  4.0400000e+000
  1.9675000e+002  2.7263062e+003  3.9500000e+000
  1.9700000e+002  2.7304532e+003  3.5900000e+000
  1.9725000e+002  2.7351865e+003  3.5300000e+000
  1.9750000e+002  2.7399062e+003  3.4000000e+000
  1.9750000e+002  2.7399062e+003  3.3400000e+000
  1.9775000e+002  2.7446419e+003  3.1600000e+000
  1.9775000e+002  2.7446419e+003  3.1300000e+000
  1.9800000e+002  2.7493804e+003  3.2300000e+000
  1.9825000e+002  2.7541145e+003  3.4100000e+000
  1.9850000e+002  2.7588485e+003  3.4100000e+000
  1.9875000e+002  2.7635885e+003  3.3500000e+000
  1.9900000e+002  2.7683266e+003  3.2700000e+000
  1.9925000e+002  2.7730606e+003  3.4100000e+000
  1.9925000e+002  2.7730606e+003  3.1200000e+000
  1.9945000e+002  2.7768479e+003  3.3400000e+000
  1.9970000e+002  2.7815867e+003  3.2600000e+000
  2.0020000e+002  2.7910411e+003  3.3100000e+000
  2.0045000e+002  2.7957751e+003  3.0800000e+000
  2.0070000e+002  2.8005143e+003  3.6800000e+000
  2.0095000e+002  2.8052532e+003  3.7300000e+000
  2.0120000e+002  2.8099872e+003  3.7900000e+000
  2.0145000e+002  2.8147213e+003  3.7100000e+000
  2.0170000e+002  2.8187622e+003  3.4700000e+000
  2.0195000e+002  2.8225587e+003  3.4800000e+000
  2.0209000e+002  2.8246743e+003  3.3300000e+000
  2.0234000e+002  2.8284600e+003  3.3500000e+000
  2.0259000e+002  2.8317407e+003  3.4200000e+000
  2.0284000e+002  2.8347628e+003  3.6200000e+000
  2.0309000e+002  2.8377981e+003  3.4900000e+000
  2.0309000e+002  2.8377981e+003  3.5200000e+000
  2.0309000e+002  2.8377981e+003  3.5200000e+000
  2.0334000e+002  2.8408334e+003  3.6700000e+000
  2.0359000e+002  2.8438687e+003  3.7400000e+000
  2.0384000e+002  2.8479587e+003  3.5100000e+000
  2.0409000e+002  2.8535484e+003  3.4200000e+000
  2.0434000e+002  2.8605797e+003  3.3700000e+000
  2.0459000e+002  2.8700511e+003  3.2300000e+000
  2.0459000e+002  2.8700511e+003  3.2300000e+000
  2.0459000e+002  2.8700511e+003  3.2900000e+000
  2.0484000e+002  2.8795382e+003  3.5200000e+000
  2.0509000e+002  2.8890046e+003  3.4800000e+000
  2.0534000e+002  2.8984735e+003  3.1500000e+000
  2.0559000e+002  2.9079419e+003  3.1900000e+000
  2.0584000e+002  2.9174015e+003  3.4400000e+000
  2.0609000e+002  2.9268685e+003  3.6100000e+000
  2.0609000e+002  2.9268685e+003  3.3600000e+000
  2.0609000e+002  2.9268685e+003  3.6000000e+000
  2.0609000e+002  2.9268685e+003  3.6100000e+000
  2.0634000e+002  2.9363556e+003  3.0600000e+000
  2.0659000e+002  2.9458263e+003  3.0900000e+000
  2.0684000e+002  2.9552822e+003  3.3200000e+000
  2.0709000e+002  2.9633658e+003  3.3200000e+000
  2.0734000e+002  2.9696855e+003  3.5200000e+000
  2.0734000e+002  2.9696855e+003  3.4400000e+000
  2.0759000e+002  2.9760099e+003  3.6700000e+000
  2.0778000e+002  2.9808026e+003  3.4500000e+000
  2.0828000e+002  2.9934236e+003  3.0500000e+000
  2.0828000e+002  2.9934236e+003  3.3000000e+000
  2.0853000e+002  2.9997300e+003  3.4300000e+000
  2.0878000e+002  3.0060449e+003  3.6200000e+000
  2.0903000e+002  3.0123531e+003  3.7400000e+000
  2.0928000e+002  3.0186826e+003  3.6400000e+000
  2.0953000e+002  3.0249971e+003  3.5900000e+000
  2.0978000e+002  3.0313028e+003  3.4000000e+000
  2.1003000e+002  3.0376100e+003  3.2100000e+000
  2.1028000e+002  3.0439241e+003  3.2700000e+000
  2.1053000e+002  3.0502343e+003  3.4300000e+000
  2.1078000e+002  3.0565626e+003  3.5100000e+000
  2.1103000e+002  3.0631200e+003  3.3900000e+000
  2.1128000e+002  3.0723522e+003  3.3000000e+000
  2.1153000e+002  3.0818303e+003  3.2700000e+000
  2.1178000e+002  3.0912929e+003  3.1500000e+000
  2.1182000e+002  3.0928149e+003  3.1300000e+000
  2.1207000e+002  3.1022777e+003  3.1400000e+000
  2.1232000e+002  3.1108153e+003  3.2000000e+000
  2.1257000e+002  3.1170557e+003  3.3200000e+000
  2.1282000e+002  3.1224629e+003  3.2500000e+000
  2.1282000e+002  3.1224629e+003  3.4000000e+000
  2.1307000e+002  3.1268218e+003  3.6000000e+000
  2.1332000e+002  3.1298497e+003  3.5900000e+000
  2.1357000e+002  3.1327869e+003  3.6200000e+000
  2.1382000e+002  3.1355735e+003  3.7600000e+000
  2.1382000e+002  3.1355735e+003  3.7200000e+000
  2.1407000e+002  3.1380486e+003  3.7300000e+000
  2.1428000e+002  3.1399595e+003  3.1700000e+000
  2.1453000e+002  3.1422345e+003  3.1400000e+000
  2.1478000e+002  3.1445094e+003  3.0600000e+000
  2.1503000e+002  3.1467803e+003  3.2400000e+000
  2.1528000e+002  3.1490502e+003  3.3900000e+000
  2.1528000e+002  3.1490502e+003  3.2800000e+000
  2.1528000e+002  3.1490502e+003  3.4300000e+000
  2.1553000e+002  3.1513251e+003  3.2100000e+000
  2.1578000e+002  3.1535976e+003  3.0800000e+000
  2.1603000e+002  3.1558670e+003  3.0700000e+000
  2.1628000e+002  3.1581409e+003  3.0700000e+000
  2.1653000e+002  3.1604158e+003  3.1600000e+000
  2.1653000e+002  3.1604158e+003  3.0200000e+000
  2.1653000e+002  3.1604158e+003  3.2700000e+000
  2.1678000e+002  3.1626907e+003  3.0300000e+000
  2.1703000e+002  3.1649629e+003  3.0300000e+000
  2.1728000e+002  3.1672323e+003  3.0700000e+000
  2.1778000e+002  3.1717802e+003  2.9500000e+000
  2.1778000e+002  3.1717802e+003  2.9900000e+000
  2.1803000e+002  3.1740496e+003  3.0100000e+000
  2.1823000e+002  3.1758672e+003  3.1500000e+000
  2.1828000e+002  3.1763222e+003  3.0200000e+000
  2.1833000e+002  3.1767772e+003  3.0600000e+000
  2.1838000e+002  3.1772321e+003  2.9800000e+000
  2.1843000e+002  3.1776871e+003  3.1100000e+000
  2.1848000e+002  3.1781421e+003  3.0400000e+000
  2.1853000e+002  3.1785971e+003  3.1000000e+000
  2.1858000e+002  3.1790521e+003  3.1100000e+000
  2.1863000e+002  3.1795071e+003  3.0100000e+000
  2.1868000e+002  3.1799621e+003  3.0500000e+000
  2.1873000e+002  3.1804171e+003  3.0100000e+000
  2.1878000e+002  3.1808720e+003  3.1300000e+000
  2.1883000e+002  3.1813270e+003  3.0600000e+000
  2.1893000e+002  3.1822370e+003  3.0000000e+000
  2.1898000e+002  3.1826916e+003  3.0600000e+000
  2.1903000e+002  3.1831454e+003  3.1400000e+000
  2.1908000e+002  3.1835993e+003  3.0000000e+000
  2.1913000e+002  3.1840532e+003  3.0500000e+000
  2.1918000e+002  3.1845071e+003  3.0600000e+000
  2.1924000e+002  3.1850517e+003  3.0600000e+000
  2.1928000e+002  3.1854149e+003  3.2400000e+000
  2.1933000e+002  3.1858687e+003  2.9200000e+000
  2.1940000e+002  3.1865048e+003  3.0600000e+000
  2.1943000e+002  3.1867778e+003  3.2000000e+000
  2.1949000e+002  3.1873238e+003  3.0700000e+000
  2.1953000e+002  3.1876878e+003  3.1700000e+000
  2.1959000e+002  3.1882337e+003  3.0700000e+000
  2.1963000e+002  3.1885977e+003  3.1100000e+000
  2.1968000e+002  3.1890527e+003  3.0600000e+000
  2.1973000e+002  3.1895077e+003  3.0800000e+000
  2.1978000e+002  3.1899627e+003  3.1500000e+000
  2.1983000e+002  3.1904167e+003  3.0700000e+000
  2.1988000e+002  3.1908705e+003  3.1600000e+000
  2.1993000e+002  3.1913244e+003  3.0000000e+000
  2.1998000e+002  3.1917783e+003  3.1400000e+000
  2.2003000e+002  3.1922322e+003  3.2800000e+000
  2.2008000e+002  3.1926861e+003  3.0900000e+000
  2.2013000e+002  3.1931400e+003  3.0900000e+000
  2.2018000e+002  3.1935938e+003  3.1800000e+000
  2.2023000e+002  3.1940485e+003  3.0500000e+000
  2.2028000e+002  3.1945035e+003  3.2500000e+000
  2.2033000e+002  3.1949585e+003  3.0800000e+000
  2.2043000e+002  3.1958684e+003  3.0800000e+000
  2.2048000e+002  3.1963234e+003  2.9700000e+000
  2.2053000e+002  3.1967784e+003  3.2400000e+000
  2.2058000e+002  3.1972334e+003  3.0700000e+000
  2.2063000e+002  3.1976884e+003  3.0700000e+000
  2.2068000e+002  3.1981434e+003  3.1400000e+000
  2.2074000e+002  3.1986894e+003  3.1300000e+000
  2.2078000e+002  3.1990534e+003  3.2100000e+000
  2.2083000e+002  3.1995083e+003  3.0500000e+000
  2.2090000e+002  3.2001453e+003  3.1200000e+000
  2.2090000e+002  3.2001453e+003  2.8900000e+000
  2.2093000e+002  3.2004183e+003  3.1600000e+000
  2.2093000e+002  3.2004183e+003  3.1600000e+000
  2.2098000e+002  3.2008733e+003  3.1700000e+000
  2.2098000e+002  3.2008733e+003  3.1500000e+000
  2.2103000e+002  3.2013280e+003  3.2100000e+000
  2.2108000e+002  3.2017819e+003  2.9600000e+000
  2.2108000e+002  3.2017819e+003  3.1900000e+000
  2.2113000e+002  3.2022358e+003  3.1700000e+000
  2.2118000e+002  3.2026897e+003  3.1200000e+000
  2.2128000e+002  3.2035974e+003  3.2000000e+000
  2.2137000e+002  3.2044144e+003  3.1800000e+000
  2.2142000e+002  3.2048683e+003  3.2200000e+000
  2.2147000e+002  3.2053231e+003  3.1800000e+000
  2.2152000e+002  3.2057781e+003  3.1900000e+000
  2.2157000e+002  3.2062331e+003  3.2500000e+000
  2.2162000e+002  3.2066881e+003  2.9700000e+000
  2.2167000e+002  3.2071430e+003  3.1900000e+000
  2.2172000e+002  3.2075980e+003  3.2000000e+000
  2.2177000e+002  3.2080530e+003  3.1900000e+000
  2.2182000e+002  3.2085080e+003  3.2400000e+000
  2.2187000e+002  3.2089623e+003  3.1500000e+000
  2.2192000e+002  3.2094162e+003  3.1600000e+000
  2.2207000e+002  3.2107779e+003  3.0700000e+000
  2.2212000e+002  3.2112317e+003  3.1900000e+000
  2.2217000e+002  3.2116856e+003  3.1300000e+000
  2.2222000e+002  3.2121395e+003  3.0400000e+000
  2.2227000e+002  3.2125938e+003  3.0900000e+000
  2.2232000e+002  3.2130488e+003  3.0300000e+000
  2.2237000e+002  3.2135038e+003  2.8800000e+000
  2.2242000e+002  3.2139588e+003  3.1800000e+000
  2.2247000e+002  3.2144137e+003  3.1100000e+000
  2.2252000e+002  3.2148687e+003  3.1400000e+000
  2.2257000e+002  3.2153237e+003  3.0400000e+000
  2.2262000e+002  3.2157787e+003  3.1000000e+000
  2.2267000e+002  3.2162337e+003  3.2000000e+000
  2.2272000e+002  3.2166887e+003  2.9400000e+000
  2.2277000e+002  3.2171437e+003  2.9200000e+000
  2.2282000e+002  3.2175987e+003  2.8400000e+000
  2.2287000e+002  3.2180536e+003  3.0800000e+000
  2.2292000e+002  3.2185086e+003  3.1100000e+000
  2.2297000e+002  3.2189636e+003  3.1100000e+000
  2.2297000e+002  3.2189636e+003  2.9700000e+000
  2.2302000e+002  3.2194186e+003  2.9900000e+000
  2.2302000e+002  3.2194186e+003  3.0300000e+000
  2.2307000e+002  3.2198736e+003  3.1600000e+000
  2.2307000e+002  3.2198736e+003  3.0500000e+000
  2.2312000e+002  3.2203276e+003  2.9000000e+000
  2.2317000e+002  3.2207815e+003  3.2000000e+000
  2.2322000e+002  3.2212353e+003  3.0800000e+000
  2.2327000e+002  3.2216892e+003  2.9800000e+000
  2.2332000e+002  3.2221431e+003  2.9900000e+000
  2.2337000e+002  3.2225970e+003  3.0300000e+000
  2.2342000e+002  3.2230509e+003  3.0300000e+000
  2.2342000e+002  3.2230509e+003  3.1100000e+000
  2.2347000e+002  3.2235048e+003  3.0200000e+000
  2.2357000e+002  3.2244144e+003  3.0500000e+000
  2.2362000e+002  3.2248694e+003  3.1000000e+000
  2.2367000e+002  3.2253244e+003  3.1600000e+000
  2.2372000e+002  3.2257793e+003  3.0400000e+000
  2.2377000e+002  3.2262343e+003  3.1000000e+000
  2.2382000e+002  3.2266893e+003  3.1200000e+000
  2.2387000e+002  3.2271443e+003  3.1600000e+000
  2.2392000e+002  3.2275988e+003  3.1100000e+000
  2.2392000e+002  3.2275988e+003  3.1100000e+000
  2.2397000e+002  3.2280527e+003  3.0500000e+000
  2.2402000e+002  3.2285066e+003  3.2100000e+000
  2.2407000e+002  3.2289604e+003  3.1400000e+000
  2.2412000e+002  3.2294143e+003  3.0900000e+000
  2.2417000e+002  3.2298682e+003  3.1800000e+000
  2.2422000e+002  3.2303221e+003  3.0900000e+000
  2.2427000e+002  3.2307760e+003  3.1700000e+000
  2.2432000e+002  3.2312301e+003  3.1100000e+000
  2.2437000e+002  3.2316851e+003  3.1800000e+000
  2.2442000e+002  3.2321401e+003  3.2700000e+000
  2.2447000e+002  3.2325951e+003  3.1800000e+000
  2.2452000e+002  3.2330500e+003  3.2100000e+000
  2.2457000e+002  3.2335050e+003  3.1600000e+000
  2.2457000e+002  3.2335050e+003  3.2000000e+000
  2.2462000e+002  3.2339600e+003  3.2800000e+000
  2.2467000e+002  3.2344150e+003  3.3700000e+000
  2.2467000e+002  3.2344150e+003  3.3500000e+000
  2.2472000e+002  3.2348700e+003  3.2600000e+000
  2.2477000e+002  3.2353250e+003  3.2400000e+000
  2.2482000e+002  3.2357800e+003  3.2500000e+000
  2.2487000e+002  3.2362350e+003  3.2500000e+000
  2.2492000e+002  3.2366900e+003  3.3600000e+000
  2.2497000e+002  3.2371449e+003  3.2200000e+000
  2.2507000e+002  3.2380549e+003  3.2300000e+000
  2.2512000e+002  3.2385099e+003  3.1100000e+000
  2.2517000e+002  3.2389640e+003  3.3600000e+000
  2.2522000e+002  3.2394179e+003  3.2200000e+000
  2.2527000e+002  3.2398718e+003  3.1400000e+000
  2.2527000e+002  3.2398718e+003  3.3000000e+000
  2.2532000e+002  3.2403257e+003  3.2000000e+000
  2.2537000e+002  3.2407796e+003  3.1300000e+000
  2.2542000e+002  3.2412334e+003  3.2700000e+000
  2.2547000e+002  3.2416873e+003  3.0800000e+000
  2.2552000e+002  3.2421412e+003  3.0900000e+000
  2.2557000e+002  3.2426233e+003  3.1000000e+000
  2.2562000e+002  3.2431294e+003  3.1200000e+000
  2.2567000e+002  3.2436354e+003  3.2100000e+000
  2.2572000e+002  3.2441415e+003  3.1600000e+000
  2.2572000e+002  3.2441415e+003  3.1500000e+000
  2.2577000e+002  3.2446476e+003  3.0900000e+000
  2.2582000e+002  3.2451537e+003  2.9800000e+000
  2.2587000e+002  3.2456598e+003  3.0500000e+000
  2.2587000e+002  3.2456598e+003  3.0700000e+000
  2.2592000e+002  3.2461659e+003  3.2800000e+000
  2.2597000e+002  3.2466720e+003  3.1600000e+000
  2.2607000e+002  3.2477253e+003  3.0700000e+000
  2.2612000e+002  3.2482920e+003  3.0100000e+000
  2.2617000e+002  3.2488587e+003  3.3100000e+000
  2.2627000e+002  3.2499920e+003  3.0700000e+000
  2.2632000e+002  3.2505587e+003  3.2500000e+000
  2.2642000e+002  3.2516939e+003  3.0900000e+000
  2.2642000e+002  3.2516939e+003  2.9900000e+000
  2.2642000e+002  3.2516939e+003  3.2400000e+000
  2.2657000e+002  3.2533990e+003  3.1300000e+000
  2.2667000e+002  3.2545358e+003  3.3200000e+000
  2.2672000e+002  3.2551042e+003  3.1900000e+000
  2.2677000e+002  3.2556726e+003  3.0800000e+000
  2.2694000e+002  3.2576051e+003  3.2100000e+000
  2.2697000e+002  3.2579461e+003  3.0500000e+000
  2.2702000e+002  3.2585145e+003  3.3700000e+000
  2.2707000e+002  3.2590829e+003  3.0400000e+000
  2.2712000e+002  3.2596513e+003  3.0000000e+000
  2.2717000e+002  3.2602197e+003  3.2800000e+000
  2.2722000e+002  3.2607881e+003  3.3000000e+000
  2.2727000e+002  3.2613565e+003  3.0700000e+000
  2.2732000e+002  3.2619249e+003  3.0200000e+000
  2.2737000e+002  3.2624933e+003  3.1100000e+000
  2.2742000e+002  3.2630616e+003  3.2500000e+000
  2.2747000e+002  3.2636300e+003  3.3300000e+000
  2.2747000e+002  3.2636300e+003  3.2900000e+000
  2.2762000e+002  3.2653352e+003  3.3600000e+000
  2.2767000e+002  3.2659036e+003  3.3500000e+000
  2.2782000e+002  3.2676088e+003  3.3200000e+000
  2.2789000e+002  3.2684045e+003  3.2800000e+000
  2.2789000e+002  3.2684045e+003  3.2200000e+000
  2.2809000e+002  3.2706781e+003  3.4000000e+000
  2.2834000e+002  3.2735200e+003  3.2900000e+000
  2.2854000e+002  3.2755362e+003  3.3900000e+000
  2.2876000e+002  3.2777610e+003  3.3800000e+000
  2.2894000e+002  3.2794746e+003  3.4800000e+000
  2.2914000e+002  3.2812945e+003  3.7500000e+000
  2.2934000e+002  3.2831124e+003  3.9300000e+000
  2.2934000e+002  3.2831124e+003  3.7900000e+000
  2.2954000e+002  3.2849279e+003  3.9200000e+000
  2.2979000e+002  3.2872003e+003  3.8300000e+000
  2.2999000e+002  3.2890202e+003  3.6100000e+000
  2.3019000e+002  3.2908375e+003  3.7100000e+000
  2.3039000e+002  3.2926530e+003  3.7000000e+000
  2.3059000e+002  3.2944710e+003  3.5800000e+000
  2.3080000e+002  3.2963819e+003  3.7800000e+000
  2.3099000e+002  3.2981109e+003  3.6100000e+000
  2.3124000e+002  3.3003858e+003  3.6600000e+000
  2.3144000e+002  3.3022027e+003  3.5400000e+000
  2.3164000e+002  3.3040183e+003  3.6000000e+000
  2.3206000e+002  3.3078385e+003  3.5600000e+000
  2.3221000e+002  3.3092016e+003  3.4500000e+000
  2.3241000e+002  3.3110171e+003  3.5700000e+000
  2.3261000e+002  3.3128343e+003  3.3000000e+000
  2.3286000e+002  3.3151092e+003  3.4000000e+000
  2.3306000e+002  3.3169292e+003  3.3400000e+000
  2.3326000e+002  3.3187491e+003  3.1900000e+000
  2.3346000e+002  3.3205668e+003  3.1000000e+000
  2.3366000e+002  3.3223824e+003  3.1500000e+000
  2.3386000e+002  3.3240629e+003  3.0300000e+000
  2.3406000e+002  3.3253885e+003  2.9500000e+000
  2.3451000e+002  3.3281175e+003  2.7800000e+000
  2.3471000e+002  3.3293292e+003  2.9600000e+000
  2.3491000e+002  3.3305386e+003  3.0000000e+000
  2.3506000e+002  3.3314452e+003  3.0100000e+000
  2.3531000e+002  3.3329616e+003  3.2100000e+000
  2.3551000e+002  3.3341781e+003  3.1300000e+000
  2.3576000e+002  3.3356945e+003  3.0600000e+000
  2.3585000e+002  3.3362397e+003  3.0900000e+000
  2.3612000e+002  3.3378736e+003  3.1700000e+000
  2.3652000e+002  3.3402956e+003  3.3100000e+000
  2.3678000e+002  3.3418771e+003  3.2100000e+000
  2.3692000e+002  3.3427246e+003  3.1100000e+000
  2.3712000e+002  3.3439333e+003  3.1200000e+000
  2.3757000e+002  3.3466580e+003  3.2200000e+000
  2.3777000e+002  3.3478729e+003  3.2800000e+000
  2.3802000e+002  3.3493936e+003  3.1800000e+000
  2.3807000e+002  3.3496969e+003  3.3000000e+000
  2.3877000e+002  3.3539320e+003  3.2800000e+000
  2.3903000e+002  3.3555087e+003  3.1500000e+000
  2.4057000e+002  3.3648450e+003  3.0500000e+000
  2.4087000e+002  3.3666626e+003  3.1500000e+000
  2.4117000e+002  3.3684765e+003  3.3000000e+000
  2.4157000e+002  3.3709029e+003  3.3900000e+000
  2.4185000e+002  3.3726037e+003  3.3800000e+000
  2.4247000e+002  3.3763554e+003  3.5000000e+000
  2.4279000e+002  3.3782978e+003  3.4400000e+000
  2.4307000e+002  3.3799977e+003  3.4300000e+000
  2.4422000e+002  3.3869700e+003  3.2200000e+000
  2.4467000e+002  3.3896902e+003  3.1900000e+000
  2.4512000e+002  3.3924172e+003  3.1200000e+000
  2.4557000e+002  3.3951467e+003  3.1600000e+000
  2.4602000e+002  3.3978730e+003  3.1000000e+000
  2.4647000e+002  3.4006011e+003  3.2200000e+000
  2.4692000e+002  3.4037782e+003  3.0700000e+000
  2.4722000e+002  3.4065015e+003  3.0300000e+000
  2.4722000e+002  3.4065015e+003  3.0400000e+000
  2.4740000e+002  3.4081385e+003  3.1300000e+000
  2.4785000e+002  3.4122295e+003  2.9900000e+000
  2.4830000e+002  3.4163191e+003  3.0300000e+000
  2.4875000e+002  3.4204140e+003  3.1400000e+000
  2.4920000e+002  3.4245025e+003  3.1800000e+000
  2.4963000e+002  3.4284127e+003  3.1900000e+000
  2.5010000e+002  3.4326815e+003  2.9400000e+000
  2.5055000e+002  3.4367754e+003  2.8700000e+000
  2.5100000e+002  3.4408696e+003  2.7700000e+000
  2.5100000e+002  3.4408696e+003  3.0100000e+000
  2.5145000e+002  3.4449561e+003  3.0000000e+000
  2.5190000e+002  3.4488833e+003  3.0000000e+000
  2.5235000e+002  3.4516931e+003  2.9800000e+000
  2.5278000e+002  3.4543081e+003  2.9200000e+000
  2.5370000e+002  3.4598768e+003  3.1600000e+000
  2.5400000e+002  3.4616972e+003  3.2700000e+000
  2.5460000e+002  3.4653323e+003  3.3700000e+000
  2.5501000e+002  3.4678180e+003  3.1500000e+000
  2.5546000e+002  3.4705465e+003  2.8900000e+000
  2.5591000e+002  3.4732691e+003  2.8800000e+000
  2.5636000e+002  3.4760001e+003  2.8200000e+000
  2.5771000e+002  3.4888951e+003  2.7900000e+000
  2.5801000e+002  3.4925301e+003  2.9300000e+000
  2.5861000e+002  3.5015228e+003  3.1100000e+000
  2.5883000e+002  3.5048512e+003  3.0300000e+000
  2.5925000e+002  3.5112117e+003  3.1900000e+000
  2.5973000e+002  3.5184900e+003  3.1600000e+000
  2.6063000e+002  3.5321288e+003  3.1900000e+000
  2.6108000e+002  3.5389395e+003  3.0700000e+000
  2.6198000e+002  3.5534682e+003  2.8900000e+000
  2.6378000e+002  3.5875490e+003  3.1600000e+000
  2.6423000e+002  3.5960785e+003  3.1200000e+000
  2.6468000e+002  3.6045998e+003  2.9500000e+000
  2.6513000e+002  3.6131311e+003  2.9300000e+000
  2.6543000e+002  3.6188119e+003  3.0000000e+000
  2.6656000e+002  3.6402009e+003  2.9100000e+000
  2.6671000e+002  3.6430421e+003  2.9100000e+000
  2.6716000e+002  3.6515726e+003  2.9500000e+000
  2.6761000e+002  3.6600938e+003  3.1000000e+000
  2.6806000e+002  3.6686251e+003  3.2800000e+000
  2.6836000e+002  3.6741819e+003  2.9500000e+000
  2.6896000e+002  3.6816055e+003  2.9200000e+000
  2.6941000e+002  3.6870638e+003  3.2400000e+000
  2.6986000e+002  3.6925151e+003  2.7200000e+000
  2.7031000e+002  3.6979664e+003  2.8100000e+000
  2.7076000e+002  3.7043060e+003  2.9400000e+000
  2.7105000e+002  3.7087007e+003  3.3800000e+000
  2.7150000e+002  3.7155260e+003  3.3700000e+000
  2.7195000e+002  3.7223352e+003  3.0000000e+000
  2.7195000e+002  3.7223352e+003  2.8800000e+000
  2.7240000e+002  3.7296202e+003  3.0700000e+000
  2.7285000e+002  3.7381415e+003  3.0400000e+000
  2.7311000e+002  3.7430702e+003  2.9500000e+000
  2.7356000e+002  3.7515962e+003  2.9200000e+000
  2.7401000e+002  3.7601151e+003  2.9200000e+000
  2.7446000e+002  3.7686298e+003  3.0200000e+000
  2.7491000e+002  3.7771511e+003  3.0400000e+000
  2.7536000e+002  3.7852293e+003  2.8900000e+000
  2.7581000e+002  3.7920393e+003  2.8600000e+000
  2.7626000e+002  3.7988630e+003  2.8000000e+000
  2.7671000e+002  3.8056823e+003  2.8700000e+000
  2.7716000e+002  3.8125017e+003  2.8500000e+000
  2.7761000e+002  3.8193161e+003  2.8600000e+000
  2.7806000e+002  3.8261364e+003  2.8100000e+000
  2.7806000e+002  3.8261364e+003  3.0000000e+000
  2.7851000e+002  3.8329524e+003  3.1100000e+000
  2.7896000e+002  3.8397671e+003  2.6100000e+000
  2.7941000e+002  3.8465937e+003  2.7700000e+000
  2.7986000e+002  3.8534029e+003  2.7400000e+000
  2.8031000e+002  3.8602274e+003  2.8100000e+000
  2.8131000e+002  3.8765496e+003  3.1000000e+000
  2.8146000e+002  3.8793906e+003  3.2300000e+000
  2.8161000e+002  3.8822311e+003  3.1800000e+000
  2.8176000e+002  3.8852006e+003  3.0300000e+000
  2.8191000e+002  3.8882312e+003  2.9700000e+000
  2.8201000e+002  3.8902556e+003  3.0600000e+000
  2.8219000e+002  3.8938979e+003  2.9300000e+000
  2.8236000e+002  3.8973323e+003  2.8100000e+000
  2.8251000e+002  3.9003627e+003  2.8000000e+000
  2.8266000e+002  3.9034300e+003  2.8800000e+000
  2.8281000e+002  3.9068300e+003  2.8100000e+000
  2.8311000e+002  3.9144022e+003  2.8300000e+000
  2.8326000e+002  3.9182010e+003  2.8300000e+000
  2.8341000e+002  3.9219932e+003  2.7500000e+000
  2.8356000e+002  3.9257822e+003  2.9300000e+000
  2.8371000e+002  3.9295656e+003  2.9100000e+000
  2.8386000e+002  3.9333490e+003  2.8700000e+000
  2.8416000e+002  3.9409205e+003  2.9100000e+000
  2.8431000e+002  3.9447092e+003  3.0300000e+000
  2.8439000e+002  3.9467270e+003  2.7900000e+000
  2.8454000e+002  3.9505107e+003  3.0100000e+000
  2.8469000e+002  3.9543094e+003  2.9500000e+000
  2.8484000e+002  3.9581047e+003  2.9600000e+000
  2.8499000e+002  3.9618942e+003  2.9600000e+000
  2.8514000e+002  3.9656793e+003  2.9300000e+000
  2.8529000e+002  3.9694627e+003  2.8300000e+000
  2.8544000e+002  3.9732461e+003  3.0000000e+000
  2.8559000e+002  3.9770321e+003  3.0000000e+000
  2.8574000e+002  3.9808216e+003  2.8200000e+000
  2.8589000e+002  3.9846063e+003  2.9600000e+000
  2.8589000e+002  3.9846063e+003  2.9400000e+000
  2.8604000e+002  3.9883918e+003  3.0700000e+000
  2.8619000e+002  3.9921906e+003  3.1300000e+000
  2.8634000e+002  3.9959847e+003  3.1400000e+000
  2.8649000e+002  3.9997742e+003  3.2500000e+000
  2.8649000e+002  3.9997742e+003  2.9700000e+000
  2.8664000e+002  4.0035585e+003  2.9000000e+000
  2.8679000e+002  4.0073419e+003  2.9000000e+000
  2.8694000e+002  4.0111253e+003  2.8700000e+000
  2.8709000e+002  4.0153655e+003  2.8600000e+000
  2.8724000e+002  4.0210292e+003  2.9100000e+000
  2.8739000e+002  4.0267243e+003  2.9600000e+000
  2.8754000e+002  4.0324016e+003  3.0900000e+000
  2.8769000e+002  4.0380927e+003  3.2100000e+000
  2.8784000e+002  4.0437692e+003  2.9900000e+000
  2.8785000e+002  4.0441468e+003  2.9400000e+000
  2.8800000e+002  4.0498158e+003  2.9000000e+000
  2.8815000e+002  4.0555011e+003  2.9700000e+000
  2.8828000e+002  4.0604303e+003  2.9700000e+000
  2.8845000e+002  4.0668622e+003  2.9700000e+000
  2.8860000e+002  4.0725605e+003  3.0300000e+000
  2.8875000e+002  4.0782278e+003  3.1500000e+000
  2.8890000e+002  4.0839256e+003  3.0300000e+000
  2.8905000e+002  4.0895984e+003  3.0000000e+000
  2.8905000e+002  4.0895984e+003  2.9600000e+000
  2.8920000e+002  4.0952628e+003  3.0100000e+000
  2.8920000e+002  4.0952628e+003  3.0300000e+000
  2.8935000e+002  4.1009545e+003  3.0300000e+000
  2.8950000e+002  4.1066344e+003  2.9200000e+000
  2.8965000e+002  4.1115574e+003  2.9000000e+000
  2.8980000e+002  4.1153409e+003  2.8800000e+000
  2.8995000e+002  4.1191268e+003  2.8500000e+000
  2.9010000e+002  4.1229163e+003  3.1500000e+000
  2.9025000e+002  4.1267130e+003  2.9600000e+000
  2.9040000e+002  4.1305097e+003  2.9000000e+000
  2.9055000e+002  4.1342931e+003  2.8800000e+000
  2.9070000e+002  4.1380795e+003  2.9600000e+000
  2.9085000e+002  4.1418689e+003  2.9700000e+000
  2.9100000e+002  4.1456533e+003  3.0300000e+000
  2.9115000e+002  4.1494367e+003  2.8500000e+000
  2.9127000e+002  4.1524634e+003  2.9000000e+000
  2.9145000e+002  4.1570068e+003  3.0100000e+000
  2.9160000e+002  4.1607963e+003  2.9800000e+000
  2.9175000e+002  4.1645942e+003  2.8300000e+000
  2.9190000e+002  4.1683889e+003  3.0100000e+000
  2.9205000e+002  4.1721723e+003  2.9100000e+000
  2.9220000e+002  4.1759595e+003  2.9700000e+000
  2.9235000e+002  4.1797489e+003  2.8100000e+000
  2.9250000e+002  4.1835325e+003  2.9600000e+000
  2.9265000e+002  4.1873159e+003  2.9000000e+000
  2.9275000e+002  4.1898382e+003  2.9000000e+000
  2.9275000e+002  4.1898382e+003  2.9800000e+000
  2.9295000e+002  4.1948868e+003  3.0500000e+000
  2.9310000e+002  4.1986761e+003  3.2000000e+000
  2.9325000e+002  4.2024595e+003  2.8500000e+000
  2.9340000e+002  4.2062489e+003  2.8700000e+000
  2.9340000e+002  4.2062489e+003  2.9400000e+000
  2.9355000e+002  4.2100476e+003  3.0200000e+000
  2.9370000e+002  4.2138395e+003  2.9600000e+000
  2.9385000e+002  4.2176283e+003  2.9800000e+000
  2.9400000e+002  4.2214117e+003  2.8800000e+000
  2.9415000e+002  4.2251951e+003  2.9200000e+000
  2.9428000e+002  4.2284741e+003  2.7900000e+000
  2.9445000e+002  4.2327668e+003  2.8500000e+000
  2.9460000e+002  4.2365553e+003  2.8400000e+000
  2.9475000e+002  4.2403387e+003  2.8600000e+000
  2.9490000e+002  4.2441300e+003  2.9000000e+000
  2.9490000e+002  4.2441300e+003  2.8300000e+000
  2.9505000e+002  4.2479288e+003  2.7700000e+000
  2.9505000e+002  4.2479288e+003  2.7900000e+000
  2.9520000e+002  4.2517195e+003  3.0700000e+000
  2.9550000e+002  4.2592910e+003  3.0000000e+000
  2.9565000e+002  4.2630744e+003  2.8400000e+000
  2.9565000e+002  4.2630744e+003  2.9600000e+000
  2.9580000e+002  4.2668578e+003  2.9600000e+000
  2.9595000e+002  4.2706468e+003  2.8400000e+000
  2.9610000e+002  4.2744346e+003  3.0000000e+000
  2.9625000e+002  4.2782180e+003  3.1500000e+000
  2.9641000e+002  4.2822645e+003  3.0900000e+000
  2.9654000e+002  4.2855567e+003  2.8000000e+000
  2.9670000e+002  4.2895995e+003  2.8900000e+000
  2.9675000e+002  4.2908626e+003  2.9700000e+000
  2.9690000e+002  4.2946479e+003  3.2800000e+000
  2.9705000e+002  4.2984313e+003  3.1400000e+000
  2.9720000e+002  4.3022147e+003  3.1300000e+000
  2.9733000e+002  4.3054953e+003  2.9700000e+000
  2.9750000e+002  4.3097900e+003  2.9700000e+000
  2.9765000e+002  4.3135749e+003  2.9300000e+000
  2.9780000e+002  4.3173599e+003  2.9000000e+000
  2.9795000e+002  4.3211587e+003  2.9500000e+000
  2.9810000e+002  4.3249532e+003  2.9400000e+000
  2.9825000e+002  4.3287426e+003  2.9200000e+000
  2.9840000e+002  4.3325272e+003  2.9800000e+000
  2.9855000e+002  4.3363106e+003  2.7200000e+000
  2.9870000e+002  4.3400940e+003  2.7900000e+000
  2.9885000e+002  4.3442880e+003  3.0000000e+000
  2.9900000e+002  4.3499226e+003  2.8000000e+000
  2.9915000e+002  4.3556164e+003  2.8800000e+000
  2.9930000e+002  4.3612947e+003  3.0900000e+000
  2.9945000e+002  4.3669613e+003  3.0700000e+000
  2.9960000e+002  4.3726449e+003  2.9800000e+000
  2.9975000e+002  4.3783307e+003  2.8700000e+000
  2.9990000e+002  4.3840133e+003  3.0400000e+000
  3.0005000e+002  4.3897013e+003  3.0000000e+000
  3.0020000e+002  4.3953734e+003  3.0400000e+000
  3.0033000e+002  4.4003198e+003  3.0000000e+000
  3.0050000e+002  4.4067400e+003  3.0500000e+000
  3.0065000e+002  4.4124382e+003  3.0500000e+000
  3.0082000e+002  4.4188696e+003  2.9500000e+000
  3.0095000e+002  4.4237787e+003  2.9800000e+000
  3.0110000e+002  4.4285363e+003  3.0500000e+000
  3.0125000e+002  4.4323258e+003  2.9700000e+000
  3.0140000e+002  4.4361121e+003  3.1700000e+000
  3.0155000e+002  4.4398955e+003  2.9600000e+000
  3.0170000e+002  4.4436923e+003  3.0100000e+000
  3.0183000e+002  4.4469837e+003  3.0900000e+000
  3.0200000e+002  4.4512784e+003  2.9400000e+000
  3.0212000e+002  4.4543077e+003  3.0500000e+000
  3.0245000e+002  4.4626312e+003  2.8700000e+000
  3.0260000e+002  4.4664163e+003  2.9900000e+000
  3.0275000e+002  4.4702058e+003  3.0100000e+000
  3.0290000e+002  4.4739914e+003  2.9400000e+000
  3.0305000e+002  4.4777748e+003  3.0400000e+000
  3.0320000e+002  4.4815735e+003  3.0400000e+000
  3.0333000e+002  4.4848637e+003  3.0300000e+000
  3.0350000e+002  4.4891584e+003  3.1500000e+000
  3.0365000e+002  4.4929436e+003  3.2700000e+000
  3.0380000e+002  4.4967270e+003  3.2000000e+000
  3.0395000e+002  4.5005104e+003  3.2000000e+000
  3.0410000e+002  4.5042963e+003  3.2900000e+000
  3.0425000e+002  4.5080858e+003  3.2600000e+000
  3.0440000e+002  4.5118706e+003  3.1500000e+000
  3.0455000e+002  4.5156559e+003  3.0400000e+000
  3.0470000e+002  4.5194546e+003  2.9300000e+000
  3.0483000e+002  4.5227437e+003  3.0100000e+000
  3.0500000e+002  4.5270384e+003  2.9700000e+000
  3.0515000e+002  4.5308228e+003  2.9300000e+000
  3.0530000e+002  4.5346062e+003  2.9000000e+000
  3.0545000e+002  4.5383896e+003  2.9500000e+000
  3.0560000e+002  4.5421763e+003  2.9200000e+000
  3.0575000e+002  4.5459658e+003  3.0200000e+000
  3.0590000e+002  4.5497498e+003  2.9700000e+000
  3.0605000e+002  4.5535370e+003  2.9700000e+000
  3.0620000e+002  4.5573358e+003  3.0000000e+000
  3.0625000e+002  4.5586021e+003  2.8900000e+000
  3.0640000e+002  4.5623921e+003  2.9000000e+000
  3.0655000e+002  4.5661798e+003  2.9100000e+000
  3.0670000e+002  4.5699632e+003  2.9800000e+000
  3.0685000e+002  4.5737466e+003  3.1500000e+000
  3.0700000e+002  4.5775300e+003  3.2400000e+000
