  2.0000000e-002  0.0000000e+000  2.8800000e+000
  7.0000000e-002  9.2000000e-001  2.9100000e+000
  1.2000000e-001  1.8500000e+000  2.9100000e+000
  1.7000000e-001  2.7700000e+000  2.9100000e+000
  2.2000000e-001  3.6900000e+000  2.8400000e+000
  2.7000000e-001  4.6100000e+000  2.8600000e+000
  3.2000000e-001  5.5400000e+000  2.8300000e+000
  3.7000000e-001  6.4600000e+000  2.9100000e+000
  4.2000000e-001  7.3800000e+000  2.9000000e+000
  4.7000000e-001  8.3000000e+000  2.8300000e+000
  5.2000000e-001  9.2500000e+000  3.0300000e+000
  5.7000000e-001  1.0430000e+001  2.7500000e+000
  6.7000000e-001  1.3190000e+001  3.4200000e+000
  7.2000000e-001  1.4800000e+001  4.4600000e+000
  7.7000000e-001  1.6530000e+001  4.4700000e+000
  8.2000000e-001  1.8730000e+001  4.5400000e+000
  8.7000000e-001  2.1610000e+001  4.4000000e+000
  9.2000000e-001  2.4490000e+001  4.3800000e+000
  1.0200000e+000  3.0260000e+001  4.2300000e+000
  1.0700000e+000  3.3140000e+001  4.2200000e+000
  1.1200000e+000  3.5900000e+001  4.1800000e+000
  1.1700000e+000  3.8200000e+001  4.1300000e+000
  1.2200000e+000  4.0510000e+001  4.1100000e+000
  1.2700000e+000  4.2820000e+001  3.9600000e+000
  1.3200000e+000  4.5120000e+001  3.8600000e+000
  1.3700000e+000  4.7080000e+001  4.1500000e+000
  1.4200000e+000  4.8920000e+001  4.2400000e+000
  1.4700000e+000  5.0770000e+001  4.3100000e+000
  1.5200000e+000  5.2610000e+001  3.9900000e+000
  1.5700000e+000  5.4460000e+001  4.1200000e+000
  1.6200000e+000  5.6300000e+001  4.1300000e+000
  1.6700000e+000  5.8150000e+001  3.9300000e+000
  1.7200000e+000  5.9990000e+001  4.4700000e+000
  1.7700000e+000  6.1840000e+001  4.9200000e+000
  1.8200000e+000  6.3690000e+001  4.5700000e+000
  1.8700000e+000  6.5930000e+001  4.3400000e+000
  1.9200000e+000  6.8230000e+001  3.9700000e+000
  1.9700000e+000  7.0540000e+001  3.9700000e+000
  2.0200000e+000  7.2850000e+001  4.2100000e+000
  2.0700000e+000  7.5150000e+001  4.0300000e+000
  2.1200000e+000  7.7980000e+001  4.1900000e+000
  2.1700000e+000  8.0870000e+001  3.7300000e+000
  2.2200000e+000  8.3930000e+001  3.7100000e+000
  2.2700000e+000  8.7010000e+001  3.7000000e+000
  2.3200000e+000  9.0080000e+001  3.6300000e+000
  2.3700000e+000  9.3160000e+001  3.5600000e+000
  2.4700000e+000  9.9310000e+001  3.3100000e+000
  2.5200000e+000  1.0238000e+002  2.6200000e+000
  2.6200000e+000  1.0853000e+002  3.7900000e+000
  2.7200000e+000  1.1458000e+002  2.8700000e+000
  2.7700000e+000  1.1746000e+002  2.8600000e+000
  2.8200000e+000  1.2035000e+002  3.2800000e+000
  2.8700000e+000  1.2323000e+002  3.1200000e+000
  2.9200000e+000  1.2622000e+002  2.7300000e+000
  2.9700000e+000  1.2933000e+002  3.6600000e+000
  3.0200000e+000  1.3283000e+002  4.0800000e+000
  3.1200000e+000  1.4113000e+002  4.6200000e+000
  3.2200000e+000  1.5266000e+002  4.5500000e+000
  3.2700000e+000  1.5825000e+002  4.3100000e+000
  3.3200000e+000  1.6236000e+002  3.8500000e+000
  3.3700000e+000  1.6621000e+002  3.9300000e+000
  3.4200000e+000  1.7005000e+002  4.1700000e+000
  3.4700000e+000  1.7390000e+002  4.0500000e+000
  3.5200000e+000  1.7774000e+002  4.2700000e+000
  3.5700000e+000  1.8158000e+002  4.1200000e+000
  3.6200000e+000  1.8515000e+002  4.2200000e+000
  3.6700000e+000  1.8834000e+002  3.8600000e+000
  3.7200000e+000  1.9137000e+002  3.8300000e+000
  3.7700000e+000  1.9425000e+002  3.6700000e+000
  3.8200000e+000  1.9698000e+002  3.2700000e+000
  3.8700000e+000  1.9929000e+002  3.1600000e+000
  3.9200000e+000  2.0160000e+002  3.0200000e+000
  3.9700000e+000  2.0390000e+002  2.9800000e+000
  4.0200000e+000  2.0638000e+002  3.3500000e+000
  4.0700000e+000  2.0926000e+002  3.1800000e+000
  4.1200000e+000  2.1215000e+002  3.2900000e+000
  4.1700000e+000  2.1503000e+002  3.3300000e+000
  4.2200000e+000  2.1791000e+002  3.1700000e+000
  4.2700000e+000  2.2080000e+002  3.9000000e+000
  4.3200000e+000  2.2347000e+002  3.2800000e+000
  4.3700000e+000  2.2538000e+002  3.1400000e+000
  4.4200000e+000  2.2723000e+002  3.3900000e+000
  4.4700000e+000  2.2903000e+002  3.2300000e+000
  4.5200000e+000  2.3076000e+002  3.2300000e+000
  4.5700000e+000  2.3249000e+002  3.5000000e+000
  4.6200000e+000  2.3422000e+002  3.1500000e+000
  4.6700000e+000  2.3595000e+002  3.0100000e+000
  4.7200000e+000  2.3768000e+002  3.0400000e+000
  4.7700000e+000  2.3941000e+002  3.0900000e+000
  4.8200000e+000  2.4114000e+002  3.7600000e+000
  4.8700000e+000  2.4292000e+002  3.2200000e+000
  4.9200000e+000  2.4477000e+002  3.2000000e+000
  4.9700000e+000  2.4661000e+002  4.0900000e+000
  5.0200000e+000  2.4920000e+002  3.8500000e+000
  5.0700000e+000  2.5208000e+002  4.0400000e+000
  5.1200000e+000  2.5506000e+002  4.0800000e+000
  5.1700000e+000  2.5814000e+002  4.1800000e+000
  5.2200000e+000  2.6121000e+002  4.4700000e+000
  5.2700000e+000  2.6429000e+002  4.4800000e+000
  5.3200000e+000  2.6736000e+002  3.8500000e+000
  5.3700000e+000  2.7044000e+002  3.7800000e+000
  5.4200000e+000  2.7352000e+002  3.4800000e+000
  5.4700000e+000  2.7659000e+002  4.1100000e+000
  5.5200000e+000  2.7967000e+002  4.1400000e+000
  5.5700000e+000  2.8274000e+002  3.5500000e+000
  5.6200000e+000  2.8582000e+002  3.6800000e+000
  5.6700000e+000  2.8889000e+002  3.6800000e+000
  5.7200000e+000  2.9197000e+002  3.7100000e+000
  5.7700000e+000  2.9504000e+002  3.5800000e+000
  5.8200000e+000  2.9812000e+002  3.8100000e+000
  5.8700000e+000  3.0107000e+002  3.6600000e+000
  6.0200000e+000  3.0820000e+002  3.2800000e+000
  6.0700000e+000  3.1004000e+002  3.4300000e+000
  6.1200000e+000  3.1181000e+002  3.3800000e+000
  6.1700000e+000  3.1354000e+002  3.3800000e+000
  6.2200000e+000  3.1527000e+002  3.1200000e+000
  6.3200000e+000  3.1872000e+002  3.2000000e+000
  6.3700000e+000  3.2045000e+002  3.2700000e+000
  6.4200000e+000  3.2204000e+002  3.1600000e+000
  6.4700000e+000  3.2357000e+002  3.1500000e+000
  6.5200000e+000  3.2511000e+002  3.2100000e+000
  6.5700000e+000  3.2665000e+002  3.6400000e+000
  6.6200000e+000  3.2819000e+002  3.5500000e+000
  6.6700000e+000  3.2972000e+002  3.3900000e+000
  6.7200000e+000  3.3126000e+002  3.3700000e+000
  6.7700000e+000  3.3287000e+002  3.1300000e+000
  6.8200000e+000  3.3460000e+002  3.4100000e+000
  6.8700000e+000  3.3637000e+002  3.7700000e+000
  6.9200000e+000  3.3821000e+002  3.8200000e+000
  6.9700000e+000  3.4006000e+002  4.2000000e+000
  7.0200000e+000  3.4231000e+002  4.1600000e+000
  7.0700000e+000  3.4462000e+002  4.1500000e+000
  7.1200000e+000  3.4674000e+002  3.8700000e+000
  7.1700000e+000  3.4858000e+002  4.1200000e+000
  7.2200000e+000  3.5043000e+002  4.2800000e+000
  7.2700000e+000  3.5227000e+002  4.1200000e+000
  7.3200000e+000  3.5412000e+002  3.6900000e+000
  7.3700000e+000  3.5596000e+002  3.8700000e+000
  7.4200000e+000  3.5781000e+002  4.2000000e+000
  7.4700000e+000  3.5965000e+002  4.3300000e+000
  7.5200000e+000  3.6195000e+002  4.3800000e+000
  7.5700000e+000  3.6426000e+002  4.2500000e+000
  7.6200000e+000  3.6657000e+002  4.1000000e+000
  7.6700000e+000  3.6887000e+002  4.0400000e+000
  7.6900000e+000  3.6979000e+002  4.2600000e+000
  7.7400000e+000  3.7167000e+002  3.9700000e+000
  7.7900000e+000  3.7352000e+002  3.8600000e+000
  7.8400000e+000  3.7531000e+002  3.4800000e+000
  7.8900000e+000  3.7704000e+002  3.5400000e+000
  7.9400000e+000  3.7868000e+002  3.2500000e+000
  7.9900000e+000  3.8021000e+002  3.7600000e+000
  8.0400000e+000  3.8160000e+002  4.0200000e+000
  8.0900000e+000  3.8298000e+002  3.8900000e+000
  8.1400000e+000  3.8437000e+002  4.1000000e+000
  8.2400000e+000  3.8713000e+002  3.7200000e+000
  8.2900000e+000  3.8852000e+002  3.4600000e+000
  8.3900000e+000  3.9129000e+002  3.5800000e+000
  8.4400000e+000  3.9267000e+002  3.4800000e+000
  8.7400000e+000  3.9999000e+002  2.7400000e+000
  8.8400000e+000  4.0184000e+002  2.7300000e+000
  8.8900000e+000  4.0276000e+002  2.6300000e+000
  9.1900000e+000  4.0830000e+002  3.0700000e+000
  9.3400000e+000  4.1107000e+002  2.7900000e+000
  9.3900000e+000  4.1199000e+002  2.7900000e+000
  9.4400000e+000  4.1291000e+002  2.9600000e+000
  9.6400000e+000  4.1660000e+002  2.8200000e+000
  9.7400000e+000  4.1845000e+002  3.8500000e+000
  9.8400000e+000  4.2029000e+002  3.1700000e+000
  1.0090000e+001  4.2532000e+002  4.4500000e+000
  1.0140000e+001  4.2670000e+002  3.7000000e+000
  1.0240000e+001  4.2962000e+002  4.3900000e+000
  1.0290000e+001  4.3124000e+002  4.5400000e+000
  1.0340000e+001  4.3297000e+002  4.8800000e+000
  1.0440000e+001  4.3643000e+002  5.2100000e+000
  1.0490000e+001  4.3816000e+002  5.0300000e+000
  1.0590000e+001  4.4162000e+002  5.2500000e+000
  1.0640000e+001  4.4335000e+002  4.1400000e+000
  1.0690000e+001  4.4508000e+002  4.2900000e+000
  1.0740000e+001  4.4681000e+002  4.3300000e+000
  1.0790000e+001  4.4854000e+002  4.1100000e+000
  1.0840000e+001  4.5027000e+002  4.7300000e+000
  1.0990000e+001  4.5534000e+002  3.9100000e+000
  1.1040000e+001  4.5688000e+002  4.4000000e+000
  1.1090000e+001  4.5842000e+002  3.3700000e+000
  1.1140000e+001  4.5996000e+002  4.1800000e+000
  1.1440000e+001  4.6908000e+002  4.0600000e+000
  1.1490000e+001  4.7046000e+002  4.1500000e+000
  1.1540000e+001  4.7185000e+002  3.9700000e+000
  1.1590000e+001  4.7323000e+002  4.3000000e+000
  1.1640000e+001  4.7461000e+002  3.9300000e+000
  1.1690000e+001  4.7600000e+002  3.7600000e+000
  1.1740000e+001  4.7738000e+002  3.7300000e+000
  1.1790000e+001  4.7877000e+002  3.5500000e+000
  1.1840000e+001  4.8015000e+002  3.5700000e+000
  1.1890000e+001  4.8153000e+002  3.7800000e+000
  1.1990000e+001  4.8430000e+002  3.5400000e+000
  1.2040000e+001  4.8569000e+002  3.3500000e+000
  1.2140000e+001  4.8845000e+002  2.9800000e+000
  1.2190000e+001  4.8984000e+002  3.3500000e+000
  1.2240000e+001  4.9122000e+002  3.4100000e+000
  1.2290000e+001  4.9261000e+002  3.5900000e+000
  1.2340000e+001  4.9399000e+002  3.4500000e+000
  1.2390000e+001  4.9537000e+002  3.5300000e+000
  1.2440000e+001  4.9676000e+002  3.5500000e+000
  1.2490000e+001  4.9814000e+002  3.5200000e+000
  1.2540000e+001  4.9953000e+002  3.5400000e+000
  1.2690000e+001  5.0368000e+002  3.5300000e+000
  1.2740000e+001  5.0506000e+002  3.5300000e+000
  1.2790000e+001  5.0644000e+002  3.7200000e+000
  1.2840000e+001  5.0783000e+002  3.9500000e+000
  1.2890000e+001  5.0921000e+002  3.9000000e+000
  1.3040000e+001  5.1336000e+002  4.1000000e+000
  1.3090000e+001  5.1475000e+002  3.8600000e+000
  1.3140000e+001  5.1613000e+002  3.8100000e+000
  1.3190000e+001  5.1752000e+002  3.8600000e+000
  1.3240000e+001  5.1890000e+002  3.7400000e+000
  1.3290000e+001  5.2028000e+002  3.7800000e+000
  1.3340000e+001  5.2167000e+002  3.7100000e+000
  1.3390000e+001  5.2305000e+002  3.6400000e+000
  1.3490000e+001  5.2582000e+002  3.6300000e+000
  1.3990000e+001  5.3966000e+002  3.7000000e+000
  1.4040000e+001  5.4104000e+002  4.2400000e+000
  1.4090000e+001  5.4242000e+002  4.1600000e+000
  1.4140000e+001  5.4381000e+002  4.1100000e+000
  1.4190000e+001  5.4519000e+002  4.7000000e+000
  1.4240000e+001  5.4658000e+002  4.7000000e+000
  1.4290000e+001  5.4796000e+002  4.3000000e+000
  1.4340000e+001  5.4934000e+002  4.5000000e+000
  1.4390000e+001  5.5073000e+002  4.2600000e+000
  1.4490000e+001  5.5350000e+002  4.1000000e+000
  1.4540000e+001  5.5488000e+002  4.1000000e+000
  1.4590000e+001  5.5626000e+002  4.1800000e+000
  1.4640000e+001  5.5770000e+002  4.2700000e+000
  1.4690000e+001  5.5923000e+002  4.3400000e+000
  1.4740000e+001  5.6093000e+002  4.0700000e+000
  1.4790000e+001  5.6266000e+002  4.3600000e+000
  1.4840000e+001  5.6449000e+002  3.8900000e+000
  1.4890000e+001  5.6634000e+002  4.0000000e+000
  1.4940000e+001  5.6818000e+002  3.4200000e+000
  1.5090000e+001  5.7413000e+002  3.5600000e+000
  1.5140000e+001  5.7644000e+002  3.0300000e+000
  1.5240000e+001  5.8085000e+002  4.0700000e+000
  1.5290000e+001  5.8269000e+002  3.3200000e+000
  1.5340000e+001  5.8454000e+002  4.1200000e+000
  1.5390000e+001  5.8639000e+002  3.3400000e+000
  1.5440000e+001  5.8823000e+002  4.3900000e+000
  1.5490000e+001  5.9030000e+002  4.1500000e+000
  1.5540000e+001  5.9289000e+002  3.6000000e+000
  1.5640000e+001  5.9866000e+002  3.6200000e+000
  1.5690000e+001  6.0154000e+002  3.3700000e+000
  1.5740000e+001  6.0443000e+002  3.1400000e+000
  1.5790000e+001  6.0731000e+002  3.4500000e+000
  1.5850000e+001  6.1077000e+002  3.3200000e+000
  1.5900000e+001  6.1365000e+002  2.9900000e+000
  1.5950000e+001  6.1653000e+002  3.3000000e+000
  1.6000000e+001  6.1941000e+002  3.2900000e+000
  1.6050000e+001  6.2230000e+002  4.0100000e+000
  1.6100000e+001  6.2518000e+002  4.9500000e+000
  1.6150000e+001  6.2745000e+002  5.0300000e+000
  1.6240000e+001  6.3077000e+002  4.7500000e+000
  1.6280000e+001  6.3224000e+002  4.7200000e+000
  1.6430000e+001  6.3778000e+002  4.8000000e+000
  1.6530000e+001  6.4147000e+002  4.7500000e+000
  1.6580000e+001  6.4332000e+002  4.4900000e+000
  1.6630000e+001  6.4516000e+002  4.6000000e+000
  1.6680000e+001  6.4701000e+002  4.2800000e+000
  1.6730000e+001  6.4885000e+002  4.2300000e+000
  1.6780000e+001  6.5070000e+002  4.2700000e+000
  1.6830000e+001  6.5254000e+002  4.1600000e+000
  1.6880000e+001  6.5439000e+002  4.2500000e+000
  1.6930000e+001  6.5623000e+002  4.1700000e+000
  1.7030000e+001  6.5992000e+002  4.3500000e+000
  1.7080000e+001  6.6177000e+002  4.7500000e+000
  1.7130000e+001  6.6360000e+002  4.4900000e+000
  1.7180000e+001  6.6533000e+002  4.5300000e+000
  1.7230000e+001  6.6706000e+002  4.7500000e+000
  1.7280000e+001  6.6879000e+002  4.6600000e+000
  1.7330000e+001  6.7052000e+002  4.3400000e+000
  1.7380000e+001  6.7225000e+002  4.3900000e+000
  1.7430000e+001  6.7398000e+002  4.4600000e+000
  1.7480000e+001  6.7571000e+002  4.3200000e+000
  1.7530000e+001  6.7744000e+002  4.1900000e+000
  1.7580000e+001  6.7917000e+002  3.5000000e+000
  1.7630000e+001  6.8090000e+002  4.1500000e+000
  1.7680000e+001  6.8263000e+002  3.5900000e+000
  1.7730000e+001  6.8436000e+002  3.3600000e+000
  1.7780000e+001  6.8609000e+002  3.4100000e+000
  1.7830000e+001  6.8777000e+002  3.3500000e+000
  1.7880000e+001  6.8930000e+002  3.4300000e+000
  1.7930000e+001  6.9084000e+002  3.4200000e+000
  1.7980000e+001  6.9238000e+002  3.5100000e+000
  1.8030000e+001  6.9392000e+002  3.4500000e+000
  1.8080000e+001  6.9546000e+002  3.4600000e+000
  1.8130000e+001  6.9699000e+002  3.5300000e+000
  1.8180000e+001  6.9853000e+002  3.5600000e+000
  1.8230000e+001  7.0007000e+002  3.6000000e+000
  1.8280000e+001  7.0161000e+002  3.7300000e+000
  1.8330000e+001  7.0314000e+002  3.7100000e+000
  1.8380000e+001  7.0468000e+002  3.6000000e+000
  1.8430000e+001  7.0622000e+002  3.5100000e+000
  1.8480000e+001  7.0776000e+002  3.6900000e+000
  1.8530000e+001  7.0947000e+002  3.6100000e+000
  1.8580000e+001  7.1120000e+002  3.3300000e+000
  1.8630000e+001  7.1303000e+002  3.5800000e+000
  1.8680000e+001  7.1488000e+002  3.7800000e+000
  1.8730000e+001  7.1692000e+002  3.9500000e+000
  1.8780000e+001  7.1923000e+002  3.7700000e+000
  1.8880000e+001  7.2496000e+002  3.8600000e+000
  1.8930000e+001  7.2803000e+002  3.7100000e+000
  1.8980000e+001  7.3111000e+002  3.6000000e+000
  1.9030000e+001  7.3418000e+002  3.6500000e+000
  1.9080000e+001  7.3764000e+002  3.7800000e+000
  1.9130000e+001  7.4110000e+002  3.5500000e+000
  1.9180000e+001  7.4456000e+002  4.2100000e+000
  1.9230000e+001  7.4802000e+002  4.1900000e+000
  1.9280000e+001  7.5146000e+002  4.0700000e+000
  1.9330000e+001  7.5454000e+002  3.5200000e+000
  1.9380000e+001  7.5750000e+002  3.6800000e+000
  1.9430000e+001  7.6039000e+002  3.8300000e+000
  1.9480000e+001  7.6294000e+002  3.4200000e+000
  1.9530000e+001  7.6497000e+002  3.4400000e+000
  1.9580000e+001  7.6681000e+002  3.5500000e+000
  1.9630000e+001  7.6864000e+002  3.3700000e+000
  1.9660000e+001  7.6968000e+002  3.3600000e+000
  1.9680000e+001  7.7037000e+002  3.2700000e+000
  1.9730000e+001  7.7208000e+002  3.2700000e+000
  1.9780000e+001  7.7362000e+002  3.2300000e+000
  1.9830000e+001  7.7515000e+002  3.1400000e+000
  1.9880000e+001  7.7669000e+002  3.1800000e+000
  1.9930000e+001  7.7823000e+002  3.1800000e+000
  1.9980000e+001  7.7977000e+002  3.1000000e+000
  2.0030000e+001  7.8131000e+002  3.1200000e+000
  2.0080000e+001  7.8284000e+002  3.1200000e+000
  2.0130000e+001  7.8452000e+002  3.0900000e+000
  2.0180000e+001  7.8625000e+002  3.1200000e+000
  2.0230000e+001  7.8806000e+002  3.1000000e+000
  2.0330000e+001  7.9187000e+002  3.7000000e+000
  2.0430000e+001  7.9750000e+002  4.3800000e+000
  2.0530000e+001  8.0326000e+002  4.5300000e+000
  2.0580000e+001  8.0615000e+002  4.0500000e+000
  2.0630000e+001  8.0903000e+002  3.8900000e+000
  2.0680000e+001  8.1129000e+002  3.9500000e+000
  2.0730000e+001  8.1314000e+002  3.5000000e+000
  2.0780000e+001  8.1498000e+002  3.0800000e+000
  2.0830000e+001  8.1673000e+002  3.4100000e+000
  2.0930000e+001  8.2002000e+002  3.1200000e+000
  2.0980000e+001  8.2150000e+002  3.2600000e+000
  2.1030000e+001  8.2288000e+002  4.2000000e+000
  2.1080000e+001  8.2427000e+002  3.4700000e+000
  2.1130000e+001  8.2565000e+002  3.4700000e+000
  2.1180000e+001  8.2703000e+002  3.6700000e+000
  2.1230000e+001  8.2842000e+002  3.4200000e+000
  2.1280000e+001  8.2980000e+002  3.5900000e+000
  2.1330000e+001  8.3119000e+002  3.9300000e+000
  2.1380000e+001  8.3257000e+002  3.4200000e+000
  2.1480000e+001  8.3534000e+002  3.4900000e+000
  2.1530000e+001  8.3672000e+002  3.5300000e+000
  2.1580000e+001  8.3811000e+002  3.5100000e+000
  2.1630000e+001  8.3949000e+002  3.6900000e+000
  2.1680000e+001  8.4087000e+002  3.6000000e+000
  2.1730000e+001  8.4226000e+002  3.2600000e+000
  2.1780000e+001  8.4364000e+002  3.1400000e+000
  2.1830000e+001  8.4502000e+002  3.1400000e+000
  2.1880000e+001  8.4641000e+002  3.1600000e+000
  2.1930000e+001  8.4779000e+002  3.0700000e+000
  2.1980000e+001  8.4918000e+002  3.1800000e+000
  2.2030000e+001  8.5056000e+002  3.0300000e+000
  2.2080000e+001  8.5194000e+002  3.3600000e+000
  2.2130000e+001  8.5333000e+002  3.1300000e+000
  2.2180000e+001  8.5471000e+002  3.1300000e+000
  2.2230000e+001  8.5619000e+002  3.1900000e+000
  2.2280000e+001  8.5776000e+002  3.1300000e+000
  2.2330000e+001  8.5949000e+002  3.3200000e+000
  2.2380000e+001  8.6124000e+002  3.2400000e+000
  2.2430000e+001  8.6308000e+002  3.1000000e+000
  2.2480000e+001  8.6493000e+002  3.1700000e+000
  2.2580000e+001  8.7009000e+002  4.4300000e+000
  2.2630000e+001  8.7297000e+002  3.7300000e+000
  2.2680000e+001  8.7585000e+002  4.3300000e+000
  2.2730000e+001  8.7873000e+002  4.0800000e+000
  2.2780000e+001  8.8162000e+002  3.4000000e+000
  2.2830000e+001  8.8435000e+002  3.8100000e+000
  2.2880000e+001  8.8666000e+002  3.7300000e+000
  2.2930000e+001  8.8897000e+002  3.8600000e+000
  2.2980000e+001  8.9127000e+002  3.8500000e+000
  2.3030000e+001  8.9358000e+002  4.2100000e+000
  2.3080000e+001  8.9589000e+002  3.4800000e+000
  2.3180000e+001  9.0050000e+002  3.9300000e+000
  2.3230000e+001  9.0281000e+002  3.8300000e+000
  2.3280000e+001  9.0511000e+002  3.7100000e+000
  2.3330000e+001  9.0742000e+002  3.6500000e+000
  2.3380000e+001  9.0973000e+002  3.4200000e+000
  2.3430000e+001  9.1203000e+002  3.5600000e+000
  2.3480000e+001  9.1434000e+002  3.5900000e+000
  2.3530000e+001  9.1665000e+002  2.9900000e+000
  2.3580000e+001  9.1919000e+002  4.2000000e+000
  2.3680000e+001  9.2495000e+002  3.4400000e+000
  2.3730000e+001  9.2783000e+002  3.6300000e+000
  2.3780000e+001  9.3046000e+002  3.7800000e+000
  2.3830000e+001  9.3277000e+002  3.6600000e+000
  2.3880000e+001  9.3508000e+002  3.3700000e+000
  2.3930000e+001  9.3716000e+002  3.3900000e+000
  2.3980000e+001  9.3901000e+002  3.3900000e+000
  2.4030000e+001  9.4085000e+002  3.2200000e+000
  2.4080000e+001  9.4270000e+002  3.2300000e+000
  2.4130000e+001  9.4454000e+002  3.0200000e+000
  2.4180000e+001  9.4639000e+002  2.9300000e+000
  2.4230000e+001  9.4823000e+002  3.0100000e+000
  2.4280000e+001  9.5008000e+002  2.8300000e+000
  2.4330000e+001  9.5192000e+002  2.9000000e+000
  2.4380000e+001  9.5377000e+002  2.9100000e+000
  2.4430000e+001  9.5562000e+002  2.9100000e+000
  2.4480000e+001  9.5746000e+002  2.9700000e+000
  2.4530000e+001  9.5935000e+002  3.8200000e+000
  2.4580000e+001  9.6166000e+002  4.2000000e+000
  2.4630000e+001  9.6431000e+002  4.0600000e+000
  2.4680000e+001  9.6720000e+002  4.0600000e+000
  2.4730000e+001  9.7008000e+002  3.8800000e+000
  2.4780000e+001  9.7296000e+002  3.7200000e+000
  2.4830000e+001  9.7585000e+002  3.3900000e+000
  2.4880000e+001  9.7873000e+002  3.5000000e+000
  2.4930000e+001  9.8161000e+002  3.1600000e+000
  2.4980000e+001  9.8450000e+002  3.4600000e+000
  2.5030000e+001  9.8738000e+002  3.6700000e+000
  2.5080000e+001  9.9026000e+002  3.5700000e+000
  2.5130000e+001  9.9315000e+002  3.7500000e+000
  2.5180000e+001  9.9603000e+002  3.4900000e+000
  2.5230000e+001  9.9891000e+002  3.7900000e+000
  2.5280000e+001  1.0018000e+003  3.8500000e+000
  2.5330000e+001  1.0042500e+003  3.7300000e+000
  2.5380000e+001  1.0065500e+003  3.7200000e+000
  2.5430000e+001  1.0088600e+003  3.6400000e+000
  2.5480000e+001  1.0111600e+003  3.6900000e+000
  2.5530000e+001  1.0134700e+003  3.6600000e+000
  2.5580000e+001  1.0157800e+003  3.6100000e+000
  2.5630000e+001  1.0180800e+003  3.6000000e+000
  2.5680000e+001  1.0203900e+003  3.3800000e+000
  2.5730000e+001  1.0227000e+003  3.2200000e+000
  2.5780000e+001  1.0250000e+003  3.5200000e+000
  2.5830000e+001  1.0273100e+003  3.8400000e+000
  2.5930000e+001  1.0321300e+003  3.3700000e+000
  2.5980000e+001  1.0350200e+003  3.8300000e+000
  2.6030000e+001  1.0379800e+003  3.8500000e+000
  2.6080000e+001  1.0410600e+003  3.9500000e+000
  2.6130000e+001  1.0444800e+003  4.3200000e+000
  2.6180000e+001  1.0482900e+003  4.2000000e+000
  2.6230000e+001  1.0521300e+003  4.1100000e+000
  2.6280000e+001  1.0559800e+003  3.9000000e+000
  2.6330000e+001  1.0598200e+003  3.9600000e+000
  2.6380000e+001  1.0636700e+003  3.9800000e+000
  2.6430000e+001  1.0675100e+003  3.2800000e+000
  2.6480000e+001  1.0713600e+003  3.3900000e+000
  2.6530000e+001  1.0750100e+003  4.0100000e+000
  2.6580000e+001  1.0782700e+003  3.9300000e+000
  2.6630000e+001  1.0813400e+003  4.1600000e+000
  2.6730000e+001  1.0852500e+003  4.2800000e+000
  2.6780000e+001  1.0870900e+003  3.7300000e+000
  2.6830000e+001  1.0889400e+003  3.6600000e+000
  2.6880000e+001  1.0907900e+003  4.1300000e+000
  2.6930000e+001  1.0926300e+003  3.8500000e+000
  2.6980000e+001  1.0944800e+003  3.9800000e+000
  2.7030000e+001  1.0963300e+003  3.8700000e+000
  2.7130000e+001  1.1000100e+003  3.8500000e+000
  2.7180000e+001  1.1018500e+003  3.8300000e+000
  2.7280000e+001  1.1055500e+003  3.9500000e+000
  2.7330000e+001  1.1073900e+003  3.9700000e+000
  2.7380000e+001  1.1092400e+003  3.5900000e+000
  2.7430000e+001  1.1113900e+003  3.6400000e+000
  2.7480000e+001  1.1136900e+003  3.6800000e+000
  2.7530000e+001  1.1160100e+003  3.5300000e+000
  2.7580000e+001  1.1183100e+003  3.6400000e+000
  2.7630000e+001  1.1206200e+003  3.7400000e+000
  2.7680000e+001  1.1229300e+003  4.0100000e+000
  2.7730000e+001  1.1252300e+003  3.9400000e+000
  2.7780000e+001  1.1275400e+003  3.8800000e+000
  2.7830000e+001  1.1298400e+003  3.8300000e+000
  2.7880000e+001  1.1321500e+003  3.3000000e+000
  2.7930000e+001  1.1344600e+003  3.8000000e+000
  2.7980000e+001  1.1367600e+003  3.3900000e+000
  2.8030000e+001  1.1390700e+003  3.8700000e+000
  2.8080000e+001  1.1413800e+003  3.5200000e+000
  2.8150000e+001  1.1446000e+003  3.6400000e+000
  2.8200000e+001  1.1469100e+003  3.5500000e+000
  2.8250000e+001  1.1492200e+003  3.4600000e+000
  2.8300000e+001  1.1515200e+003  3.6100000e+000
  2.8350000e+001  1.1538300e+003  3.6700000e+000
  2.8400000e+001  1.1561400e+003  3.5500000e+000
  2.8450000e+001  1.1584400e+003  3.5500000e+000
  2.8500000e+001  1.1607500e+003  3.5600000e+000
  2.8550000e+001  1.1630500e+003  3.6800000e+000
  2.8600000e+001  1.1653600e+003  3.4200000e+000
  2.8650000e+001  1.1676700e+003  3.2700000e+000
  2.8700000e+001  1.1699700e+003  3.4300000e+000
  2.8750000e+001  1.1722900e+003  3.1600000e+000
  2.8800000e+001  1.1750800e+003  3.4300000e+000
  2.8850000e+001  1.1779600e+003  3.4400000e+000
  2.8900000e+001  1.1808500e+003  3.4300000e+000
  2.8950000e+001  1.1837300e+003  3.4000000e+000
  2.9000000e+001  1.1866100e+003  3.4800000e+000
  2.9050000e+001  1.1894900e+003  3.5400000e+000
  2.9100000e+001  1.1925400e+003  3.2800000e+000
  2.9150000e+001  1.1957800e+003  3.9500000e+000
  2.9200000e+001  1.1992400e+003  3.8000000e+000
  2.9250000e+001  1.2027000e+003  3.5100000e+000
  2.9300000e+001  1.2061600e+003  3.6800000e+000
  2.9400000e+001  1.2129000e+003  3.6800000e+000
  2.9450000e+001  1.2159800e+003  3.0900000e+000
  2.9500000e+001  1.2188700e+003  3.3300000e+000
  2.9550000e+001  1.2217500e+003  3.2600000e+000
  2.9600000e+001  1.2246300e+003  3.0500000e+000
  2.9650000e+001  1.2275100e+003  3.1500000e+000
  2.9700000e+001  1.2303900e+003  3.0600000e+000
  2.9750000e+001  1.2332800e+003  3.0100000e+000
  2.9800000e+001  1.2361600e+003  3.3000000e+000
  2.9850000e+001  1.2390400e+003  3.4300000e+000
  2.9900000e+001  1.2419300e+003  3.5300000e+000
  2.9950000e+001  1.2448300e+003  3.3100000e+000
  3.0000000e+001  1.2479000e+003  4.1300000e+000
  3.0050000e+001  1.2512000e+003  4.3800000e+000
  3.0100000e+001  1.2548900e+003  3.9500000e+000
  3.0150000e+001  1.2587300e+003  3.8900000e+000
  3.0200000e+001  1.2625800e+003  3.8500000e+000
  3.0250000e+001  1.2664300e+003  3.6900000e+000
  3.0300000e+001  1.2702700e+003  3.5200000e+000
  3.0350000e+001  1.2741200e+003  3.6200000e+000
  3.0400000e+001  1.2779600e+003  3.9200000e+000
  3.0450000e+001  1.2818000e+003  3.8600000e+000
  3.0500000e+001  1.2856500e+003  4.1500000e+000
  3.0550000e+001  1.2894900e+003  4.1800000e+000
  3.0600000e+001  1.2932600e+003  4.0200000e+000
  3.0650000e+001  1.2967200e+003  3.9400000e+000
  3.0700000e+001  1.3000900e+003  3.9000000e+000
  3.0750000e+001  1.3031700e+003  3.7200000e+000
  3.0800000e+001  1.3062400e+003  3.7900000e+000
  3.0850000e+001  1.3093100e+003  3.3900000e+000
  3.0900000e+001  1.3123900e+003  3.4300000e+000
  3.0950000e+001  1.3154600e+003  3.4800000e+000
  3.1000000e+001  1.3185400e+003  3.4600000e+000
  3.1050000e+001  1.3216200e+003  3.4800000e+000
  3.1100000e+001  1.3246900e+003  3.8400000e+000
  3.1150000e+001  1.3277600e+003  3.7500000e+000
  3.1200000e+001  1.3308400e+003  3.8400000e+000
  3.1250000e+001  1.3339200e+003  3.8200000e+000
  3.1300000e+001  1.3369900e+003  3.5700000e+000
  3.1350000e+001  1.3400600e+003  3.5700000e+000
  3.1400000e+001  1.3431400e+003  3.6800000e+000
  3.1450000e+001  1.3462200e+003  3.7700000e+000
  3.1500000e+001  1.3492900e+003  3.2300000e+000
  3.1550000e+001  1.3523700e+003  3.1900000e+000
  3.1600000e+001  1.3554500e+003  3.4000000e+000
  3.1650000e+001  1.3585100e+003  3.3300000e+000
  3.1700000e+001  1.3615900e+003  3.6200000e+000
  3.1750000e+001  1.3646700e+003  3.5500000e+000
  3.1800000e+001  1.3677500e+003  3.7800000e+000
  3.1850000e+001  1.3708200e+003  3.7100000e+000
  3.1900000e+001  1.3739000e+003  4.0400000e+000
  3.1950000e+001  1.3769700e+003  3.9000000e+000
  3.2000000e+001  1.3800400e+003  3.7800000e+000
  3.2050000e+001  1.3831200e+003  3.6400000e+000
  3.2100000e+001  1.3862000e+003  3.5700000e+000
  3.2150000e+001  1.3892700e+003  3.5400000e+000
  3.2200000e+001  1.3923400e+003  3.4800000e+000
  3.2250000e+001  1.3954200e+003  3.4000000e+000
  3.2300000e+001  1.3985000e+003  3.3100000e+000
  3.2350000e+001  1.4014700e+003  3.8800000e+000
  3.2400000e+001  1.4043500e+003  3.9100000e+000
  3.2500000e+001  1.4092000e+003  3.8100000e+000
  3.2550000e+001  1.4115200e+003  3.5200000e+000
  3.2600000e+001  1.4135400e+003  3.7300000e+000
  3.2650000e+001  1.4153900e+003  3.6100000e+000
  3.2700000e+001  1.4172200e+003  3.5800000e+000
  3.2750000e+001  1.4189500e+003  3.4400000e+000
  3.2800000e+001  1.4206500e+003  3.4200000e+000
  3.2850000e+001  1.4221900e+003  3.3400000e+000
  3.2900000e+001  1.4236300e+003  3.3900000e+000
  3.2950000e+001  1.4250100e+003  3.1000000e+000
  3.3000000e+001  1.4263900e+003  3.0000000e+000
  3.3050000e+001  1.4277800e+003  3.0400000e+000
  3.3100000e+001  1.4291600e+003  3.0600000e+000
  3.3150000e+001  1.4305400e+003  3.0500000e+000
  3.3200000e+001  1.4319200e+003  3.2000000e+000
  3.3250000e+001  1.4333100e+003  3.1200000e+000
  3.3300000e+001  1.4346900e+003  3.0800000e+000
  3.3350000e+001  1.4360800e+003  3.0100000e+000
  3.3400000e+001  1.4374600e+003  3.0900000e+000
  3.3450000e+001  1.4388400e+003  3.4200000e+000
  3.3500000e+001  1.4402300e+003  3.1900000e+000
  3.3550000e+001  1.4416100e+003  3.2000000e+000
  3.3600000e+001  1.4430000e+003  3.1500000e+000
  3.3650000e+001  1.4443800e+003  3.1700000e+000
  3.3700000e+001  1.4457600e+003  3.2200000e+000
  3.3750000e+001  1.4472000e+003  3.3000000e+000
  3.3800000e+001  1.4487400e+003  3.1700000e+000
  3.3850000e+001  1.4504400e+003  3.0200000e+000
  3.3900000e+001  1.4521700e+003  3.1200000e+000
  3.3950000e+001  1.4546100e+003  3.4200000e+000
  3.4000000e+001  1.4575000e+003  3.6700000e+000
  3.4050000e+001  1.4604600e+003  3.2700000e+000
  3.4100000e+001  1.4635300e+003  4.0900000e+000
  3.4150000e+001  1.4669600e+003  3.2900000e+000
  3.4200000e+001  1.4707800e+003  3.1800000e+000
  3.4250000e+001  1.4746200e+003  3.3800000e+000
  3.4300000e+001  1.4784600e+003  3.1600000e+000
  3.4350000e+001  1.4823000e+003  3.1100000e+000
  3.4400000e+001  1.4861500e+003  3.4500000e+000
  3.4450000e+001  1.4899900e+003  3.2300000e+000
  3.4500000e+001  1.4938400e+003  3.7700000e+000
  3.4550000e+001  1.4974900e+003  3.9900000e+000
  3.4600000e+001  1.5007600e+003  3.8700000e+000
  3.4650000e+001  1.5038200e+003  3.7400000e+000
  3.4700000e+001  1.5067100e+003  3.3700000e+000
  3.4750000e+001  1.5095900e+003  3.5500000e+000
  3.4800000e+001  1.5124700e+003  3.4100000e+000
  3.4850000e+001  1.5153200e+003  3.4400000e+000
  3.4900000e+001  1.5176400e+003  3.4200000e+000
  3.4950000e+001  1.5199400e+003  3.4400000e+000
  3.5000000e+001  1.5222400e+003  3.5400000e+000
  3.5050000e+001  1.5245600e+003  3.5600000e+000
  3.5100000e+001  1.5268600e+003  3.6100000e+000
  3.5150000e+001  1.5291600e+003  3.6600000e+000
  3.5200000e+001  1.5314700e+003  3.6500000e+000
  3.5250000e+001  1.5337800e+003  3.9800000e+000
  3.5350000e+001  1.5383900e+003  3.6600000e+000
  3.5400000e+001  1.5407000e+003  3.9200000e+000
  3.5500000e+001  1.5457100e+003  3.7400000e+000
  3.5550000e+001  1.5485900e+003  3.7900000e+000
  3.5600000e+001  1.5514700e+003  3.4600000e+000
  3.5650000e+001  1.5543600e+003  3.3700000e+000
  3.5700000e+001  1.5572400e+003  3.4400000e+000
  3.5750000e+001  1.5601300e+003  3.4500000e+000
  3.5800000e+001  1.5630100e+003  3.4800000e+000
  3.5830000e+001  1.5647300e+003  3.4100000e+000
  3.5880000e+001  1.5676100e+003  3.4400000e+000
  3.5930000e+001  1.5704900e+003  3.4000000e+000
  3.6030000e+001  1.5762600e+003  3.4100000e+000
  3.6080000e+001  1.5791400e+003  3.4200000e+000
  3.6130000e+001  1.5820300e+003  3.3300000e+000
  3.6180000e+001  1.5849100e+003  3.4800000e+000
  3.6230000e+001  1.5878000e+003  3.3700000e+000
  3.6280000e+001  1.5906800e+003  3.5300000e+000
  3.6380000e+001  1.5964500e+003  3.3500000e+000
  3.6430000e+001  1.5993300e+003  3.3400000e+000
  3.6480000e+001  1.6019300e+003  3.2700000e+000
  3.6530000e+001  1.6042400e+003  3.2800000e+000
  3.6580000e+001  1.6065500e+003  3.3900000e+000
  3.6630000e+001  1.6088500e+003  3.3100000e+000
  3.6680000e+001  1.6111700e+003  3.4500000e+000
  3.6730000e+001  1.6134700e+003  3.6200000e+000
  3.6780000e+001  1.6157700e+003  3.5600000e+000
  3.6830000e+001  1.6180800e+003  3.4800000e+000
  3.6880000e+001  1.6203900e+003  3.4400000e+000
  3.6930000e+001  1.6226900e+003  3.4100000e+000
  3.6980000e+001  1.6250000e+003  3.4200000e+000
  3.7030000e+001  1.6273100e+003  3.4200000e+000
  3.7080000e+001  1.6296100e+003  3.3100000e+000
  3.7130000e+001  1.6319200e+003  3.2600000e+000
  3.7180000e+001  1.6342300e+003  3.5200000e+000
  3.7230000e+001  1.6365400e+003  3.3700000e+000
  3.7280000e+001  1.6388400e+003  3.4500000e+000
  3.7330000e+001  1.6411400e+003  3.2400000e+000
  3.7380000e+001  1.6438300e+003  3.6400000e+000
  3.7430000e+001  1.6467100e+003  3.5200000e+000
  3.7480000e+001  1.6496000e+003  3.6500000e+000
  3.7580000e+001  1.6553600e+003  3.7000000e+000
  3.7630000e+001  1.6582500e+003  3.5700000e+000
  3.7680000e+001  1.6611300e+003  3.6100000e+000
  3.7730000e+001  1.6640100e+003  3.9500000e+000
  3.7780000e+001  1.6663600e+003  3.1900000e+000
  3.7830000e+001  1.6682000e+003  3.4800000e+000
  3.7880000e+001  1.6700500e+003  3.4700000e+000
  3.7930000e+001  1.6719000e+003  3.4500000e+000
  3.7980000e+001  1.6737400e+003  3.4500000e+000
  3.8030000e+001  1.6755900e+003  3.5200000e+000
  3.8080000e+001  1.6774300e+003  3.4500000e+000
  3.8130000e+001  1.6792700e+003  3.4300000e+000
  3.8180000e+001  1.6811200e+003  3.5000000e+000
  3.8230000e+001  1.6829600e+003  3.4600000e+000
  3.8280000e+001  1.6847700e+003  3.6000000e+000
  3.8330000e+001  1.6865000e+003  3.5200000e+000
  3.8380000e+001  1.6881600e+003  3.5200000e+000
  3.8430000e+001  1.6897000e+003  3.4200000e+000
  3.8480000e+001  1.6911000e+003  3.9600000e+000
  3.8530000e+001  1.6924900e+003  3.5000000e+000
  3.8580000e+001  1.6938700e+003  3.6800000e+000
  3.8630000e+001  1.6952500e+003  3.6700000e+000
  3.8680000e+001  1.6966400e+003  3.6700000e+000
  3.8730000e+001  1.6980200e+003  3.7200000e+000
  3.8780000e+001  1.6994100e+003  3.8100000e+000
  3.8830000e+001  1.7007900e+003  3.6100000e+000
  3.8880000e+001  1.7021700e+003  3.9300000e+000
  3.8930000e+001  1.7035500e+003  3.5700000e+000
  3.8980000e+001  1.7049400e+003  3.8800000e+000
  3.9030000e+001  1.7063300e+003  4.0300000e+000
  3.9080000e+001  1.7077100e+003  3.9800000e+000
  3.9130000e+001  1.7090900e+003  3.7700000e+000
  3.9200000e+001  1.7110300e+003  3.5700000e+000
  3.9250000e+001  1.7124100e+003  3.7300000e+000
  3.9300000e+001  1.7138000e+003  3.6300000e+000
  3.9350000e+001  1.7151800e+003  3.5100000e+000
  3.9400000e+001  1.7165600e+003  3.4500000e+000
  3.9450000e+001  1.7179500e+003  3.3800000e+000
  3.9500000e+001  1.7193300e+003  3.5500000e+000
  3.9550000e+001  1.7207200e+003  3.3000000e+000
  3.9650000e+001  1.7234900e+003  3.0800000e+000
  3.9700000e+001  1.7249500e+003  3.1100000e+000
  3.9750000e+001  1.7265000e+003  3.2000000e+000
  3.9800000e+001  1.7282200e+003  3.2700000e+000
  3.9850000e+001  1.7299500e+003  3.2200000e+000
  3.9900000e+001  1.7316800e+003  3.2700000e+000
  3.9950000e+001  1.7334200e+003  3.2300000e+000
  4.0000000e+001  1.7352700e+003  3.3200000e+000
  4.0050000e+001  1.7371200e+003  3.5000000e+000
  4.0100000e+001  1.7389600e+003  3.2500000e+000
  4.0150000e+001  1.7408000e+003  3.4600000e+000
  4.0200000e+001  1.7426400e+003  3.3600000e+000
  4.0250000e+001  1.7444900e+003  3.4000000e+000
  4.0300000e+001  1.7463400e+003  3.4900000e+000
  4.0350000e+001  1.7481800e+003  3.6500000e+000
  4.0400000e+001  1.7500300e+003  3.7800000e+000
  4.0450000e+001  1.7519500e+003  3.5100000e+000
  4.0500000e+001  1.7542600e+003  3.5200000e+000
  4.0550000e+001  1.7565700e+003  3.0900000e+000
  4.0600000e+001  1.7588700e+003  3.2300000e+000
  4.0650000e+001  1.7611800e+003  3.0900000e+000
  4.0700000e+001  1.7634900e+003  3.3100000e+000
  4.0750000e+001  1.7657900e+003  3.2900000e+000
  4.0800000e+001  1.7681000e+003  3.1100000e+000
  4.0850000e+001  1.7704100e+003  3.1800000e+000
  4.0900000e+001  1.7727100e+003  3.1100000e+000
  4.0950000e+001  1.7750200e+003  3.2600000e+000
  4.1000000e+001  1.7773300e+003  3.1400000e+000
  4.1050000e+001  1.7796300e+003  3.0800000e+000
  4.1100000e+001  1.7824000e+003  3.7800000e+000
  4.1150000e+001  1.7852800e+003  3.2500000e+000
  4.1200000e+001  1.7881600e+003  3.4600000e+000
  4.1250000e+001  1.7910500e+003  3.4700000e+000
  4.1300000e+001  1.7939300e+003  3.5200000e+000
  4.1350000e+001  1.7968100e+003  3.3500000e+000
  4.1400000e+001  1.7996900e+003  3.4400000e+000
  4.1450000e+001  1.8025800e+003  3.3800000e+000
  4.1500000e+001  1.8054600e+003  3.4000000e+000
  4.1550000e+001  1.8083500e+003  3.4900000e+000
  4.1600000e+001  1.8112300e+003  3.6000000e+000
  4.1650000e+001  1.8141100e+003  3.4600000e+000
  4.1700000e+001  1.8170000e+003  3.6000000e+000
  4.1750000e+001  1.8198800e+003  3.3600000e+000
  4.1800000e+001  1.8227700e+003  3.4300000e+000
  4.1850000e+001  1.8256500e+003  3.1900000e+000
  4.1900000e+001  1.8285300e+003  3.2600000e+000
  4.1950000e+001  1.8314200e+003  3.1900000e+000
  4.2000000e+001  1.8343000e+003  3.1200000e+000
  4.2050000e+001  1.8371800e+003  3.2000000e+000
  4.2100000e+001  1.8400600e+003  3.2300000e+000
  4.2150000e+001  1.8429500e+003  3.2700000e+000
  4.2200000e+001  1.8460200e+003  3.3600000e+000
  4.2250000e+001  1.8493000e+003  3.5300000e+000
  4.2300000e+001  1.8529700e+003  3.4600000e+000
  4.2350000e+001  1.8568200e+003  3.4000000e+000
  4.2400000e+001  1.8606600e+003  3.4500000e+000
  4.2450000e+001  1.8645000e+003  3.8200000e+000
  4.2500000e+001  1.8683400e+003  3.4200000e+000
  4.2550000e+001  1.8721900e+003  3.3700000e+000
  4.2600000e+001  1.8760300e+003  3.3600000e+000
  4.2650000e+001  1.8798800e+003  3.3600000e+000
  4.2700000e+001  1.8837200e+003  3.4300000e+000
  4.2750000e+001  1.8875600e+003  3.3800000e+000
  4.2800000e+001  1.8914100e+003  3.3500000e+000
  4.2850000e+001  1.8952500e+003  3.3400000e+000
  4.2900000e+001  1.8991000e+003  3.3500000e+000
  4.2950000e+001  1.9029500e+003  3.2800000e+000
  4.3000000e+001  1.9067900e+003  3.2800000e+000
  4.3050000e+001  1.9106300e+003  3.2800000e+000
  4.3100000e+001  1.9144800e+003  3.3500000e+000
  4.3150000e+001  1.9183200e+003  3.2900000e+000
  4.3200000e+001  1.9221700e+003  3.1500000e+000
  4.3250000e+001  1.9260100e+003  3.4500000e+000
  4.3300000e+001  1.9298500e+003  3.2600000e+000
  4.3350000e+001  1.9345700e+003  3.2200000e+000
  4.3400000e+001  1.9403300e+003  3.4100000e+000
  4.3450000e+001  1.9461000e+003  3.4300000e+000
  4.3500000e+001  1.9518700e+003  3.4700000e+000
  4.3550000e+001  1.9576300e+003  3.4000000e+000
  4.3600000e+001  1.9630400e+003  3.2900000e+000
  4.3650000e+001  1.9670400e+003  3.2400000e+000
  4.3700000e+001  1.9708900e+003  3.2200000e+000
  4.3750000e+001  1.9747300e+003  3.4400000e+000
  4.3800000e+001  1.9785700e+003  3.2500000e+000
  4.3850000e+001  1.9824100e+003  3.1400000e+000
  4.3900000e+001  1.9862500e+003  3.2300000e+000
  4.3950000e+001  1.9901000e+003  3.1200000e+000
  4.4000000e+001  1.9939500e+003  3.2100000e+000
  4.4050000e+001  1.9977900e+003  3.1700000e+000
  4.4100000e+001  2.0016300e+003  3.4400000e+000
  4.4150000e+001  2.0053200e+003  3.5500000e+000
  4.4200000e+001  2.0086200e+003  3.0500000e+000
  4.4250000e+001  2.0116900e+003  3.2000000e+000
  4.4300000e+001  2.0145900e+003  3.2500000e+000
  4.4350000e+001  2.0174700e+003  3.1600000e+000
  4.4400000e+001  2.0198100e+003  3.1400000e+000
  4.4450000e+001  2.0216600e+003  3.1600000e+000
  4.4500000e+001  2.0235000e+003  3.2000000e+000
  4.4550000e+001  2.0253500e+003  3.2900000e+000
  4.4600000e+001  2.0271900e+003  3.0600000e+000
  4.4650000e+001  2.0290400e+003  3.3200000e+000
  4.4700000e+001  2.0308900e+003  3.3600000e+000
  4.4750000e+001  2.0327300e+003  3.3700000e+000
  4.4800000e+001  2.0345200e+003  3.4400000e+000
  4.4850000e+001  2.0362400e+003  3.5200000e+000
  4.4900000e+001  2.0379700e+003  3.5000000e+000
  4.4950000e+001  2.0397000e+003  3.4400000e+000
  4.5000000e+001  2.0414300e+003  3.3700000e+000
  4.5050000e+001  2.0431600e+003  3.5400000e+000
  4.5100000e+001  2.0448900e+003  3.4900000e+000
  4.5150000e+001  2.0466200e+003  3.4100000e+000
  4.5200000e+001  2.0483500e+003  3.4400000e+000
  4.5250000e+001  2.0500900e+003  3.2600000e+000
  4.5300000e+001  2.0518200e+003  3.4900000e+000
  4.5350000e+001  2.0535400e+003  3.3300000e+000
  4.5400000e+001  2.0552700e+003  3.4100000e+000
  4.5450000e+001  2.0570100e+003  3.4300000e+000
  4.5500000e+001  2.0587300e+003  2.7700000e+000
  4.5550000e+001  2.0604600e+003  3.4800000e+000
  4.5600000e+001  2.0621900e+003  3.5500000e+000
  4.5650000e+001  2.0639200e+003  3.4300000e+000
  4.5700000e+001  2.0657400e+003  3.8700000e+000
  4.5750000e+001  2.0675800e+003  3.7800000e+000
  4.5800000e+001  2.0694200e+003  3.8300000e+000
  4.5850000e+001  2.0712700e+003  3.8500000e+000
  4.5900000e+001  2.0731100e+003  3.7800000e+000
  4.5950000e+001  2.0749600e+003  3.7400000e+000
  4.6050000e+001  2.0786500e+003  3.8600000e+000
  4.6100000e+001  2.0805000e+003  3.6400000e+000
  4.6150000e+001  2.0823400e+003  3.7400000e+000
  4.6200000e+001  2.0841900e+003  3.5400000e+000
  4.6250000e+001  2.0860300e+003  3.5400000e+000
  4.6300000e+001  2.0878700e+003  3.6800000e+000
  4.6350000e+001  2.0897200e+003  3.5200000e+000
  4.6400000e+001  2.0915700e+003  3.7300000e+000
  4.6440000e+001  2.0930400e+003  3.3900000e+000
  4.6500000e+001  2.0952600e+003  3.5600000e+000
  4.6550000e+001  2.0971000e+003  3.4400000e+000
  4.6600000e+001  2.0989500e+003  3.3300000e+000
  4.6650000e+001  2.1008000e+003  3.2700000e+000
  4.6700000e+001  2.1026400e+003  3.3800000e+000
  4.6750000e+001  2.1044800e+003  3.3700000e+000
  4.6800000e+001  2.1063300e+003  3.4100000e+000
  4.6850000e+001  2.1081700e+003  3.3900000e+000
  4.6900000e+001  2.1100200e+003  3.3700000e+000
  4.6950000e+001  2.1123000e+003  3.3200000e+000
  4.7000000e+001  2.1146200e+003  3.2900000e+000
  4.7050000e+001  2.1169200e+003  3.4900000e+000
  4.7100000e+001  2.1192200e+003  3.2500000e+000
  4.7150000e+001  2.1215400e+003  3.4200000e+000
  4.7200000e+001  2.1238400e+003  3.5400000e+000
  4.7250000e+001  2.1261500e+003  3.3200000e+000
  4.7300000e+001  2.1284600e+003  3.2200000e+000
  4.7350000e+001  2.1307600e+003  3.2200000e+000
  4.7400000e+001  2.1330700e+003  3.2800000e+000
  4.7450000e+001  2.1353700e+003  3.1500000e+000
  4.7500000e+001  2.1376800e+003  3.0900000e+000
  4.7550000e+001  2.1399900e+003  3.0800000e+000
  4.7600000e+001  2.1422900e+003  3.2300000e+000
  4.7650000e+001  2.1446000e+003  3.0800000e+000
  4.7700000e+001  2.1472700e+003  3.6800000e+000
  4.7750000e+001  2.1501500e+003  3.8900000e+000
  4.7800000e+001  2.1530300e+003  3.9300000e+000
  4.7850000e+001  2.1559100e+003  3.7300000e+000
  4.7900000e+001  2.1587900e+003  3.7500000e+000
  4.7950000e+001  2.1616800e+003  3.6900000e+000
  4.8000000e+001  2.1641700e+003  3.5100000e+000
  4.8050000e+001  2.1664800e+003  3.4600000e+000
  4.8100000e+001  2.1687800e+003  3.3700000e+000
  4.8150000e+001  2.1710900e+003  3.5500000e+000
  4.8200000e+001  2.1733900e+003  3.4700000e+000
  4.8250000e+001  2.1757000e+003  3.2100000e+000
  4.8300000e+001  2.1780100e+003  3.2400000e+000
  4.8350000e+001  2.1803100e+003  3.2100000e+000
  4.8400000e+001  2.1826200e+003  3.2100000e+000
  4.8450000e+001  2.1849300e+003  3.2900000e+000
  4.8500000e+001  2.1872300e+003  3.2200000e+000
  4.8550000e+001  2.1895500e+003  3.3700000e+000
  4.8600000e+001  2.1918500e+003  3.6200000e+000
  4.8650000e+001  2.1941500e+003  3.2600000e+000
  4.8700000e+001  2.1966500e+003  3.4900000e+000
  4.8750000e+001  2.1995300e+003  3.4700000e+000
  4.8800000e+001  2.2024100e+003  3.6300000e+000
  4.8850000e+001  2.2052900e+003  3.5200000e+000
  4.8900000e+001  2.2081700e+003  3.3200000e+000
  4.8950000e+001  2.2110600e+003  3.3300000e+000
  4.9000000e+001  2.2139400e+003  3.2000000e+000
  4.9050000e+001  2.2168300e+003  3.1200000e+000
  4.9100000e+001  2.2197900e+003  3.2100000e+000
  4.9150000e+001  2.2228600e+003  3.2100000e+000
  4.9200000e+001  2.2259400e+003  3.0600000e+000
  4.9250000e+001  2.2290200e+003  3.3000000e+000
  4.9300000e+001  2.2320800e+003  3.1500000e+000
  4.9350000e+001  2.2351600e+003  3.2800000e+000
  4.9400000e+001  2.2382400e+003  3.2400000e+000
  4.9450000e+001  2.2413200e+003  3.6600000e+000
  4.9500000e+001  2.2443900e+003  3.8600000e+000
  4.9550000e+001  2.2474700e+003  3.2500000e+000
  4.9600000e+001  2.2505400e+003  3.3200000e+000
  4.9650000e+001  2.2536100e+003  3.0800000e+000
  4.9700000e+001  2.2566900e+003  2.9400000e+000
  4.9750000e+001  2.2597700e+003  2.7000000e+000
  4.9800000e+001  2.2628500e+003  3.2500000e+000
  4.9850000e+001  2.2659200e+003  3.1600000e+000
  4.9900000e+001  2.2689900e+003  3.4100000e+000
  4.9950000e+001  2.2720700e+003  3.3700000e+000
  5.0000000e+001  2.2751400e+003  3.5900000e+000
  5.0030000e+001  2.2769900e+003  3.7500000e+000
  5.0080000e+001  2.2800600e+003  3.6600000e+000
  5.0130000e+001  2.2831400e+003  3.3900000e+000
  5.0180000e+001  2.2862100e+003  3.2300000e+000
  5.0230000e+001  2.2892900e+003  3.2400000e+000
  5.0280000e+001  2.2923200e+003  3.1500000e+000
  5.0330000e+001  2.2952100e+003  3.0900000e+000
  5.0380000e+001  2.2979400e+003  3.1700000e+000
  5.0430000e+001  2.3002400e+003  3.1200000e+000
  5.0480000e+001  2.3025500e+003  3.2300000e+000
  5.0530000e+001  2.3048500e+003  3.3500000e+000
  5.0580000e+001  2.3071600e+003  3.2400000e+000
  5.0630000e+001  2.3094700e+003  3.3000000e+000
  5.0680000e+001  2.3117700e+003  3.5800000e+000
  5.0730000e+001  2.3140800e+003  3.6900000e+000
  5.0780000e+001  2.3163900e+003  3.8300000e+000
  5.0830000e+001  2.3186900e+003  3.6100000e+000
  5.0880000e+001  2.3210000e+003  3.1400000e+000
  5.0930000e+001  2.3233100e+003  3.3200000e+000
  5.0980000e+001  2.3256100e+003  3.2400000e+000
  5.1030000e+001  2.3279200e+003  3.0900000e+000
  5.1080000e+001  2.3302200e+003  3.0400000e+000
  5.1130000e+001  2.3325300e+003  3.1100000e+000
  5.1180000e+001  2.3350900e+003  3.0600000e+000
  5.1230000e+001  2.3379700e+003  2.9600000e+000
  5.1280000e+001  2.3409300e+003  3.0000000e+000
  5.1330000e+001  2.3440000e+003  2.9800000e+000
  5.1380000e+001  2.3474500e+003  2.8900000e+000
  5.1430000e+001  2.3512800e+003  3.3300000e+000
  5.1480000e+001  2.3554900e+003  3.2800000e+000
  5.1530000e+001  2.3612300e+003  3.2700000e+000
  5.1580000e+001  2.3670000e+003  3.0500000e+000
  5.1630000e+001  2.3727700e+003  3.0200000e+000
  5.1680000e+001  2.3785400e+003  3.2800000e+000
  5.1730000e+001  2.3843000e+003  3.0200000e+000
  5.1780000e+001  2.3900600e+003  3.0500000e+000
  5.1830000e+001  2.3958200e+003  3.0400000e+000
  5.1880000e+001  2.4015900e+003  3.3000000e+000
  5.1930000e+001  2.4073500e+003  3.3300000e+000
  5.1980000e+001  2.4130300e+003  3.2200000e+000
  5.2030000e+001  2.4172000e+003  3.1600000e+000
  5.2130000e+001  2.4248800e+003  3.4900000e+000
  5.2180000e+001  2.4284900e+003  3.7300000e+000
  5.2230000e+001  2.4317200e+003  4.2300000e+000
  5.2330000e+001  2.4376500e+003  4.0600000e+000
  5.2380000e+001  2.4405300e+003  3.9900000e+000
  5.2430000e+001  2.4434100e+003  4.0700000e+000
  5.2530000e+001  2.4491700e+003  3.5800000e+000
  5.2580000e+001  2.4520600e+003  3.6500000e+000
  5.2630000e+001  2.4549400e+003  3.1900000e+000
  5.2680000e+001  2.4578200e+003  3.1400000e+000
  5.2780000e+001  2.4635900e+003  3.0700000e+000
  5.2830000e+001  2.4664700e+003  3.0700000e+000
  5.2880000e+001  2.4693500e+003  3.0600000e+000
  5.2930000e+001  2.4722400e+003  3.2100000e+000
  5.2980000e+001  2.4749600e+003  3.2700000e+000
  5.3030000e+001  2.4772700e+003  3.3700000e+000
  5.3080000e+001  2.4795800e+003  3.5100000e+000
  5.3130000e+001  2.4818800e+003  3.5200000e+000
  5.3180000e+001  2.4841900e+003  3.5100000e+000
  5.3230000e+001  2.4864900e+003  3.5500000e+000
  5.3280000e+001  2.4888000e+003  3.7400000e+000
  5.3330000e+001  2.4909500e+003  3.5500000e+000
  5.3380000e+001  2.4927900e+003  3.4200000e+000
  5.3430000e+001  2.4946300e+003  3.3400000e+000
  5.3480000e+001  2.4963800e+003  3.3900000e+000
  5.3530000e+001  2.4981100e+003  3.2900000e+000
  5.3580000e+001  2.4996700e+003  3.3100000e+000
  5.3630000e+001  2.5011400e+003  3.2500000e+000
  5.3680000e+001  2.5025300e+003  3.0500000e+000
  5.3730000e+001  2.5039200e+003  2.9800000e+000
  5.3780000e+001  2.5053000e+003  3.1000000e+000
  5.3830000e+001  2.5066800e+003  3.2000000e+000
  5.3880000e+001  2.5080600e+003  3.3000000e+000
  5.3930000e+001  2.5094500e+003  3.2500000e+000
  5.3980000e+001  2.5108400e+003  3.3000000e+000
  5.4030000e+001  2.5122200e+003  3.3100000e+000
  5.4080000e+001  2.5136000e+003  3.3500000e+000
  5.4130000e+001  2.5149800e+003  3.4300000e+000
  5.4180000e+001  2.5163700e+003  3.5300000e+000
  5.4230000e+001  2.5177500e+003  3.5100000e+000
  5.4280000e+001  2.5191300e+003  3.5200000e+000
  5.4330000e+001  2.5205200e+003  3.4400000e+000
  5.4380000e+001  2.5219000e+003  3.4800000e+000
  5.4430000e+001  2.5232900e+003  3.4700000e+000
  5.4480000e+001  2.5246700e+003  3.4800000e+000
  5.4530000e+001  2.5260600e+003  4.2400000e+000
  5.4580000e+001  2.5274400e+003  3.9100000e+000
  5.4630000e+001  2.5288300e+003  3.8900000e+000
  5.4680000e+001  2.5302100e+003  3.7700000e+000
  5.4730000e+001  2.5315900e+003  3.9400000e+000
  5.4780000e+001  2.5329800e+003  3.7000000e+000
  5.4830000e+001  2.5343600e+003  3.7600000e+000
  5.4880000e+001  2.5357400e+003  3.3300000e+000
  5.4930000e+001  2.5371200e+003  3.5000000e+000
  5.5030000e+001  2.5398900e+003  3.0700000e+000
  5.5080000e+001  2.5412800e+003  3.1200000e+000
  5.5130000e+001  2.5426600e+003  3.0200000e+000
  5.5180000e+001  2.5440400e+003  2.9900000e+000
  5.5230000e+001  2.5454300e+003  2.9900000e+000
  5.5280000e+001  2.5468100e+003  2.9300000e+000
  5.5330000e+001  2.5482000e+003  3.0200000e+000
  5.5380000e+001  2.5495800e+003  2.9500000e+000
  5.5430000e+001  2.5509600e+003  3.0800000e+000
  5.5480000e+001  2.5522800e+003  3.0200000e+000
  5.5530000e+001  2.5534400e+003  2.9700000e+000
  5.5580000e+001  2.5545200e+003  2.9900000e+000
  5.5630000e+001  2.5554500e+003  3.1500000e+000
  5.5680000e+001  2.5563700e+003  3.1900000e+000
  5.5730000e+001  2.5572900e+003  3.2100000e+000
  5.5780000e+001  2.5582100e+003  3.2100000e+000
  5.5830000e+001  2.5591300e+003  3.2000000e+000
  5.5880000e+001  2.5600600e+003  3.2100000e+000
  5.5930000e+001  2.5609800e+003  3.3300000e+000
  5.5980000e+001  2.5619000e+003  3.3400000e+000
  5.6030000e+001  2.5628200e+003  3.3600000e+000
  5.6080000e+001  2.5637500e+003  3.3000000e+000
  5.6130000e+001  2.5646700e+003  3.3500000e+000
  5.6180000e+001  2.5656000e+003  3.3900000e+000
  5.6230000e+001  2.5665200e+003  3.2100000e+000
  5.6280000e+001  2.5674400e+003  3.3400000e+000
  5.6330000e+001  2.5683600e+003  3.0900000e+000
  5.6380000e+001  2.5692800e+003  3.1400000e+000
  5.6430000e+001  2.5702000e+003  3.0500000e+000
  5.6480000e+001  2.5711300e+003  3.1100000e+000
  5.6530000e+001  2.5720500e+003  3.1300000e+000
  5.6580000e+001  2.5729800e+003  3.0800000e+000
  5.6630000e+001  2.5739000e+003  2.9100000e+000
  5.6680000e+001  2.5748200e+003  2.9400000e+000
  5.6730000e+001  2.5757400e+003  3.0100000e+000
  5.6780000e+001  2.5766600e+003  2.9800000e+000
  5.6830000e+001  2.5775800e+003  3.0400000e+000
  5.6880000e+001  2.5785100e+003  3.0100000e+000
  5.6930000e+001  2.5794500e+003  3.0000000e+000
  5.6980000e+001  2.5806200e+003  2.8500000e+000
  5.7030000e+001  2.5820000e+003  2.8900000e+000
  5.7080000e+001  2.5833800e+003  2.9600000e+000
  5.7130000e+001  2.5848600e+003  3.1000000e+000
  5.7180000e+001  2.5864300e+003  3.1600000e+000
  5.7230000e+001  2.5881500e+003  2.9400000e+000
  5.7280000e+001  2.5899600e+003  3.0600000e+000
  5.7330000e+001  2.5926400e+003  3.2700000e+000
  5.7380000e+001  2.5955200e+003  3.5000000e+000
  5.7430000e+001  2.5985300e+003  3.3900000e+000
  5.7480000e+001  2.6016100e+003  3.3400000e+000
  5.7500000e+001  2.6028400e+003  3.9300000e+000
  5.7550000e+001  2.6059200e+003  3.1700000e+000
  5.7600000e+001  2.6089900e+003  3.2500000e+000
  5.7650000e+001  2.6120700e+003  3.1700000e+000
  5.7700000e+001  2.6151400e+003  3.0800000e+000
  5.7750000e+001  2.6182200e+003  3.1500000e+000
  5.7800000e+001  2.6212900e+003  3.2400000e+000
  5.7850000e+001  2.6243700e+003  3.0200000e+000
  5.7900000e+001  2.6274500e+003  3.1600000e+000
  5.7950000e+001  2.6305200e+003  3.3300000e+000
  5.8000000e+001  2.6335500e+003  3.2500000e+000
  5.8050000e+001  2.6364400e+003  3.4300000e+000
  5.8100000e+001  2.6392000e+003  3.4300000e+000
  5.8150000e+001  2.6415200e+003  3.6300000e+000
  5.8200000e+001  2.6437200e+003  3.1700000e+000
  5.8250000e+001  2.6455700e+003  3.0900000e+000
  5.8300000e+001  2.6474100e+003  3.1300000e+000
  5.8350000e+001  2.6492600e+003  3.0600000e+000
  5.8400000e+001  2.6511000e+003  2.9900000e+000
  5.8450000e+001  2.6529400e+003  3.0100000e+000
  5.8500000e+001  2.6547900e+003  2.9700000e+000
  5.8550000e+001  2.6566300e+003  2.8700000e+000
  5.8600000e+001  2.6584800e+003  2.8300000e+000
  5.8650000e+001  2.6603200e+003  3.0000000e+000
  5.8750000e+001  2.6646200e+003  3.0400000e+000
  5.8800000e+001  2.6669300e+003  3.0400000e+000
  5.8850000e+001  2.6692400e+003  2.9800000e+000
  5.8900000e+001  2.6715400e+003  2.7500000e+000
  5.8950000e+001  2.6738500e+003  2.9400000e+000
  5.9000000e+001  2.6761600e+003  2.9600000e+000
  5.9050000e+001  2.6784600e+003  3.0400000e+000
  5.9100000e+001  2.6807700e+003  2.8200000e+000
  5.9150000e+001  2.6833100e+003  3.0900000e+000
  5.9200000e+001  2.6862000e+003  3.1400000e+000
  5.9250000e+001  2.6891600e+003  3.0400000e+000
  5.9300000e+001  2.6922400e+003  3.0200000e+000
  5.9350000e+001  2.6953100e+003  3.1100000e+000
  5.9400000e+001  2.6983800e+003  3.0900000e+000
  5.9450000e+001  2.7014600e+003  3.2800000e+000
  5.9500000e+001  2.7045400e+003  3.3600000e+000
  5.9550000e+001  2.7076100e+003  3.4600000e+000
  5.9600000e+001  2.7106900e+003  3.4900000e+000
  5.9650000e+001  2.7137600e+003  3.4400000e+000
  5.9690000e+001  2.7162200e+003  3.4200000e+000
  5.9700000e+001  2.7168400e+003  3.5700000e+000
  5.9740000e+001  2.7193000e+003  3.4000000e+000
  5.9790000e+001  2.7223700e+003  3.2700000e+000
  5.9890000e+001  2.7285300e+003  3.2900000e+000
  5.9940000e+001  2.7316000e+003  3.0400000e+000
  5.9990000e+001  2.7346700e+003  2.9300000e+000
  6.0040000e+001  2.7377500e+003  2.9600000e+000
  6.0090000e+001  2.7408300e+003  2.9500000e+000
  6.0140000e+001  2.7439000e+003  2.8400000e+000
  6.0190000e+001  2.7469700e+003  2.7500000e+000
  6.0240000e+001  2.7500500e+003  2.9500000e+000
  6.0290000e+001  2.7531300e+003  2.7800000e+000
  6.0340000e+001  2.7562000e+003  3.0000000e+000
  6.0390000e+001  2.7592800e+003  3.0600000e+000
  6.0440000e+001  2.7623500e+003  3.1300000e+000
  6.0490000e+001  2.7654200e+003  3.1300000e+000
  6.0540000e+001  2.7685000e+003  3.1900000e+000
  6.0590000e+001  2.7715800e+003  3.0600000e+000
  6.0640000e+001  2.7746600e+003  3.1500000e+000
  6.0690000e+001  2.7781200e+003  2.9900000e+000
  6.0740000e+001  2.7819700e+003  3.1600000e+000
  6.0790000e+001  2.7858100e+003  2.9700000e+000
  6.0840000e+001  2.7896600e+003  3.0800000e+000
  6.0890000e+001  2.7935000e+003  3.0400000e+000
  6.0940000e+001  2.7973400e+003  3.0800000e+000
  6.0990000e+001  2.8011900e+003  3.3300000e+000
  6.1040000e+001  2.8050400e+003  3.1500000e+000
  6.1090000e+001  2.8088800e+003  3.4600000e+000
  6.1140000e+001  2.8127200e+003  3.6300000e+000
  6.1190000e+001  2.8165700e+003  3.0800000e+000
  6.1240000e+001  2.8204200e+003  3.3200000e+000
  6.1290000e+001  2.8242600e+003  2.8500000e+000
  6.1340000e+001  2.8281000e+003  2.9900000e+000
  6.1390000e+001  2.8316900e+003  2.9900000e+000
  6.1440000e+001  2.8348900e+003  2.9400000e+000
  6.1490000e+001  2.8379700e+003  2.9700000e+000
  6.1540000e+001  2.8410500e+003  3.1500000e+000
  6.1590000e+001  2.8441200e+003  3.0200000e+000
  6.1640000e+001  2.8471600e+003  3.3700000e+000
  6.1690000e+001  2.8500400e+003  3.1000000e+000
  6.1740000e+001  2.8529200e+003  3.1200000e+000
  6.1790000e+001  2.8558000e+003  3.0700000e+000
  6.1840000e+001  2.8586900e+003  3.1900000e+000
  6.1890000e+001  2.8615700e+003  3.1700000e+000
  6.1940000e+001  2.8643000e+003  3.3200000e+000
  6.1990000e+001  2.8666100e+003  3.0700000e+000
  6.2040000e+001  2.8689100e+003  3.1300000e+000
  6.2090000e+001  2.8712200e+003  3.2200000e+000
  6.2140000e+001  2.8735300e+003  3.2100000e+000
  6.2190000e+001  2.8758300e+003  3.2100000e+000
  6.2240000e+001  2.8781300e+003  3.2900000e+000
  6.2290000e+001  2.8804500e+003  3.5000000e+000
  6.2340000e+001  2.8827500e+003  3.4200000e+000
  6.2390000e+001  2.8850500e+003  3.6200000e+000
  6.2440000e+001  2.8873700e+003  3.4600000e+000
  6.2490000e+001  2.8896700e+003  3.1200000e+000
  6.2540000e+001  2.8919800e+003  2.9800000e+000
  6.2590000e+001  2.8942800e+003  3.0500000e+000
  6.2640000e+001  2.8965900e+003  3.0300000e+000
  6.2690000e+001  2.8989000e+003  3.1400000e+000
  6.2740000e+001  2.9012000e+003  3.1800000e+000
  6.2790000e+001  2.9035100e+003  3.1100000e+000
  6.2840000e+001  2.9058200e+003  3.1500000e+000
  6.2890000e+001  2.9081200e+003  3.0500000e+000
  6.2940000e+001  2.9104300e+003  3.2500000e+000
  6.2990000e+001  2.9127400e+003  2.9200000e+000
  6.3040000e+001  2.9150400e+003  3.2100000e+000
  6.3090000e+001  2.9173500e+003  3.2700000e+000
  6.3140000e+001  2.9196500e+003  3.3400000e+000
  6.3190000e+001  2.9219600e+003  3.3300000e+000
  6.3240000e+001  2.9242700e+003  3.3800000e+000
  6.3290000e+001  2.9265700e+003  3.3700000e+000
  6.3340000e+001  2.9288800e+003  3.2900000e+000
  6.3390000e+001  2.9311900e+003  3.4800000e+000
  6.3440000e+001  2.9334900e+003  3.1200000e+000
  6.3490000e+001  2.9358000e+003  3.0900000e+000
  6.3540000e+001  2.9381100e+003  3.3200000e+000
  6.3590000e+001  2.9407600e+003  3.0100000e+000
  6.3640000e+001  2.9436400e+003  2.8200000e+000
  6.3690000e+001  2.9465200e+003  2.8700000e+000
  6.3740000e+001  2.9494000e+003  2.7700000e+000
  6.3790000e+001  2.9519200e+003  2.7900000e+000
  6.3840000e+001  2.9541600e+003  2.9000000e+000
  6.3890000e+001  2.9560000e+003  2.8600000e+000
  6.3940000e+001  2.9578500e+003  2.8500000e+000
  6.3990000e+001  2.9596900e+003  3.0000000e+000
  6.4040000e+001  2.9615400e+003  3.1700000e+000
  6.4090000e+001  2.9633900e+003  2.9500000e+000
  6.4140000e+001  2.9652300e+003  3.0200000e+000
  6.4190000e+001  2.9670800e+003  2.8500000e+000
  6.4240000e+001  2.9689200e+003  3.1500000e+000
  6.4290000e+001  2.9707700e+003  2.9400000e+000
  6.4340000e+001  2.9726100e+003  3.1100000e+000
  6.4390000e+001  2.9744600e+003  3.2100000e+000
  6.4440000e+001  2.9763000e+003  3.1200000e+000
  6.4490000e+001  2.9781500e+003  3.1600000e+000
  6.4540000e+001  2.9799900e+003  3.2800000e+000
  6.4590000e+001  2.9818400e+003  3.3000000e+000
  6.4640000e+001  2.9836800e+003  3.3700000e+000
  6.4690000e+001  2.9855200e+003  3.2500000e+000
  6.4740000e+001  2.9873700e+003  3.0000000e+000
  6.4790000e+001  2.9892200e+003  3.0600000e+000
  6.4840000e+001  2.9910600e+003  3.0600000e+000
  6.4890000e+001  2.9929100e+003  3.3500000e+000
  6.4940000e+001  2.9947500e+003  3.0100000e+000
  6.4990000e+001  2.9966000e+003  3.0300000e+000
  6.5040000e+001  2.9984500e+003  3.0500000e+000
  6.5090000e+001  3.0002900e+003  3.5000000e+000
  6.5140000e+001  3.0021300e+003  3.3100000e+000
  6.5190000e+001  3.0039800e+003  3.4200000e+000
  6.5240000e+001  3.0058200e+003  3.4300000e+000
  6.5290000e+001  3.0076700e+003  3.3500000e+000
  6.5340000e+001  3.0095100e+003  3.3700000e+000
  6.5390000e+001  3.0113600e+003  3.4200000e+000
  6.5440000e+001  3.0132000e+003  3.4600000e+000
  6.5490000e+001  3.0150500e+003  3.4200000e+000
  6.5540000e+001  3.0169000e+003  3.5000000e+000
  6.5590000e+001  3.0187400e+003  2.9400000e+000
  6.5640000e+001  3.0205900e+003  3.0800000e+000
  6.5690000e+001  3.0224300e+003  3.3300000e+000
  6.5740000e+001  3.0242700e+003  3.3200000e+000
  6.5790000e+001  3.0261200e+003  3.3500000e+000
  6.5840000e+001  3.0279700e+003  3.3700000e+000
  6.5890000e+001  3.0298100e+003  3.0100000e+000
  6.5940000e+001  3.0316900e+003  2.9800000e+000
  6.5990000e+001  3.0339900e+003  2.9200000e+000
  6.6040000e+001  3.0363000e+003  3.0000000e+000
  6.6090000e+001  3.0386100e+003  2.9600000e+000
  6.6140000e+001  3.0409100e+003  3.1400000e+000
  6.6190000e+001  3.0432300e+003  3.1000000e+000
  6.6240000e+001  3.0455300e+003  3.1500000e+000
  6.6290000e+001  3.0478300e+003  3.2200000e+000
  6.6340000e+001  3.0501400e+003  3.1100000e+000
  6.6390000e+001  3.0524400e+003  3.1100000e+000
  6.6440000e+001  3.0547500e+003  3.0000000e+000
  6.6540000e+001  3.0594700e+003  2.9800000e+000
  6.6590000e+001  3.0623600e+003  2.9600000e+000
  6.6630000e+001  3.0646600e+003  2.9600000e+000
  6.6690000e+001  3.0681200e+003  2.8400000e+000
  6.6740000e+001  3.0710100e+003  2.8400000e+000
  6.6790000e+001  3.0738900e+003  2.9000000e+000
  6.6840000e+001  3.0767800e+003  2.8300000e+000
  6.6890000e+001  3.0796600e+003  2.8800000e+000
  6.6940000e+001  3.0825400e+003  2.8600000e+000
  6.6990000e+001  3.0854300e+003  2.8300000e+000
  6.7040000e+001  3.0883100e+003  2.7800000e+000
  6.7090000e+001  3.0911900e+003  2.8800000e+000
  6.7140000e+001  3.0940800e+003  2.9600000e+000
  6.7190000e+001  3.0969500e+003  2.9800000e+000
  6.7240000e+001  3.0998300e+003  2.7900000e+000
  6.7290000e+001  3.1027100e+003  2.6400000e+000
  6.7340000e+001  3.1054100e+003  3.0500000e+000
  6.7390000e+001  3.1077100e+003  3.1200000e+000
  6.7440000e+001  3.1100100e+003  3.1000000e+000
  6.7490000e+001  3.1123300e+003  3.1000000e+000
  6.7540000e+001  3.1146300e+003  3.1100000e+000
  6.7590000e+001  3.1169300e+003  3.0600000e+000
  6.7640000e+001  3.1192500e+003  3.1300000e+000
  6.7690000e+001  3.1215500e+003  3.2400000e+000
  6.7740000e+001  3.1238500e+003  3.2100000e+000
  6.7790000e+001  3.1261600e+003  3.1600000e+000
  6.7840000e+001  3.1284700e+003  3.2200000e+000
  6.7890000e+001  3.1307800e+003  3.2800000e+000
  6.7940000e+001  3.1330800e+003  3.2100000e+000
  6.7990000e+001  3.1353800e+003  3.2000000e+000
  6.8040000e+001  3.1377000e+003  3.0900000e+000
  6.8090000e+001  3.1400000e+003  3.1500000e+000
  6.8170000e+001  3.1410000e+003  3.2900000e+000
  6.8320000e+001  3.1435000e+003  3.1000000e+000
  6.8470000e+001  3.1454000e+003  3.0900000e+000
  6.8620000e+001  3.1515800e+003  3.0600000e+000
  6.8770000e+001  3.1580700e+003  2.9500000e+000
  6.8920000e+001  3.1642700e+003  3.0100000e+000
  6.9070000e+001  3.1695700e+003  3.0900000e+000
  6.9220000e+001  3.1744700e+003  3.1100000e+000
  6.9370000e+001  3.1786400e+003  3.1700000e+000
  6.9520000e+001  3.1825400e+003  2.8900000e+000
  6.9630000e+001  3.1857100e+003  2.8200000e+000
  6.9630000e+001  3.1857100e+003  3.1300000e+000
  6.9780000e+001  3.1904800e+003  2.6900000e+000
  6.9930000e+001  3.1953100e+003  2.8300000e+000
  7.0280000e+001  3.2089500e+003  2.7200000e+000
  7.0430000e+001  3.2174500e+003  3.0500000e+000
  7.0430000e+001  3.2174500e+003  2.8500000e+000
  7.0580000e+001  3.2261500e+003  2.9000000e+000
  7.0580000e+001  3.2261500e+003  2.8400000e+000
  7.0830000e+001  3.2388000e+003  2.7100000e+000
  7.0980000e+001  3.2434200e+003  2.7000000e+000
  7.1130000e+001  3.2477800e+003  2.9400000e+000
  7.1130000e+001  3.2477800e+003  2.8400000e+000
  7.1280000e+001  3.2519000e+003  2.9100000e+000
  7.1480000e+001  3.2564300e+003  2.9800000e+000
  7.1730000e+001  3.2606100e+003  2.9800000e+000
  7.1880000e+001  3.2636400e+003  3.0500000e+000
  7.2080000e+001  3.2678800e+003  3.0300000e+000
  7.2330000e+001  3.2740000e+003  3.0300000e+000
  7.2480000e+001  3.2779600e+003  3.0700000e+000
  7.2630000e+001  3.2819400e+003  3.1700000e+000
  7.2830000e+001  3.2878900e+003  3.5100000e+000
  7.2830000e+001  3.2878900e+003  3.0400000e+000
  7.3080000e+001  3.2961600e+003  3.4500000e+000
  7.3280000e+001  3.3030300e+003  3.2700000e+000
  7.3430000e+001  3.3076200e+003  3.1500000e+000
  7.3880000e+001  3.3214000e+003  2.8800000e+000
  7.4030000e+001  3.3262300e+003  3.0200000e+000
  7.4030000e+001  3.3262300e+003  2.8600000e+000
  7.4030000e+001  3.3262300e+003  2.9600000e+000
  7.4180000e+001  3.3310600e+003  2.9700000e+000
  7.4330000e+001  3.3357500e+003  3.0400000e+000
  7.4480000e+001  3.3404300e+003  3.1300000e+000
  7.4480000e+001  3.3404300e+003  3.0900000e+000
  7.4640000e+001  3.3457500e+003  3.1600000e+000
  7.4640000e+001  3.3457500e+003  3.0300000e+000
  7.4830000e+001  3.3520900e+003  3.0700000e+000
  7.5430000e+001  3.3718600e+003  3.0900000e+000
  7.5580000e+001  3.3765500e+003  3.3100000e+000
  7.5730000e+001  3.3812400e+003  3.0600000e+000
  7.5880000e+001  3.3858600e+003  3.0100000e+000
  7.6030000e+001  3.3903800e+003  2.9500000e+000
  7.6180000e+001  3.3948900e+003  2.8900000e+000
  7.6330000e+001  3.3987500e+003  2.9200000e+000
  7.6480000e+001  3.4023600e+003  2.8500000e+000
  7.6630000e+001  3.4068900e+003  3.0000000e+000
  7.6780000e+001  3.4119900e+003  2.9100000e+000
  7.6930000e+001  3.4170900e+003  2.9400000e+000
  7.7080000e+001  3.4221800e+003  2.7900000e+000
  7.7230000e+001  3.4272900e+003  2.8200000e+000
  7.7380000e+001  3.4323900e+003  2.7400000e+000
  7.7530000e+001  3.4374000e+003  2.5900000e+000
  7.7680000e+001  3.4420300e+003  2.4500000e+000
  7.7680000e+001  3.4420300e+003  2.8500000e+000
  7.7830000e+001  3.4471100e+003  2.8000000e+000
  7.7980000e+001  3.4530300e+003  2.7200000e+000
  7.7980000e+001  3.4530300e+003  2.7200000e+000
  7.7980000e+001  3.4530300e+003  2.7900000e+000
  7.8130000e+001  3.4590600e+003  2.5900000e+000
  7.8280000e+001  3.4651100e+003  3.0200000e+000
  7.8280000e+001  3.4651100e+003  3.1200000e+000
  7.8480000e+001  3.4741200e+003  2.7500000e+000
  7.8480000e+001  3.4741200e+003  2.9100000e+000
  7.8630000e+001  3.4831800e+003  2.8300000e+000
  7.8780000e+001  3.4914600e+003  2.6500000e+000
  7.8930000e+001  3.4974900e+003  2.5700000e+000
  7.9080000e+001  3.5039100e+003  2.4900000e+000
  7.9230000e+001  3.5103200e+003  2.6200000e+000
  7.9380000e+001  3.5167400e+003  2.7300000e+000
  7.9380000e+001  3.5167400e+003  2.8100000e+000
  7.9380000e+001  3.5167400e+003  2.5700000e+000
  7.9530000e+001  3.5231600e+003  3.1600000e+000
  7.9680000e+001  3.5292300e+003  2.8600000e+000
  7.9830000e+001  3.5348300e+003  2.8800000e+000
  7.9980000e+001  3.5419100e+003  2.8300000e+000
  8.0130000e+001  3.5486200e+003  2.7900000e+000
  8.0280000e+001  3.5545700e+003  2.8100000e+000
  8.0430000e+001  3.5605100e+003  2.8000000e+000
  8.0580000e+001  3.5664600e+003  2.7500000e+000
  8.0730000e+001  3.5722100e+003  2.7500000e+000
  8.0880000e+001  3.5770900e+003  2.8200000e+000
  8.0990000e+001  3.5802100e+003  2.9800000e+000
  8.1190000e+001  3.5852100e+003  2.9500000e+000
  8.1390000e+001  3.5896700e+003  2.8700000e+000
  8.1540000e+001  3.5924100e+003  2.8300000e+000
  8.1840000e+001  3.5980200e+003  2.7600000e+000
  8.1990000e+001  3.6009200e+003  2.7300000e+000
  8.2290000e+001  3.6067200e+003  3.1400000e+000
  8.2440000e+001  3.6102200e+003  2.7900000e+000
  8.2640000e+001  3.6145900e+003  2.8200000e+000
  8.2840000e+001  3.6183800e+003  2.8000000e+000
  8.2990000e+001  3.6210300e+003  3.2700000e+000
  8.3490000e+001  3.6284400e+003  2.8900000e+000
  8.3690000e+001  3.6313400e+003  3.1600000e+000
  8.4140000e+001  3.6381000e+003  2.9200000e+000
  8.4340000e+001  3.6417600e+003  2.8800000e+000
  8.4490000e+001  3.6446600e+003  2.7900000e+000
  8.4490000e+001  3.6446600e+003  2.7600000e+000
  8.4790000e+001  3.6516500e+003  2.9400000e+000
  8.5190000e+001  3.6617400e+003  2.8300000e+000
  8.5390000e+001  3.6678900e+003  3.2300000e+000
  8.5540000e+001  3.6732900e+003  2.9800000e+000
  8.5690000e+001  3.6792100e+003  2.9000000e+000
  8.5890000e+001  3.6867300e+003  2.6200000e+000
  8.6040000e+001  3.6915300e+003  2.6600000e+000
  8.6190000e+001  3.6960700e+003  3.0300000e+000
  8.6390000e+001  3.7008800e+003  2.7700000e+000
  8.6540000e+001  3.7043200e+003  2.7800000e+000
  8.6690000e+001  3.7086000e+003  2.9000000e+000
  8.6890000e+001  3.7143500e+003  3.0100000e+000
  8.7040000e+001  3.7175400e+003  2.7300000e+000
  8.7190000e+001  3.7203000e+003  2.7100000e+000
  8.7390000e+001  3.7237500e+003  2.7300000e+000
  8.7540000e+001  3.7263400e+003  2.4300000e+000
  8.7740000e+001  3.7297800e+003  2.7700000e+000
  8.7940000e+001  3.7332700e+003  2.5900000e+000
  8.8140000e+001  3.7369600e+003  2.8000000e+000
  8.8340000e+001  3.7415600e+003  2.6800000e+000
  8.8490000e+001  3.7450500e+003  2.9500000e+000
  8.8640000e+001  3.7487000e+003  3.0400000e+000
  8.8740000e+001  3.7517600e+003  2.6900000e+000
  8.8940000e+001  3.7580900e+003  2.6900000e+000
  8.8940000e+001  3.7580900e+003  2.8600000e+000
  8.9140000e+001  3.7658000e+003  2.7300000e+000
  8.9140000e+001  3.7658000e+003  2.7200000e+000
  8.9340000e+001  3.7741100e+003  2.7000000e+000
  8.9340000e+001  3.7741100e+003  2.7100000e+000
  8.9540000e+001  3.7824100e+003  2.6100000e+000
  8.9740000e+001  3.7907300e+003  2.7600000e+000
  8.9940000e+001  3.7980900e+003  2.7400000e+000
  8.9940000e+001  3.7980900e+003  2.6500000e+000
  9.0040000e+001  3.8014000e+003  2.7800000e+000
  9.0040000e+001  3.8014000e+003  2.7300000e+000
  9.0240000e+001  3.8073100e+003  2.6200000e+000
  9.0440000e+001  3.8125500e+003  2.6900000e+000
  9.0640000e+001  3.8178000e+003  2.6200000e+000
  9.0840000e+001  3.8237600e+003  2.9300000e+000
  9.0840000e+001  3.8237600e+003  2.8400000e+000
  9.1040000e+001  3.8298200e+003  2.9500000e+000
  9.1240000e+001  3.8354200e+003  2.7900000e+000
  9.1440000e+001  3.8410000e+003  2.6000000e+000
  9.1540000e+001  3.8438000e+003  2.6000000e+000
  9.1740000e+001  3.8501100e+003  2.6600000e+000
  9.1940000e+001  3.8560500e+003  2.6700000e+000
  9.2140000e+001  3.8608500e+003  2.7600000e+000
  9.2340000e+001  3.8646000e+003  2.8700000e+000
  9.2340000e+001  3.8646000e+003  2.9400000e+000
  9.2540000e+001  3.8689200e+003  2.9500000e+000
  9.2740000e+001  3.8730400e+003  3.0400000e+000
  9.2940000e+001  3.8767300e+003  2.9100000e+000
  9.3140000e+001  3.8803400e+003  2.8300000e+000
  9.3340000e+001  3.8839300e+003  2.9000000e+000
  9.3340000e+001  3.8839300e+003  2.6900000e+000
  9.3540000e+001  3.8875400e+003  2.8200000e+000
  9.3740000e+001  3.8911600e+003  2.7000000e+000
  9.4140000e+001  3.8993200e+003  2.7400000e+000
  9.4340000e+001  3.9036400e+003  2.7700000e+000
  9.4340000e+001  3.9036400e+003  2.7100000e+000
  9.4540000e+001  3.9079700e+003  2.6800000e+000
  9.4740000e+001  3.9122900e+003  2.7100000e+000
  9.4940000e+001  3.9163800e+003  2.8300000e+000
  9.4940000e+001  3.9163800e+003  2.7400000e+000
  9.4940000e+001  3.9163800e+003  2.8100000e+000
  9.5340000e+001  3.9258900e+003  2.6900000e+000
  9.5540000e+001  3.9308100e+003  2.5900000e+000
  9.5740000e+001  3.9358000e+003  2.5100000e+000
  9.5940000e+001  3.9407900e+003  2.8200000e+000
  9.5940000e+001  3.9407900e+003  2.7500000e+000
  9.6040000e+001  3.9432900e+003  2.8400000e+000
  9.6260000e+001  3.9488200e+003  2.7500000e+000
  9.6460000e+001  3.9532700e+003  2.6400000e+000
  9.6460000e+001  3.9532700e+003  2.6700000e+000
  9.6660000e+001  3.9577300e+003  2.5800000e+000
  9.6860000e+001  3.9621800e+003  2.7500000e+000
  9.7060000e+001  3.9666300e+003  2.7900000e+000
  9.7060000e+001  3.9666300e+003  2.7400000e+000
  9.7260000e+001  3.9710900e+003  2.7900000e+000
  9.7460000e+001  3.9755400e+003  2.7700000e+000
  9.7660000e+001  3.9799900e+003  2.7900000e+000
  9.7660000e+001  3.9799900e+003  2.7400000e+000
  9.7860000e+001  3.9844500e+003  2.8000000e+000
  9.7860000e+001  3.9844500e+003  2.7800000e+000
  9.8060000e+001  3.9889300e+003  2.7900000e+000
  9.8060000e+001  3.9889300e+003  2.8000000e+000
  9.8260000e+001  3.9951900e+003  2.9400000e+000
  9.8260000e+001  3.9951900e+003  2.8900000e+000
  9.8460000e+001  4.0006800e+003  2.8600000e+000
  9.8680000e+001  4.0066000e+003  2.7300000e+000
  9.9280000e+001  4.0186600e+003  2.7800000e+000
  9.9480000e+001  4.0222500e+003  2.7000000e+000
  9.9680000e+001  4.0258300e+003  2.6800000e+000
  1.0018000e+002  4.0389200e+003  2.8100000e+000
  1.0038000e+002  4.0490200e+003  2.7100000e+000
  1.0058000e+002  4.0573200e+003  2.6500000e+000
  1.0058000e+002  4.0573200e+003  2.5200000e+000
  1.0078000e+002  4.0645500e+003  2.6200000e+000
  1.0098000e+002  4.0720000e+003  2.6700000e+000
  1.0118000e+002  4.0795300e+003  2.6400000e+000
  1.0148000e+002  4.0896700e+003  2.8800000e+000
  1.0158000e+002  4.0925400e+003  2.7200000e+000
  1.0178000e+002  4.0975000e+003  2.6200000e+000
  1.0198000e+002  4.1010300e+003  2.5900000e+000
  1.0218000e+002  4.1043600e+003  2.5900000e+000
  1.0228000e+002  4.1059300e+003  2.6500000e+000
  1.0228000e+002  4.1059300e+003  2.6000000e+000
  1.0248000e+002  4.1087900e+003  2.6100000e+000
  1.0268000e+002  4.1116200e+003  2.5900000e+000
  1.0268000e+002  4.1116200e+003  2.5800000e+000
  1.0288000e+002  4.1144500e+003  2.7000000e+000
  1.0308000e+002  4.1173000e+003  2.6700000e+000
  1.0318000e+002  4.1187200e+003  2.6900000e+000
  1.0318000e+002  4.1187200e+003  2.6700000e+000
  1.0338000e+002  4.1219300e+003  2.7600000e+000
  1.0338000e+002  4.1219300e+003  2.5900000e+000
  1.0358000e+002  4.1254800e+003  2.7700000e+000
  1.0378000e+002  4.1291400e+003  2.7000000e+000
  1.0402000e+002  4.1341600e+003  2.6900000e+000
  1.0422000e+002  4.1393100e+003  2.6700000e+000
  1.0442000e+002  4.1454200e+003  2.6600000e+000
  1.0442000e+002  4.1454200e+003  2.5600000e+000
  1.0462000e+002  4.1526000e+003  2.8800000e+000
  1.0462000e+002  4.1526000e+003  2.8900000e+000
  1.0482000e+002  4.1609400e+003  2.7300000e+000
  1.0502000e+002  4.1686400e+003  2.6300000e+000
  1.0522000e+002  4.1763000e+003  2.6100000e+000
  1.0522000e+002  4.1763000e+003  2.7500000e+000
  1.0542000e+002  4.1839500e+003  2.6700000e+000
  1.0542000e+002  4.1839500e+003  2.6600000e+000
  1.0562000e+002  4.1916400e+003  2.7000000e+000
  1.0582000e+002  4.1993600e+003  2.8800000e+000
  1.0602000e+002  4.2058700e+003  2.7000000e+000
  1.0602000e+002  4.2058700e+003  2.6200000e+000
  1.0622000e+002  4.2105000e+003  2.6200000e+000
  1.0642000e+002  4.2139700e+003  2.5900000e+000
  1.0642000e+002  4.2139700e+003  2.7200000e+000
  1.0662000e+002  4.2171700e+003  2.7600000e+000
  1.0682000e+002  4.2203500e+003  2.7500000e+000
  1.0702000e+002  4.2235400e+003  2.6000000e+000
  1.0722000e+002  4.2267300e+003  2.6300000e+000
  1.0742000e+002  4.2299200e+003  2.5500000e+000
  1.0762000e+002  4.2331100e+003  2.6300000e+000
  1.0782000e+002  4.2369600e+003  2.7100000e+000
  1.0802000e+002  4.2414000e+003  2.7300000e+000
  1.0822000e+002  4.2458600e+003  2.8000000e+000
  1.0842000e+002  4.2503300e+003  2.8100000e+000
  1.0862000e+002  4.2553000e+003  2.9400000e+000
  1.0862000e+002  4.2553000e+003  2.7500000e+000
  1.0882000e+002  4.2613300e+003  2.7300000e+000
  1.0902000e+002  4.2673600e+003  2.7000000e+000
  1.0922000e+002  4.2746800e+003  2.7500000e+000
  1.0922000e+002  4.2746800e+003  2.7500000e+000
  1.0930000e+002  4.2776400e+003  2.6800000e+000
  1.0950000e+002  4.2831700e+003  2.5400000e+000
  1.0970000e+002  4.2882000e+003  2.7600000e+000
  1.0990000e+002  4.2932600e+003  2.6100000e+000
  1.1010000e+002  4.2988600e+003  2.7400000e+000
  1.1030000e+002  4.3044300e+003  2.5800000e+000
  1.1050000e+002  4.3100100e+003  2.6200000e+000
  1.1060000e+002  4.3128000e+003  2.5700000e+000
  1.1080000e+002  4.3181900e+003  2.7300000e+000
  1.1100000e+002  4.3235700e+003  2.6300000e+000
  1.1100000e+002  4.3235700e+003  2.6400000e+000
  1.1120000e+002  4.3289600e+003  2.6900000e+000
  1.1140000e+002  4.3332600e+003  2.5500000e+000
  1.1160000e+002  4.3375700e+003  2.5800000e+000
  1.1160000e+002  4.3375700e+003  2.5800000e+000
  1.1180000e+002  4.3418800e+003  2.5600000e+000
  1.1200000e+002  4.3464200e+003  2.6700000e+000
  1.1200000e+002  4.3464200e+003  2.5800000e+000
  1.1234000e+002  4.3544000e+003  2.5300000e+000
  1.1254000e+002  4.3600600e+003  2.7300000e+000
  1.1274000e+002  4.3657200e+003  2.8500000e+000
  1.1294000e+002  4.3710700e+003  2.5600000e+000
  1.1334000e+002  4.3801400e+003  2.8100000e+000
  1.1354000e+002  4.3844500e+003  2.6400000e+000
  1.1374000e+002  4.3896600e+003  2.6100000e+000
  1.1394000e+002  4.3950500e+003  2.6300000e+000
  1.1414000e+002  4.4007800e+003  2.8400000e+000
  1.1434000e+002  4.4064900e+003  2.8500000e+000
  1.1454000e+002  4.4122200e+003  2.8100000e+000
  1.1454000e+002  4.4122200e+003  2.5900000e+000
  1.1474000e+002  4.4175900e+003  2.9700000e+000
  1.1474000e+002  4.4175900e+003  2.8400000e+000
  1.1489000e+002  4.4213200e+003  2.6100000e+000
  1.1514000e+002  4.4266300e+003  2.8100000e+000
  1.1534000e+002  4.4308900e+003  2.6900000e+000
  1.1534000e+002  4.4308900e+003  2.7700000e+000
  1.1554000e+002  4.4351400e+003  2.6800000e+000
  1.1554000e+002  4.4351400e+003  2.6100000e+000
  1.1574000e+002  4.4393900e+003  2.6600000e+000
  1.1574000e+002  4.4393900e+003  2.7700000e+000
  1.1574000e+002  4.4393900e+003  2.7200000e+000
  1.1594000e+002  4.4436400e+003  2.6900000e+000
  1.1594000e+002  4.4436400e+003  2.6700000e+000
  1.1614000e+002  4.4478900e+003  2.6800000e+000
  1.1634000e+002  4.4521400e+003  2.7600000e+000
  1.1654000e+002  4.4563900e+003  2.8000000e+000
  1.1674000e+002  4.4606400e+003  2.5700000e+000
  1.1694000e+002  4.4651600e+003  2.5600000e+000
  1.1694000e+002  4.4651600e+003  2.5900000e+000
  1.1714000e+002  4.4704900e+003  2.7000000e+000
  1.1734000e+002  4.4758000e+003  2.5900000e+000
  1.1734000e+002  4.4758000e+003  2.5300000e+000
  1.1754000e+002  4.4811200e+003  2.6700000e+000
  1.1774000e+002  4.4864400e+003  2.6900000e+000
  1.1774000e+002  4.4864400e+003  2.7000000e+000
  1.1774000e+002  4.4864400e+003  2.7000000e+000
  1.1794000e+002  4.4918400e+003  2.8300000e+000
  1.1794000e+002  4.4918400e+003  2.8100000e+000
  1.1814000e+002  4.4975900e+003  2.6700000e+000
  1.1834000e+002  4.5034400e+003  2.7200000e+000
  1.1854000e+002  4.5085400e+003  2.7200000e+000
  1.1874000e+002  4.5136000e+003  2.7000000e+000
  1.1874000e+002  4.5136000e+003  2.6800000e+000
  1.1894000e+002  4.5186700e+003  2.4100000e+000
  1.1914000e+002  4.5237500e+003  2.7500000e+000
  1.1934000e+002  4.5288100e+003  2.7400000e+000
  1.1954000e+002  4.5333800e+003  2.7900000e+000
  1.1974000e+002  4.5376700e+003  2.6600000e+000
  1.1994000e+002  4.5419600e+003  2.7500000e+000
  1.1994000e+002  4.5419600e+003  2.6100000e+000
  1.1994000e+002  4.5419600e+003  2.6300000e+000
  1.1994000e+002  4.5419600e+003  2.6900000e+000
  1.2014000e+002  4.5462500e+003  2.6800000e+000
  1.2034000e+002  4.5503100e+003  2.6800000e+000
  1.2054000e+002  4.5537800e+003  2.6200000e+000
  1.2054000e+002  4.5537800e+003  2.6600000e+000
  1.2074000e+002  4.5570000e+003  2.5600000e+000
  1.2094000e+002  4.5599500e+003  2.7100000e+000
  1.2094000e+002  4.5599500e+003  2.6800000e+000
  1.2114000e+002  4.5628200e+003  2.6500000e+000
  1.2134000e+002  4.5656700e+003  2.6800000e+000
  1.2154000e+002  4.5685300e+003  2.7900000e+000
  1.2154000e+002  4.5685300e+003  3.0600000e+000
  1.2164000e+002  4.5699600e+003  2.8400000e+000
  1.2164000e+002  4.5699600e+003  2.8200000e+000
  1.2174000e+002  4.5713800e+003  2.8700000e+000
  1.2184000e+002  4.5728100e+003  2.9000000e+000
  1.2184000e+002  4.5728100e+003  2.5600000e+000
  1.2194000e+002  4.5743900e+003  2.8600000e+000
  1.2194000e+002  4.5743900e+003  2.7800000e+000
  1.2204000e+002  4.5760900e+003  2.9300000e+000
  1.2214000e+002  4.5778800e+003  2.9300000e+000
  1.2224000e+002  4.5796600e+003  2.9400000e+000
  1.2224000e+002  4.5796600e+003  2.8900000e+000
  1.2234000e+002  4.5814500e+003  2.8100000e+000
  1.2234000e+002  4.5814500e+003  2.8100000e+000
  1.2244000e+002  4.5833500e+003  2.9200000e+000
  1.2254000e+002  4.5853100e+003  2.7600000e+000
  1.2254000e+002  4.5853100e+003  2.7900000e+000
  1.2254000e+002  4.5853100e+003  3.1000000e+000
  1.2262000e+002  4.5871100e+003  2.8000000e+000
  1.2262000e+002  4.5871100e+003  2.7400000e+000
  1.2314000e+002  4.5982500e+003  2.8400000e+000
  1.2314000e+002  4.5982500e+003  2.8200000e+000
  1.2334000e+002  4.6016900e+003  2.9000000e+000
  1.2334000e+002  4.6016900e+003  2.5600000e+000
  1.2354000e+002  4.6051200e+003  2.9300000e+000
  1.2374000e+002  4.6100000e+003  2.9400000e+000
  1.2374000e+002  4.6100000e+003  2.8900000e+000
  1.2399000e+002  4.6160800e+003  2.9900000e+000
  1.2419000e+002  4.6205800e+003  2.6300000e+000
  1.2419000e+002  4.6205800e+003  2.7300000e+000
  1.2439000e+002  4.6249200e+003  2.7200000e+000
  1.2439000e+002  4.6249200e+003  2.9900000e+000
  1.2459000e+002  4.6292700e+003  2.8000000e+000
  1.2479000e+002  4.6336200e+003  2.6700000e+000
  1.2479000e+002  4.6336200e+003  2.6700000e+000
  1.2499000e+002  4.6379500e+003  2.7000000e+000
  1.2519000e+002  4.6422900e+003  2.6200000e+000
  1.2519000e+002  4.6422900e+003  2.6400000e+000
  1.2539000e+002  4.6465200e+003  2.7500000e+000
  1.2559000e+002  4.6503400e+003  2.7500000e+000
  1.2559000e+002  4.6503400e+003  2.7700000e+000
  1.2579000e+002  4.6536500e+003  2.7800000e+000
  1.2609000e+002  4.6585300e+003  2.6100000e+000
  1.2629000e+002  4.6616800e+003  2.6100000e+000
  1.2649000e+002  4.6648400e+003  2.6700000e+000
  1.2649000e+002  4.6648400e+003  2.5900000e+000
  1.2669000e+002  4.6679900e+003  2.7800000e+000
  1.2689000e+002  4.6711400e+003  2.6400000e+000
  1.2709000e+002  4.6743000e+003  2.7200000e+000
  1.2729000e+002  4.6775900e+003  2.5500000e+000
  1.2749000e+002  4.6821200e+003  2.6800000e+000
  1.2769000e+002  4.6862100e+003  2.8100000e+000
  1.2789000e+002  4.6913700e+003  2.8100000e+000
  1.2809000e+002  4.6967700e+003  2.9200000e+000
  1.2829000e+002  4.7011000e+003  2.8700000e+000
  1.2849000e+002  4.7053500e+003  2.7800000e+000
  1.2869000e+002  4.7096100e+003  2.7300000e+000
  1.2889000e+002  4.7138600e+003  2.6700000e+000
  1.2909000e+002  4.7175200e+003  2.7100000e+000
  1.2929000e+002  4.7211000e+003  2.7600000e+000
  1.2949000e+002  4.7246800e+003  2.9200000e+000
  1.2969000e+002  4.7282600e+003  2.9800000e+000
  1.2977000e+002  4.7296700e+003  2.9200000e+000
  1.2997000e+002  4.7332500e+003  2.9400000e+000
  1.3017000e+002  4.7367400e+003  2.9100000e+000
  1.3037000e+002  4.7410700e+003  2.8300000e+000
  1.3057000e+002  4.7451800e+003  2.9500000e+000
  1.3077000e+002  4.7486300e+003  2.8000000e+000
  1.3097000e+002  4.7518800e+003  2.8100000e+000
  1.3137000e+002  4.7583600e+003  2.8000000e+000
  1.3147000e+002  4.7597200e+003  2.8100000e+000
  1.3157000e+002  4.7610900e+003  2.6800000e+000
  1.3177000e+002  4.7636900e+003  2.9100000e+000
  1.3187000e+002  4.7649900e+003  2.9300000e+000
  1.3217000e+002  4.7688800e+003  3.1000000e+000
  1.3237000e+002  4.7714400e+003  3.0400000e+000
  1.3257000e+002  4.7740900e+003  3.0000000e+000
  1.3277000e+002  4.7766500e+003  2.9900000e+000
  1.3297000e+002  4.7792100e+003  2.9200000e+000
  1.3317000e+002  4.7818100e+003  2.9400000e+000
  1.3355000e+002  4.7873000e+003  2.8500000e+000
  1.3375000e+002  4.7907800e+003  2.8000000e+000
  1.3395000e+002  4.7954400e+003  2.8100000e+000
  1.3415000e+002  4.8001100e+003  2.8100000e+000
  1.3435000e+002  4.8049300e+003  2.9400000e+000
  1.3455000e+002  4.8096000e+003  2.9200000e+000
  1.3475000e+002  4.8143000e+003  2.9800000e+000
  1.3495000e+002  4.8188100e+003  2.9200000e+000
  1.3515000e+002  4.8242200e+003  2.7700000e+000
  1.3535000e+002  4.8298100e+003  2.7900000e+000
  1.3555000e+002  4.8350300e+003  2.7300000e+000
  1.3575000e+002  4.8392400e+003  2.7600000e+000
  1.3595000e+002  4.8432200e+003  2.9500000e+000
  1.3615000e+002  4.8459000e+003  2.9800000e+000
  1.3635000e+002  4.8485500e+003  3.0500000e+000
  1.3655000e+002  4.8511900e+003  3.0600000e+000
  1.3675000e+002  4.8538900e+003  2.9000000e+000
  1.3695000e+002  4.8572700e+003  2.8500000e+000
  1.3715000e+002  4.8606000e+003  2.7500000e+000
  1.3735000e+002  4.8635700e+003  2.8100000e+000
  1.3755000e+002  4.8670500e+003  2.6900000e+000
  1.3775000e+002  4.8710000e+003  2.6300000e+000
  1.3795000e+002  4.8748200e+003  2.7000000e+000
  1.3815000e+002  4.8788000e+003  2.6900000e+000
  1.3835000e+002  4.8831200e+003  2.7300000e+000
  1.3855000e+002  4.8869100e+003  2.7600000e+000
  1.3875000e+002  4.8898200e+003  2.9900000e+000
  1.3915000e+002  4.8950700e+003  3.2900000e+000
  1.3935000e+002  4.8972900e+003  3.3200000e+000
  1.3955000e+002  4.8992900e+003  3.2600000e+000
  1.3975000e+002  4.9013000e+003  3.2000000e+000
  1.3995000e+002  4.9033100e+003  3.0500000e+000
  1.4015000e+002  4.9053200e+003  2.8700000e+000
  1.4035000e+002  4.9073200e+003  2.7500000e+000
  1.4055000e+002  4.9093400e+003  2.8200000e+000
  1.4075000e+002  4.9113800e+003  2.7400000e+000
  1.4095000e+002  4.9133900e+003  2.6600000e+000
  1.4103000e+002  4.9142000e+003  2.7800000e+000
  1.4123000e+002  4.9162200e+003  2.7600000e+000
  1.4143000e+002  4.9182500e+003  2.7800000e+000
  1.4163000e+002  4.9202700e+003  2.7400000e+000
  1.4183000e+002  4.9221900e+003  2.7300000e+000
  1.4203000e+002  4.9243100e+003  2.7100000e+000
  1.4223000e+002  4.9267100e+003  2.8500000e+000
  1.4243000e+002  4.9294800e+003  2.6200000e+000
  1.4263000e+002  4.9324800e+003  2.8200000e+000
  1.4283000e+002  4.9358500e+003  2.8500000e+000
  1.4303000e+002  4.9400600e+003  2.9100000e+000
  1.4323000e+002  4.9449200e+003  2.9000000e+000
  1.4343000e+002  4.9511300e+003  2.6900000e+000
  1.4363000e+002  4.9588000e+003  2.5500000e+000
  1.4381000e+002  4.9658400e+003  2.7100000e+000
  1.4401000e+002  4.9727800e+003  2.6500000e+000
  1.4421000e+002  4.9787400e+003  2.9000000e+000
  1.4441000e+002  4.9845300e+003  2.6500000e+000
  1.4461000e+002  4.9904700e+003  2.7100000e+000
  1.4481000e+002  4.9963100e+003  2.5800000e+000
  1.4501000e+002  5.0012700e+003  2.7100000e+000
  1.4521000e+002  5.0056300e+003  2.6400000e+000
  1.4541000e+002  5.0100700e+003  2.8200000e+000
  1.4571000e+002  5.0159600e+003  2.6200000e+000
  1.4591000e+002  5.0198000e+003  2.6100000e+000
  1.4611000e+002  5.0235400e+003  2.5800000e+000
  1.4631000e+002  5.0276000e+003  2.6600000e+000
  1.4651000e+002  5.0324000e+003  2.6000000e+000
  1.4671000e+002  5.0364500e+003  2.6500000e+000
  1.4691000e+002  5.0390000e+003  2.8400000e+000
  1.4721000e+002  5.0437100e+003  2.9400000e+000
  1.4751000e+002  5.0497200e+003  2.9100000e+000
  1.4771000e+002  5.0537800e+003  2.8400000e+000
  1.4791000e+002  5.0576700e+003  2.7300000e+000
  1.4811000e+002  5.0617300e+003  2.6100000e+000
  1.4831000e+002  5.0656600e+003  2.7100000e+000
  1.4861000e+002  5.0706400e+003  2.6400000e+000
  1.4881000e+002  5.0737300e+003  2.5400000e+000
  1.4901000e+002  5.0766600e+003  2.6600000e+000
  1.4921000e+002  5.0791600e+003  2.6100000e+000
  1.4941000e+002  5.0816300e+003  2.5800000e+000
  1.4961000e+002  5.0841800e+003  2.6800000e+000
  1.4981000e+002  5.0884700e+003  2.4600000e+000
  1.5011000e+002  5.0947200e+003  2.6000000e+000
  1.5031000e+002  5.0990100e+003  2.7400000e+000
  1.5051000e+002  5.1032900e+003  2.9100000e+000
  1.5071000e+002  5.1075600e+003  2.8400000e+000
  1.5091000e+002  5.1128200e+003  2.7800000e+000
  1.5113000e+002  5.1202100e+003  2.6700000e+000
  1.5133000e+002  5.1278500e+003  2.6600000e+000
  1.5153000e+002  5.1364100e+003  2.6600000e+000
  1.5173000e+002  5.1426100e+003  2.7000000e+000
  1.5193000e+002  5.1477800e+003  2.5600000e+000
  1.5213000e+002  5.1525600e+003  2.6700000e+000
  1.5233000e+002  5.1569600e+003  2.8400000e+000
  1.5253000e+002  5.1614200e+003  2.6900000e+000
  1.5273000e+002  5.1657500e+003  2.7800000e+000
  1.5293000e+002  5.1700800e+003  2.8900000e+000
  1.5313000e+002  5.1744100e+003  2.9000000e+000
  1.5333000e+002  5.1786700e+003  2.8800000e+000
  1.5353000e+002  5.1830500e+003  2.8000000e+000
  1.5373000e+002  5.1873300e+003  2.8600000e+000
  1.5393000e+002  5.1917600e+003  2.7600000e+000
  1.5413000e+002  5.1966900e+003  2.6300000e+000
  1.5433000e+002  5.2016900e+003  2.6300000e+000
  1.5453000e+002  5.2064600e+003  2.8400000e+000
  1.5473000e+002  5.2112000e+003  2.7100000e+000
  1.5490000e+002  5.2152600e+003  2.6100000e+000
  1.5572000e+002  5.2327700e+003  2.5400000e+000
  1.5582000e+002  5.2351800e+003  2.7000000e+000
  1.5592000e+002  5.2376200e+003  2.8000000e+000
  1.5602000e+002  5.2403600e+003  2.8600000e+000
  1.5612000e+002  5.2433300e+003  2.8000000e+000
  1.5632000e+002  5.2492800e+003  2.8500000e+000
  1.5642000e+002  5.2522500e+003  2.9300000e+000
  1.5652000e+002  5.2550600e+003  2.8100000e+000
  1.5662000e+002  5.2575700e+003  2.8400000e+000
  1.5672000e+002  5.2599400e+003  2.8600000e+000
  1.5682000e+002  5.2623200e+003  2.7500000e+000
  1.5692000e+002  5.2647000e+003  2.7700000e+000
  1.5702000e+002  5.2670800e+003  2.7900000e+000
  1.5712000e+002  5.2693100e+003  2.6000000e+000
  1.5722000e+002  5.2715500e+003  2.7300000e+000
  1.5732000e+002  5.2733600e+003  2.6900000e+000
  1.5742000e+002  5.2753200e+003  2.6700000e+000
  1.5752000e+002  5.2776000e+003  2.6100000e+000
  1.5762000e+002  5.2795700e+003  2.7300000e+000
  1.5772000e+002  5.2810800e+003  2.7200000e+000
  1.5782000e+002  5.2825400e+003  2.8700000e+000
  1.5792000e+002  5.2839600e+003  2.6700000e+000
  1.5802000e+002  5.2852400e+003  2.7200000e+000
  1.5812000e+002  5.2867500e+003  2.7100000e+000
  1.5822000e+002  5.2883500e+003  2.8300000e+000
  1.5832000e+002  5.2898400e+003  2.8300000e+000
  1.5842000e+002  5.2914100e+003  2.8200000e+000
  1.5852000e+002  5.2928400e+003  2.7800000e+000
  1.5862000e+002  5.2942800e+003  2.9000000e+000
  1.5872000e+002  5.2956300e+003  2.9100000e+000
  1.5882000e+002  5.2970600e+003  2.8500000e+000
  1.5892000e+002  5.2985100e+003  2.9400000e+000
  1.5902000e+002  5.3001000e+003  2.7900000e+000
  1.5912000e+002  5.3018000e+003  2.7300000e+000
  1.5922000e+002  5.3035800e+003  2.7600000e+000
  1.5933000e+002  5.3054300e+003  2.7500000e+000
  1.5943000e+002  5.3069900e+003  2.6500000e+000
  1.5951000e+002  5.3081800e+003  2.6200000e+000
  1.5961000e+002  5.3098900e+003  2.6700000e+000
  1.5972000e+002  5.3120100e+003  2.5200000e+000
  1.5982000e+002  5.3141700e+003  2.6000000e+000
  1.5992000e+002  5.3167100e+003  2.7000000e+000
  1.6012000e+002  5.3223400e+003  2.6200000e+000
  1.6022000e+002  5.3249100e+003  2.5900000e+000
  1.6032000e+002  5.3273500e+003  2.6000000e+000
  1.6042000e+002  5.3296500e+003  2.7000000e+000
  1.6052000e+002  5.3319300e+003  2.7500000e+000
  1.6062000e+002  5.3338300e+003  2.7000000e+000
