  1.0000000e-002  2.3982025e-002  3.4050000e+000
  5.0000000e-002  1.1991013e-001  3.3200000e+000
  1.5000000e-001  3.5973038e-001  3.3050000e+000
  2.1000000e-001  5.0362253e-001  3.7500000e+000
  2.5000000e-001  5.9955063e-001  3.4150000e+000
  3.5000000e-001  8.3937089e-001  3.4700000e+000
  4.1000000e-001  9.8326304e-001  3.6400000e+000
  4.5000000e-001  1.0791911e+000  3.3550000e+000
  5.5000000e-001  1.3190114e+000  3.0300000e+000
  6.1000000e-001  1.4629035e+000  3.4600000e+000
  6.5000000e-001  1.5588316e+000  3.3100000e+000
  7.5000000e-001  1.7986519e+000  3.0500000e+000
  8.1000000e-001  1.9425441e+000  3.4600000e+000
  8.5000000e-001  2.0384722e+000  3.2000000e+000
  9.5000000e-001  2.2782924e+000  3.4300000e+000
  1.0500000e+000  2.5181127e+000  3.1200000e+000
  1.2500000e+000  3.2105022e+000  3.4000000e+000
  1.4100000e+000  4.1778882e+000  3.3600000e+000
  1.7100000e+000  5.9610821e+000  3.4600000e+000
  2.0500000e+000  7.7716694e+000  3.3600000e+000
  2.6500000e+000  1.0695443e+001  3.8750000e+000
  2.7100000e+000  1.1017920e+001  3.7000000e+000
  2.7500000e+000  1.1232904e+001  3.8100000e+000
  2.8500000e+000  1.1770366e+001  3.6950000e+000
  2.9100000e+000  1.2092842e+001  4.3500000e+000
  2.9500000e+000  1.2307827e+001  4.3300000e+000
  3.0100000e+000  1.2753325e+001  3.7100000e+000
  3.0500000e+000  1.3075776e+001  4.0800000e+000
  3.1500000e+000  1.3881960e+001  4.0100000e+000
  3.2100000e+000  1.4365679e+001  4.3500000e+000
  3.2500000e+000  1.4688130e+001  4.0500000e+000
  3.3500000e+000  1.5494278e+001  5.2300000e+000
  3.4100000e+000  1.5977995e+001  5.1900000e+000
  3.4500000e+000  1.6300475e+001  5.1550000e+000
  3.5500000e+000  1.7106686e+001  5.3400000e+000
  3.6100000e+000  1.7590367e+001  5.4800000e+000
  3.6500000e+000  1.7912817e+001  5.3650000e+000
  3.7500000e+000  1.8718944e+001  5.3350000e+000
  3.8100000e+000  1.9202636e+001  5.3400000e+000
  3.9500000e+000  2.0331298e+001  5.3600000e+000
  4.0100000e+000  2.0814974e+001  5.3100000e+000
  4.0500000e+000  2.1137440e+001  5.3550000e+000
  4.1500000e+000  2.1937007e+001  5.3600000e+000
  4.7500000e+000  2.5801271e+001  5.0900000e+000
  4.8500000e+000  2.6405879e+001  4.9700000e+000
  4.8700000e+000  2.6526800e+001  5.1300000e+000
  4.9100000e+000  2.6768644e+001  5.0100000e+000
  4.9500000e+000  2.7010487e+001  5.1400000e+000
  4.9700000e+000  2.7131408e+001  5.1400000e+000
  5.0300000e+000  2.7494173e+001  5.1350000e+000
  5.0500000e+000  2.7615095e+001  5.0050000e+000
  5.0700000e+000  2.7736016e+001  5.1200000e+000
  5.2800000e+000  2.8958283e+001  5.0400000e+000
  5.3700000e+000  2.9441985e+001  4.7100000e+000
  5.4700000e+000  2.9979431e+001  4.8100000e+000
  5.7700000e+000  3.1314868e+001  4.7700000e+000
  5.8300000e+000  3.1532736e+001  4.6000000e+000
  5.8800000e+000  3.1693972e+001  4.9800000e+000
  5.9700000e+000  3.1984198e+001  4.8500000e+000
  6.0300000e+000  3.2177682e+001  4.8550000e+000
  6.0700000e+000  3.2306671e+001  5.0050000e+000
  6.4800000e+000  3.3628806e+001  4.8800000e+000
  6.5300000e+000  3.3790040e+001  4.9000000e+000
  6.5700000e+000  3.3919027e+001  4.6850000e+000
  6.6700000e+000  3.4241494e+001  4.8500000e+000
  6.7300000e+000  3.4434975e+001  4.9500000e+000
  6.8700000e+000  3.4886430e+001  4.5600000e+000
  6.9700000e+000  3.5208897e+001  4.8350000e+000
  7.5300000e+000  3.7014653e+001  4.6200000e+000
  7.6800000e+000  3.7498356e+001  4.0900000e+000
  7.7700000e+000  3.7788581e+001  4.2433000e+000
  7.8300000e+000  3.7982065e+001  4.2800000e+000
  8.0300000e+000  3.8627011e+001  4.6200000e+000
  8.0400000e+000  3.8659259e+001  4.6700000e+000
  8.2800000e+000  3.9526985e+001  4.7800000e+000
  8.3800000e+000  3.9930049e+001  4.8900000e+000
  8.4400000e+000  4.0139618e+001  4.5100000e+000
  8.4800000e+000  4.0268607e+001  4.1200000e+000
  8.7800000e+000  4.1236027e+001  4.3700000e+000
  8.8800000e+000  4.1558500e+001  4.8150000e+000
  8.9800000e+000  4.1880973e+001  4.7500000e+000
  9.0400000e+000  4.2074457e+001  4.6700000e+000
  9.0800000e+000  4.2203446e+001  4.8600000e+000
  9.1400000e+000  4.2396930e+001  4.7900000e+000
  9.1800000e+000  4.2525919e+001  4.8800000e+000
  9.2800000e+000  4.2848392e+001  4.8600000e+000
  9.3400000e+000  4.3041876e+001  4.8900000e+000
  9.5400000e+000  4.3686822e+001  4.8100000e+000
  9.5800000e+000  4.3815811e+001  4.7700000e+000
  9.6400000e+000  4.4009279e+001  4.8500000e+000
  9.6800000e+000  4.4138257e+001  4.7000000e+000
  9.8400000e+000  4.4654170e+001  4.7300000e+000
  9.9400000e+000  4.4976615e+001  4.5700000e+000
  9.9800000e+000  4.5105593e+001  4.6400000e+000
  1.0040000e+001  4.5299060e+001  4.4800000e+000
  1.0080000e+001  4.5428038e+001  4.5100000e+000
  1.0240000e+001  4.5943984e+001  4.6267000e+000
  1.0440000e+001  4.6588974e+001  5.1000000e+000
  1.1340000e+001  4.9491016e+001  4.7650000e+000
  1.1580000e+001  5.0447167e+001  4.4000000e+000
  1.1880000e+001  5.1889910e+001  4.2200000e+000
  1.1940000e+001  5.2180150e+001  4.8233000e+000
  1.2180000e+001  5.3341111e+001  4.7500000e+000
  1.2240000e+001  5.3662784e+001  4.4250000e+000
  1.2440000e+001  5.4737347e+001  4.0900000e+000
  1.2640000e+001  5.6092364e+001  4.1800000e+000
  1.2780000e+001  5.7559667e+001  5.0000000e+000
  1.2840000e+001  5.8204603e+001  4.7700000e+000
  1.3240000e+001  6.2814463e+001  4.8850000e+000
  1.3440000e+001  6.5495085e+001  5.1200000e+000
  1.3580000e+001  6.7376140e+001  4.6600000e+000
  1.3740000e+001  6.9525956e+001  4.6267000e+000
  1.3880000e+001  7.1407051e+001  4.2900000e+000
  1.3940000e+001  7.2213234e+001  4.2800000e+000
  1.4280000e+001  7.6781607e+001  4.3700000e+000
  1.4340000e+001  7.7587781e+001  4.4450000e+000
  1.4540000e+001  8.0275002e+001  4.2350000e+000
  1.4580000e+001  8.0812447e+001  4.0100000e+000
  1.4740000e+001  8.2858776e+001  4.0600000e+000
  1.4880000e+001  8.4551988e+001  3.4700000e+000
  1.4940000e+001  8.5113016e+001  4.9150000e+000
  1.5040000e+001  8.5882568e+001  4.3500000e+000
  1.5040000e+001  8.5882568e+001  4.7600000e+000
  1.5180000e+001  8.6785553e+001  4.4400000e+000
  1.5240000e+001  8.7172547e+001  4.2200000e+000
  1.5240000e+001  8.7172547e+001  4.6900000e+000
  1.5980000e+001  9.1945003e+001  4.1700000e+000
  1.7180000e+001  1.0229071e+002  4.0200000e+000
  1.7280000e+001  1.0329833e+002  3.9300000e+000
  1.7440000e+001  1.0491051e+002  4.0700000e+000
  1.7480000e+001  1.0531356e+002  3.5400000e+000
  1.7580000e+001  1.0632117e+002  4.0400000e+000
  1.7580000e+001  1.0632117e+002  4.4200000e+000
  1.7640000e+001  1.0687944e+002  4.4450000e+000
  1.7840000e+001  1.0832238e+002  4.4700000e+000
  1.8040000e+001  1.0961249e+002  4.5500000e+000
  1.8240000e+001  1.1090261e+002  3.8800000e+000
  1.8340000e+001  1.1154204e+002  4.1800000e+000
  1.8540000e+001  1.1275126e+002  4.0800000e+000
  1.8680000e+001  1.1359772e+002  3.3700000e+000
  1.8740000e+001  1.1396049e+002  3.6800000e+000
  1.9140000e+001  1.1614953e+002  3.4000000e+000
  1.9340000e+001  1.1712416e+002  3.3200000e+000
  1.9340000e+001  1.1712416e+002  4.2700000e+000
  1.9340000e+001  1.1712416e+002  3.2200000e+000
  1.9540000e+001  1.1809166e+002  3.1800000e+000
  1.9540000e+001  1.1809166e+002  3.3950000e+000
  1.9740000e+001  1.1905917e+002  3.2600000e+000
  1.9740000e+001  1.1905917e+002  3.1400000e+000
  2.0380000e+001  1.2132016e+002  3.1700000e+000
  2.0680000e+001  1.2237493e+002  3.1500000e+000
  2.0980000e+001  1.2381592e+002  3.1100000e+000
  2.1380000e+001  1.2695234e+002  3.0800000e+000
  2.2000000e+001  1.3492581e+002  5.2300000e+000
  2.3500000e+001  1.4845682e+002  5.1000000e+000
  2.3800000e+001  1.5008610e+002  5.1800000e+000
  2.4100000e+001  1.5140196e+002  4.6500000e+000
  2.4400000e+001  1.5238293e+002  4.3400000e+000
  2.4900000e+001  1.5415075e+002  4.7500000e+000
  2.5500000e+001  1.5701762e+002  4.9000000e+000
  2.5800000e+001  1.5861127e+002  4.7500000e+000
  2.6600000e+001  1.6348482e+002  4.9500000e+000
  2.6800000e+001  1.6477493e+002  5.0400000e+000
  2.7200000e+001  1.6775411e+002  4.5100000e+000
  2.8100000e+001  1.7637041e+002  4.6000000e+000
  3.2650000e+001  1.9682130e+002  3.9800000e+000
  3.2950000e+001  1.9819782e+002  3.7600000e+000
  3.3250000e+001  1.9964907e+002  3.4700000e+000
  3.3320000e+001  1.9998769e+002  3.4000000e+000
  3.3450000e+001  2.0067904e+002  3.3300000e+000
  3.5050000e+001  2.1374014e+002  3.5000000e+000
  3.5050000e+001  2.1374014e+002  3.7000000e+000
  3.6250000e+001  2.2610813e+002  4.4200000e+000
  3.6550000e+001  2.2879964e+002  4.5500000e+000
  3.6550000e+001  2.2879964e+002  3.2600000e+000
  3.7150000e+001  2.3266842e+002  4.1800000e+000
  3.7750000e+001  2.3660980e+002  3.7100000e+000
  3.7750000e+001  2.3660980e+002  3.7000000e+000
  3.7820000e+001  2.3717359e+002  3.4100000e+000
  3.8050000e+001  2.3902869e+002  3.4100000e+000
  3.8350000e+001  2.4097957e+002  3.5000000e+000
  3.8350000e+001  2.4097957e+002  3.5200000e+000
  3.9200000e+001  2.4646172e+002  4.6600000e+000
  3.9500000e+001  2.4839617e+002  4.4500000e+000
  4.0500000e+001  2.5484569e+002  4.6600000e+000
  4.0720000e+001  2.5626445e+002  4.7100000e+000
  4.1320000e+001  2.6013396e+002  4.6700000e+000
  4.1620000e+001  2.6206880e+002  4.5700000e+000
  4.1620000e+001  2.6206880e+002  4.5700000e+000
  4.2520000e+001  2.6787299e+002  4.4300000e+000
  4.3420000e+001  2.7374524e+002  4.7300000e+000
  4.4620000e+001  2.8842674e+002  4.2200000e+000
  4.4920000e+001  2.9154370e+002  4.7600000e+000
  4.6420000e+001  3.0121792e+002  4.2800000e+000
  4.6720000e+001  3.0315300e+002  4.2000000e+000
  4.7020000e+001  3.0508734e+002  4.2700000e+000
  4.7920000e+001  3.1089200e+002  3.6700000e+000
  4.8190000e+001  3.1263290e+002  3.3200000e+000
  4.8190000e+001  3.1263290e+002  4.5900000e+000
  4.8990000e+001  3.1779261e+002  3.7000000e+000
  4.9990000e+001  3.2424180e+002  3.1400000e+000
  5.0010000e+001  3.2437079e+002  3.3100000e+000
  5.0990000e+001  3.3129976e+002  3.0200000e+000
  5.1010000e+001  3.3150129e+002  3.0000000e+000
  5.2020000e+001  3.4089978e+002  5.3400000e+000
  5.2040000e+001  3.4102071e+002  5.1700000e+000
  5.3040000e+001  3.4643411e+002  4.9800000e+000
  5.3320000e+001  3.4777546e+002  4.5300000e+000
  5.3340000e+001  3.4785604e+002  5.0100000e+000
  5.4320000e+001  3.5132951e+002  5.1700000e+000
  5.4620000e+001  3.5274247e+002  4.8200000e+000
  5.5520000e+001  3.5709577e+002  4.9800000e+000
  5.6320000e+001  3.6096575e+002  4.5000000e+000
  5.6620000e+001  3.6241700e+002  4.9100000e+000
  5.7220000e+001  3.6567241e+002  4.6400000e+000
  5.7520000e+001  3.6748625e+002  4.5900000e+000
  5.7820000e+001  3.6940532e+002  4.5100000e+000
  5.8520000e+001  3.7391981e+002  4.7200000e+000
  5.8820000e+001  3.7585485e+002  4.3400000e+000
  5.9420000e+001  3.7972423e+002  4.2500000e+000
  5.9580000e+001  3.8075615e+002  4.3600000e+000
  5.9720000e+001  3.8165907e+002  3.5600000e+000
  5.9920000e+001  3.8294897e+002  4.2600000e+000
  6.0220000e+001  3.8536530e+002  4.1400000e+000
  6.0520000e+001  3.8778389e+002  4.2000000e+000
  6.0820000e+001  3.9020216e+002  3.9400000e+000
  6.2020000e+001  3.9772928e+002  3.4300000e+000
  6.4220000e+001  4.1068123e+002  3.1200000e+000
  6.5120000e+001  4.1648551e+002  3.5700000e+000
  6.5530000e+001  4.2006374e+002  3.8200000e+000
  6.5830000e+001  4.2344742e+002  4.0600000e+000
  6.6430000e+001  4.3220696e+002  5.6100000e+000
  6.7030000e+001  4.4023530e+002  4.7500000e+000
  6.8530000e+001  4.5045229e+002  5.1500000e+000
  6.8830000e+001  4.5260554e+002  4.9900000e+000
  6.9130000e+001  4.5454071e+002  4.4600000e+000
  6.9730000e+001  4.5821963e+002  4.7800000e+000
  7.2940000e+001  4.7450818e+002  4.4700000e+000
  7.3840000e+001  4.7886051e+002  4.3100000e+000
  7.4440000e+001  4.8176301e+002  4.0800000e+000
  7.4640000e+001  4.8273051e+002  4.2800000e+000
  7.5450000e+001  4.8948232e+002  3.7283000e+000
  7.5530000e+001  4.9081454e+002  3.4157000e+000
  7.5530000e+001  4.9081454e+002  3.6700000e+000
  7.5630000e+001  4.9282935e+002  3.6641000e+000
  7.5730000e+001  4.9484415e+002  3.8513000e+000
  7.5930000e+001  4.9887598e+002  3.9656000e+000
  7.6150000e+001  5.0331069e+002  4.1900000e+000
  7.6450000e+001  5.0935578e+002  4.0617000e+000
  7.6630000e+001  5.1298384e+002  4.2700000e+000
  7.6830000e+001  5.1701515e+002  4.0701000e+000
  7.7030000e+001  5.2104568e+002  4.2300000e+000
  7.7230000e+001  5.2485078e+002  4.0455000e+000
  7.7430000e+001  5.2770528e+002  3.8316000e+000
  7.7630000e+001  5.3039168e+002  4.0989000e+000
  7.7930000e+001  5.3385254e+002  4.4885000e+000
  7.8130000e+001  5.3520490e+002  4.4769000e+000
  7.8470000e+001  5.3726102e+002  4.8735000e+000
  7.8670000e+001  5.3833833e+002  4.8762000e+000
  7.8870000e+001  5.3941320e+002  4.9617000e+000
  7.9070000e+001  5.4048852e+002  4.8400000e+000
  7.9270000e+001  5.4156359e+002  4.8400000e+000
  7.9370000e+001  5.4210097e+002  4.8153000e+000
  7.9570000e+001  5.4317567e+002  4.8251000e+000
  7.9770000e+001  5.4425012e+002  4.7750000e+000
  7.9970000e+001  5.4532491e+002  4.7787000e+000
  8.0180000e+001  5.4645399e+002  4.6534000e+000
  8.0380000e+001  5.4752894e+002  4.8557000e+000
  8.0680000e+001  5.4919435e+002  4.8177000e+000
  8.0880000e+001  5.5040383e+002  4.8121000e+000
  8.1080000e+001  5.5161330e+002  4.7687000e+000
  8.1200000e+001  5.5233883e+002  4.7820000e+000
  8.1680000e+001  5.5529471e+002  4.7826000e+000
  8.1880000e+001  5.5658427e+002  4.8224000e+000
  8.2080000e+001  5.5787383e+002  4.4228000e+000
  8.2180000e+001  5.5858818e+002  4.3376000e+000
  8.2380000e+001  5.6045250e+002  4.2963000e+000
  8.2470000e+001  5.6135936e+002  4.2128000e+000
  8.2670000e+001  5.6337459e+002  4.3656000e+000
  8.2870000e+001  5.6538982e+002  4.0321000e+000
  8.3070000e+001  5.6740505e+002  4.2788000e+000
  8.3170000e+001  5.6841267e+002  4.1540000e+000
  8.3370000e+001  5.7008718e+002  3.9117000e+000
  8.3570000e+001  5.7148457e+002  3.7771000e+000
  8.4370000e+001  5.7719583e+002  3.5767000e+000
  8.4570000e+001  5.7918670e+002  3.4819000e+000
  8.4670000e+001  5.8019452e+002  2.9724000e+000
  8.4670000e+001  5.8019452e+002  3.7700000e+000
  8.4870000e+001  5.8217975e+002  4.8155000e+000
  8.5070000e+001  5.8379145e+002  4.6998000e+000
  8.5270000e+001  5.8540408e+002  4.4481000e+000
  8.5870000e+001  5.9061971e+002  4.4996000e+000
  8.6070000e+001  5.9263536e+002  3.8392000e+000
  8.6170000e+001  5.9364319e+002  4.0137000e+000
  8.6370000e+001  5.9565885e+002  3.8600000e+000
  8.6570000e+001  5.9767451e+002  3.9150000e+000
  8.6970000e+001  6.0065226e+002  4.4793000e+000
  8.7170000e+001  6.0194216e+002  4.1246000e+000
  8.7370000e+001  6.0323204e+002  4.0301000e+000
  8.7570000e+001  6.0452181e+002  3.9300000e+000
  8.7570000e+001  6.0452181e+002  2.6403000e+000
  8.7870000e+001  6.0645648e+002  3.9981000e+000
  8.8070000e+001  6.0807532e+002  3.8884000e+000
  8.8270000e+001  6.1049428e+002  3.4684000e+000
  8.8470000e+001  6.1316562e+002  3.4894000e+000
  8.8670000e+001  6.1594313e+002  3.7228000e+000
  8.8870000e+001  6.1885684e+002  3.8465000e+000
  8.9070000e+001  6.2154400e+002  4.6727000e+000
  8.9070000e+001  6.2154400e+002  4.8500000e+000
  8.9370000e+001  6.2512515e+002  5.3025000e+000
  8.9570000e+001  6.2656581e+002  4.7121000e+000
  8.9970000e+001  6.2914536e+002  5.5941000e+000
  9.0190000e+001  6.3056419e+002  5.4768000e+000
  9.0570000e+001  6.3301500e+002  5.4577000e+000
  9.0740000e+001  6.3411151e+002  5.2823000e+000
  9.0940000e+001  6.3540163e+002  5.0498000e+000
  9.1140000e+001  6.3669174e+002  5.1209000e+000
  9.1340000e+001  6.3798157e+002  5.1197000e+000
  9.1540000e+001  6.3927113e+002  5.2829000e+000
  9.1740000e+001  6.4056069e+002  5.2918000e+000
  9.1940000e+001  6.4185056e+002  5.2372000e+000
  9.2140000e+001  6.4314068e+002  5.0569000e+000
  9.2240000e+001  6.4378573e+002  5.0078000e+000
  9.2440000e+001  6.4511161e+002  5.0642000e+000
  9.2640000e+001  6.4672403e+002  4.9188000e+000
  9.2840000e+001  6.4833564e+002  4.9208000e+000
  9.3040000e+001  6.4989811e+002  4.9501000e+000
  9.3240000e+001  6.5118766e+002  5.0041000e+000
  9.3360000e+001  6.5196140e+002  5.2135000e+000
  9.3560000e+001  6.5325096e+002  5.1246000e+000
  9.3760000e+001  6.5447601e+002  5.1116000e+000
  9.3960000e+001  6.5568523e+002  5.1800000e+000
  9.3960000e+001  6.5568523e+002  4.6924000e+000
  9.4060000e+001  6.5628984e+002  4.3600000e+000
  9.4260000e+001  6.5737273e+002  4.7333000e+000
  9.4460000e+001  6.5844758e+002  4.8341000e+000
  9.4660000e+001  6.5952290e+002  4.4800000e+000
  9.4860000e+001  6.6059799e+002  4.7083000e+000
  9.5260000e+001  6.6274750e+002  4.7404000e+000
  9.5460000e+001  6.6382225e+002  4.5199000e+000
  9.5560000e+001  6.6432214e+002  4.3812000e+000
  9.6360000e+001  6.6819192e+002  4.9538000e+000
  9.6560000e+001  6.6915926e+002  4.5752000e+000
  9.6560000e+001  6.6915926e+002  5.4600000e+000
  9.6760000e+001  6.7012667e+002  4.8452000e+000
  9.7060000e+001  6.7157792e+002  4.7930000e+000
  9.7260000e+001  6.7254542e+002  5.1011000e+000
  9.7660000e+001  6.7448010e+002  4.6754000e+000
  9.7860000e+001  6.7545093e+002  4.7114000e+000
  9.8060000e+001  6.7652568e+002  4.8267000e+000
  9.8460000e+001  6.7867519e+002  4.2700000e+000
  9.8560000e+001  6.7921257e+002  4.1967000e+000
  9.9160000e+001  6.8260152e+002  4.4600000e+000
  9.9760000e+001  6.8733517e+002  4.1800000e+000
  9.9960000e+001  6.8948468e+002  3.8788000e+000
  1.0006000e+002  6.9066572e+002  3.4335000e+000
  1.0006000e+002  6.9066572e+002  4.0500000e+000
  1.0026000e+002  6.9314156e+002  4.0300000e+000
  1.0026000e+002  6.9314156e+002  3.8789000e+000
  1.0046000e+002  6.9583252e+002  3.3915000e+000
  1.0066000e+002  6.9876358e+002  3.3900000e+000
  1.0086000e+002  7.0266859e+002  3.9185000e+000
  1.0106000e+002  7.0611467e+002  4.1335000e+000
  1.0126000e+002  7.0879805e+002  4.1700000e+000
  1.0195000e+002  7.1691214e+002  5.1547000e+000
  1.0215000e+002  7.1905992e+002  5.3332000e+000
  1.0225000e+002  7.2013315e+002  5.2074000e+000
  1.0245000e+002  7.2242568e+002  5.3289000e+000
  1.0285000e+002  7.2982879e+002  4.5748000e+000
  1.0305000e+002  7.3535934e+002  4.9077000e+000
  1.0325000e+002  7.4084043e+002  4.8200000e+000
  1.0325000e+002  7.4084043e+002  3.9824000e+000
  1.0345000e+002  7.4434936e+002  5.2024000e+000
  1.0365000e+002  7.4575875e+002  5.6648000e+000
  1.0417000e+002  7.4911621e+002  4.8139000e+000
  1.0437000e+002  7.5040589e+002  4.8319000e+000
  1.0457000e+002  7.5169557e+002  4.6500000e+000
  1.0467000e+002  7.5234041e+002  4.7244000e+000
  1.0507000e+002  7.5491915e+002  4.9009000e+000
  1.0527000e+002  7.5620849e+002  4.8084000e+000
  1.0547000e+002  7.5777812e+002  4.4700000e+000
  1.0567000e+002  7.5966449e+002  4.6461000e+000
  1.0587000e+002  7.6167844e+002  4.3924000e+000
  1.0617000e+002  7.6480738e+002  4.3597000e+000
  1.0657000e+002  7.6938692e+002  4.4084000e+000
  1.0677000e+002  7.7204071e+002  3.9100000e+000
  1.0697000e+002  7.7473150e+002  3.6800000e+000
  1.0757000e+002  7.8208359e+002  3.5327000e+000
  1.0767000e+002  7.8313508e+002  3.9434000e+000
  1.0787000e+002  7.8456096e+002  3.9000000e+000
  1.0807000e+002  7.8577197e+002  3.8700000e+000
  1.0827000e+002  7.8697059e+002  4.1600000e+000
  1.0847000e+002  7.8804383e+002  3.7211000e+000
  1.0907000e+002  7.9158250e+002  3.8703000e+000
  1.0917000e+002  7.9236500e+002  4.8652000e+000
  1.1057000e+002  8.0365261e+002  4.8555000e+000
  1.1217000e+002  8.1632975e+002  4.1355000e+000
  1.1232000e+002  8.1729676e+002  4.5700000e+000
  1.1232000e+002  8.1729676e+002  3.9408000e+000
  1.1252000e+002  8.1858610e+002  3.4368000e+000
  1.1292000e+002  8.2116850e+002  3.7789000e+000
  1.1302000e+002  8.2181443e+002  4.1300000e+000
  1.1322000e+002  8.2311400e+002  3.5256000e+000
  1.1322000e+002  8.2311400e+002  3.7700000e+000
  1.1340000e+002  8.2469201e+002  4.3402000e+000
  1.1390000e+002  8.2973576e+002  4.0103000e+000
  1.1410000e+002  8.3175013e+002  3.9245000e+000
  1.1430000e+002  8.3372242e+002  3.4723000e+000
  1.1430000e+002  8.3372242e+002  4.4000000e+000
  1.1450000e+002  8.3533686e+002  3.7613000e+000
  1.1510000e+002  8.3922932e+002  3.9840000e+000
  1.1520000e+002  8.3987415e+002  4.2800000e+000
  1.1540000e+002  8.4116383e+002  3.4843000e+000
  1.1560000e+002  8.4245351e+002  4.0223000e+000
  1.1580000e+002  8.4391086e+002  3.7984000e+000
  1.1600000e+002  8.4552511e+002  3.6266000e+000
  1.1620000e+002  8.4713129e+002  3.5996000e+000
  1.1640000e+002  8.4874654e+002  3.4518000e+000
  1.1670000e+002  8.5151965e+002  3.4952000e+000
  1.1710000e+002  8.5555038e+002  3.5137000e+000
  1.1730000e+002  8.5756860e+002  3.6125000e+000
  1.1770000e+002  8.6160012e+002  3.6395000e+000
  1.1790000e+002  8.6361407e+002  3.4725000e+000
  1.1810000e+002  8.6573272e+002  4.0600000e+000
  1.1820000e+002  8.6680596e+002  4.2100000e+000
  1.1860000e+002  8.7192466e+002  5.0800000e+000
  1.1880000e+002  8.7461012e+002  4.8940000e+000
  1.1900000e+002  8.7729350e+002  5.1200000e+000
  1.1920000e+002  8.7998423e+002  4.7560000e+000
  1.1920000e+002  8.7998423e+002  5.4200000e+000
  1.1940000e+002  8.8267368e+002  4.7810000e+000
  1.1960000e+002  8.8535706e+002  4.8300000e+000
  1.1970000e+002  8.8669875e+002  4.1600000e+000
  1.1990000e+002  8.8889162e+002  4.2000000e+000
  1.2070000e+002  8.9674905e+002  4.6900000e+000
  1.2120000e+002  9.0066966e+002  4.3300000e+000
  1.2125000e+002  9.0099254e+002  4.2270000e+000
  1.2125000e+002  9.0099254e+002  4.0690000e+000
  1.2125000e+002  9.0099254e+002  4.3340000e+000
  1.2135000e+002  9.0163831e+002  4.3100000e+000
  1.2135000e+002  9.0163831e+002  4.4120000e+000
  1.2145000e+002  9.0228407e+002  4.3050000e+000
  1.2155000e+002  9.0292983e+002  4.0690000e+000
  1.2155000e+002  9.0292983e+002  4.1070000e+000
  1.2165000e+002  9.0357559e+002  4.0300000e+000
  1.2165000e+002  9.0357559e+002  4.2000000e+000
  1.2165000e+002  9.0357559e+002  4.1710000e+000
  1.2175000e+002  9.0421014e+002  4.2040000e+000
  1.2175000e+002  9.0421014e+002  4.1080000e+000
  1.2185000e+002  9.0481437e+002  4.0140000e+000
  1.2185000e+002  9.0481437e+002  4.0160000e+000
  1.2215000e+002  9.0662705e+002  4.0380000e+000
  1.2215000e+002  9.0662705e+002  4.2770000e+000
  1.2215000e+002  9.0662705e+002  4.2690000e+000
  1.2225000e+002  9.0719493e+002  3.9260000e+000
  1.2225000e+002  9.0719493e+002  4.0180000e+000
  1.2235000e+002  9.0773183e+002  4.1480000e+000
  1.2245000e+002  9.0826873e+002  3.7920000e+000
  1.2245000e+002  9.0826873e+002  3.8750000e+000
  1.2255000e+002  9.0880563e+002  3.5180000e+000
  1.2437000e+002  9.2328865e+002  4.6520000e+000
  1.2497000e+002  9.2973620e+002  4.2530000e+000
  1.2507000e+002  9.3081276e+002  4.1060000e+000
  1.2527000e+002  9.3288237e+002  4.3190000e+000
  1.2567000e+002  9.3681619e+002  3.4390000e+000
  1.2567000e+002  9.3681619e+002  4.3920000e+000
  1.2577000e+002  9.3757600e+002  3.9350000e+000
  1.2577000e+002  9.3757600e+002  3.5850000e+000
  1.2577000e+002  9.3757600e+002  3.4360000e+000
  1.2597000e+002  9.3886568e+002  3.9690000e+000
  1.2617000e+002  9.4015536e+002  3.9780000e+000
  1.2617000e+002  9.4015536e+002  3.3420000e+000
  1.2627000e+002  9.4080020e+002  4.1670000e+000
  1.2647000e+002  9.4235440e+002  3.5240000e+000
  1.2647000e+002  9.4235440e+002  3.9250000e+000
  1.2657000e+002  9.4336137e+002  3.6100000e+000
  1.2667000e+002  9.4436835e+002  3.5230000e+000
  1.2667000e+002  9.4436835e+002  3.5460000e+000
  1.2677000e+002  9.4537533e+002  3.5570000e+000
  1.2677000e+002  9.4537533e+002  3.5340000e+000
  1.2687000e+002  9.4638230e+002  3.3390000e+000
  1.2687000e+002  9.4638230e+002  3.3590000e+000
  1.2687000e+002  9.4638230e+002  3.4730000e+000
  1.2707000e+002  9.4839626e+002  3.7410000e+000
  1.2707000e+002  9.4839626e+002  3.7680000e+000
  1.2707000e+002  9.4839626e+002  3.5550000e+000
  1.2737000e+002  9.5141719e+002  3.0980000e+000
  1.2737000e+002  9.5141719e+002  3.3340000e+000
  1.2737000e+002  9.5141719e+002  3.2440000e+000
  1.2737000e+002  9.5141719e+002  3.5020000e+000
  1.2737000e+002  9.5141719e+002  3.3900000e+000
  1.2897000e+002  9.6373922e+002  4.6460000e+000
  1.2987000e+002  9.6949669e+002  4.2010000e+000
  1.2987000e+002  9.6949669e+002  4.2960000e+000
  1.2987000e+002  9.6949669e+002  4.2080000e+000
  1.2987000e+002  9.6949669e+002  4.3180000e+000
  1.3017000e+002  9.7130938e+002  3.9290000e+000
  1.3020000e+002  9.7149065e+002  3.5500000e+000
  1.3020000e+002  9.7149065e+002  3.9650000e+000
  1.3020000e+002  9.7149065e+002  3.9730000e+000
  1.3047000e+002  9.7312511e+002  4.1400000e+000
  1.3050000e+002  9.7330676e+002  4.1430000e+000
  1.3050000e+002  9.7330676e+002  4.3240000e+000
  1.3050000e+002  9.7330676e+002  4.1510000e+000
  1.3080000e+002  9.7512206e+002  3.0220000e+000
  1.3080000e+002  9.7512206e+002  3.5500000e+000
  1.3110000e+002  9.7693474e+002  3.3510000e+000
  1.3170000e+002  9.8077251e+002  3.7120000e+000
  1.3170000e+002  9.8077251e+002  3.7900000e+000
  1.3200000e+002  9.8308369e+002  4.1680000e+000
  1.3209000e+002  9.8380983e+002  4.2070000e+000
  1.3269000e+002  9.8864625e+002  4.3040000e+000
  1.3299000e+002  9.9100131e+002  3.9960000e+000
  1.3329000e+002  9.9293532e+002  3.9970000e+000
  1.3329000e+002  9.9293532e+002  4.0840000e+000
  1.3358000e+002  9.9480494e+002  4.1160000e+000
  1.3358000e+002  9.9480494e+002  3.8730000e+000
  1.3358000e+002  9.9480494e+002  3.9890000e+000
  1.3358000e+002  9.9480494e+002  4.1190000e+000
  1.3359000e+002  9.9486942e+002  3.9410000e+000
  1.3359000e+002  9.9486942e+002  4.0520000e+000
  1.3359000e+002  9.9486942e+002  4.1180000e+000
  1.3359000e+002  9.9486942e+002  4.0030000e+000
  1.3359000e+002  9.9486942e+002  4.1060000e+000
  1.3388000e+002  9.9673945e+002  3.7550000e+000
  1.3388000e+002  9.9673945e+002  3.7730000e+000
  1.3388000e+002  9.9673945e+002  3.7610000e+000
  1.3389000e+002  9.9680394e+002  3.7890000e+000
  1.3418000e+002  9.9875374e+002  3.9960000e+000
  1.3418000e+002  9.9875374e+002  3.6810000e+000
  1.3418000e+002  9.9875374e+002  3.8510000e+000
  1.3418000e+002  9.9875374e+002  3.9270000e+000
  1.3418000e+002  9.9875374e+002  3.8620000e+000
  1.3478000e+002  1.0046549e+003  4.6130000e+000
  1.3568000e+002  1.0137308e+003  3.7570000e+000
  1.3568000e+002  1.0137308e+003  4.5180000e+000
  1.3568000e+002  1.0137308e+003  3.9680000e+000
  1.3568000e+002  1.0137308e+003  3.9240000e+000
  1.3568000e+002  1.0137308e+003  4.0360000e+000
  1.3598000e+002  1.0167499e+003  4.1150000e+000
  1.3598000e+002  1.0167499e+003  4.3900000e+000
  1.3628000e+002  1.0197718e+003  3.8250000e+000
  1.3628000e+002  1.0197718e+003  4.1100000e+000
  1.3628000e+002  1.0197718e+003  4.0610000e+000
  1.3628000e+002  1.0197718e+003  4.0950000e+000
  1.3638000e+002  1.0207803e+003  4.2270000e+000
  1.3638000e+002  1.0207803e+003  4.1060000e+000
  1.3638000e+002  1.0207803e+003  3.9940000e+000
  1.3638000e+002  1.0207803e+003  3.7780000e+000
  1.3658000e+002  1.0227972e+003  3.0360000e+000
  1.3688000e+002  1.0252298e+003  4.2820000e+000
  1.3688000e+002  1.0252298e+003  4.0680000e+000
  1.3688000e+002  1.0252298e+003  3.9790000e+000
  1.3688000e+002  1.0252298e+003  4.0300000e+000
  1.3718000e+002  1.0271639e+003  3.8890000e+000
  1.3718000e+002  1.0271639e+003  4.0520000e+000
  1.3748000e+002  1.0290979e+003  3.8700000e+000
  1.3748000e+002  1.0290979e+003  3.3080000e+000
  1.3748000e+002  1.0290979e+003  3.0670000e+000
  1.3778000e+002  1.0310319e+003  4.5120000e+000
  1.3778000e+002  1.0310319e+003  4.3590000e+000
  1.3778000e+002  1.0310319e+003  4.4430000e+000
  1.3808000e+002  1.0330486e+003  4.4390000e+000
  1.3808000e+002  1.0330486e+003  4.4440000e+000
  1.3808000e+002  1.0330486e+003  4.4890000e+000
  1.3808000e+002  1.0330486e+003  4.4440000e+000
  1.3868000e+002  1.0378869e+003  4.8270000e+000
  1.3898000e+002  1.0403025e+003  4.5380000e+000
  1.3898000e+002  1.0403025e+003  4.5920000e+000
  1.3898000e+002  1.0403025e+003  4.5440000e+000
  1.3928000e+002  1.0427229e+003  4.5330000e+000
  1.3928000e+002  1.0427229e+003  4.5520000e+000
  1.3928000e+002  1.0427229e+003  4.5820000e+000
  1.3948000e+002  1.0443322e+003  4.4860000e+000
  1.3948000e+002  1.0443322e+003  4.6380000e+000
  1.3948000e+002  1.0443322e+003  4.7710000e+000
  1.3958000e+002  1.0451447e+003  4.5030000e+000
  1.3958000e+002  1.0451447e+003  4.6210000e+000
  1.3958000e+002  1.0451447e+003  4.6850000e+000
  1.3958000e+002  1.0451447e+003  4.6170000e+000
  1.3958000e+002  1.0451447e+003  4.5060000e+000
  1.3988000e+002  1.0474364e+003  4.3490000e+000
  1.3988000e+002  1.0474364e+003  4.4800000e+000
  1.3988000e+002  1.0474364e+003  4.5430000e+000
  1.3988000e+002  1.0474364e+003  4.6350000e+000
  1.3988000e+002  1.0474364e+003  4.5320000e+000
  1.4008000e+002  1.0487257e+003  4.5510000e+000
  1.4008000e+002  1.0487257e+003  4.4560000e+000
  1.4008000e+002  1.0487257e+003  4.4980000e+000
  1.4008000e+002  1.0487257e+003  4.5960000e+000
  1.4018000e+002  1.0493704e+003  4.5010000e+000
  1.4018000e+002  1.0493704e+003  4.3730000e+000
  1.4018000e+002  1.0493704e+003  4.4190000e+000
  1.4048000e+002  1.0512700e+003  4.4250000e+000
  1.4048000e+002  1.0512700e+003  4.4850000e+000
  1.4060000e+002  1.0519956e+003  4.5270000e+000
  1.4060000e+002  1.0519956e+003  4.4240000e+000
  1.4060000e+002  1.0519956e+003  4.4770000e+000
  1.4078000e+002  1.0530840e+003  4.1490000e+000
  1.4078000e+002  1.0530840e+003  4.0870000e+000
  1.4098000e+002  1.0542197e+003  4.4930000e+000
  1.4098000e+002  1.0542197e+003  4.4410000e+000
  1.4098000e+002  1.0542197e+003  4.3840000e+000
  1.4120000e+002  1.0554067e+003  4.1440000e+000
  1.4120000e+002  1.0554067e+003  4.3330000e+000
  1.4180000e+002  1.0583121e+003  3.8600000e+000
  1.4180000e+002  1.0583121e+003  4.5340000e+000
  1.4180000e+002  1.0583121e+003  4.3360000e+000
  1.4188000e+002  1.0586991e+003  4.5900000e+000
  1.4188000e+002  1.0586991e+003  3.9030000e+000
  1.4188000e+002  1.0586991e+003  3.7390000e+000
  1.4188000e+002  1.0586991e+003  3.8800000e+000
  1.4210000e+002  1.0597637e+003  4.1510000e+000
  1.4210000e+002  1.0597637e+003  4.2740000e+000
  1.4210000e+002  1.0597637e+003  4.2100000e+000
  1.4210000e+002  1.0597637e+003  4.0290000e+000
  1.4218000e+002  1.0601508e+003  3.9980000e+000
  1.4218000e+002  1.0601508e+003  3.8880000e+000
  1.4218000e+002  1.0601508e+003  4.3960000e+000
  1.4248000e+002  1.0616026e+003  3.8880000e+000
  1.4248000e+002  1.0616026e+003  4.0340000e+000
  1.4248000e+002  1.0616026e+003  3.8080000e+000
  1.4248000e+002  1.0616026e+003  3.6260000e+000
  1.4248000e+002  1.0616026e+003  3.7970000e+000
  1.4308000e+002  1.0645516e+003  3.9680000e+000
  1.4308000e+002  1.0645516e+003  3.7150000e+000
  1.4308000e+002  1.0645516e+003  3.9700000e+000
  1.4308000e+002  1.0645516e+003  3.6580000e+000
  1.4308000e+002  1.0645516e+003  3.9150000e+000
  1.4338000e+002  1.0662503e+003  3.8340000e+000
  1.4338000e+002  1.0662503e+003  3.7160000e+000
  1.4338000e+002  1.0662503e+003  3.8650000e+000
  1.4338000e+002  1.0662503e+003  3.8450000e+000
  1.4368000e+002  1.0695324e+003  3.6830000e+000
  1.4368000e+002  1.0695324e+003  3.5080000e+000
  1.4368000e+002  1.0695324e+003  3.3890000e+000
  1.4368000e+002  1.0695324e+003  3.4520000e+000
  1.4577000e+002  1.0994855e+003  4.1330000e+000
  1.4577000e+002  1.0994855e+003  4.2150000e+000
  1.4607000e+002  1.1031929e+003  3.8580000e+000
  1.4607000e+002  1.1031929e+003  3.7950000e+000
  1.4607000e+002  1.1031929e+003  3.6310000e+000
  1.4637000e+002  1.1064126e+003  3.9070000e+000
  1.4637000e+002  1.1064126e+003  3.8070000e+000
  1.4637000e+002  1.1064126e+003  4.2030000e+000
  1.4667000e+002  1.1096399e+003  3.9300000e+000
  1.4667000e+002  1.1096399e+003  3.9990000e+000
  1.4667000e+002  1.1096399e+003  3.7060000e+000
  1.4667000e+002  1.1096399e+003  3.9550000e+000
  1.4667000e+002  1.1096399e+003  3.7760000e+000
  1.4697000e+002  1.1128628e+003  4.0220000e+000
  1.4717000e+002  1.1150105e+003  4.2670000e+000
  1.4727000e+002  1.1160868e+003  4.0050000e+000
  1.4967000e+002  1.1419620e+003  4.3300000e+000
  1.4967000e+002  1.1419620e+003  3.8720000e+000
  1.4967000e+002  1.1419620e+003  4.0100000e+000
  1.5081000e+002  1.1568336e+003  3.9050000e+000
  1.5081000e+002  1.1568336e+003  4.0280000e+000
  1.5087000e+002  1.1580463e+003  3.7620000e+000
  1.5087000e+002  1.1580463e+003  3.8630000e+000
  1.5117000e+002  1.1640919e+003  3.7270000e+000
  1.5117000e+002  1.1640919e+003  3.7680000e+000
  1.5117000e+002  1.1640919e+003  3.7300000e+000
  1.5141000e+002  1.1689244e+003  3.5290000e+000
  1.5141000e+002  1.1689244e+003  4.3110000e+000
  1.5141000e+002  1.1689244e+003  4.3460000e+000
  1.5141000e+002  1.1689244e+003  3.5610000e+000
  1.5141000e+002  1.1689244e+003  3.6830000e+000
  1.5171000e+002  1.1749841e+003  4.0520000e+000
  1.5171000e+002  1.1749841e+003  3.6460000e+000
  1.5171000e+002  1.1749841e+003  3.5820000e+000
  1.5171000e+002  1.1749841e+003  3.6040000e+000
  1.5201000e+002  1.1810159e+003  3.8960000e+000
  1.5231000e+002  1.1866725e+003  3.6840000e+000
  1.5231000e+002  1.1866725e+003  3.6810000e+000
  1.5231000e+002  1.1866725e+003  3.6500000e+000
  1.5290000e+002  1.1934354e+003  4.5690000e+000
  1.5290000e+002  1.1934354e+003  4.4240000e+000
  1.5290000e+002  1.1934354e+003  4.5540000e+000
  1.5291000e+002  1.1935427e+003  4.4700000e+000
  1.5291000e+002  1.1935427e+003  4.4910000e+000
  1.5350000e+002  1.1973935e+003  4.8370000e+000
  1.5620000e+002  1.2133000e+003  4.5530000e+000
  1.5680000e+002  1.2246968e+003  2.3700000e+000
  1.5680000e+002  1.2246968e+003  3.7230000e+000
  1.5680000e+002  1.2246968e+003  3.8740000e+000
  1.5680000e+002  1.2246968e+003  3.8460000e+000
  1.5740000e+002  1.2325888e+003  3.3960000e+000
  1.5830000e+002  1.2419053e+003  3.4400000e+000
  1.5830000e+002  1.2419053e+003  2.9590000e+000
  1.5830000e+002  1.2419053e+003  3.0740000e+000
  1.5830000e+002  1.2419053e+003  3.2690000e+000
  1.5830000e+002  1.2419053e+003  3.4120000e+000
  1.5860000e+002  1.2449307e+003  4.3180000e+000
  1.5980000e+002  1.2548293e+003  4.3640000e+000
  1.6020000e+002  1.2580558e+003  3.6400000e+000
  1.6020000e+002  1.2580558e+003  3.8450000e+000
  1.6020000e+002  1.2580558e+003  3.9200000e+000
  1.6040000e+002  1.2596618e+003  3.6470000e+000
  1.6060000e+002  1.2612719e+003  4.0870000e+000
  1.6060000e+002  1.2612719e+003  4.0530000e+000
  1.6130000e+002  1.2681624e+003  3.6610000e+000
  1.6130000e+002  1.2681624e+003  3.7430000e+000
  1.6130000e+002  1.2681624e+003  3.9250000e+000
  1.6130000e+002  1.2681624e+003  3.9720000e+000
  1.6130000e+002  1.2681624e+003  4.0380000e+000
  1.6130000e+002  1.2681624e+003  3.9980000e+000
  1.6140000e+002  1.2692386e+003  3.9220000e+000
  1.6140000e+002  1.2692386e+003  3.9910000e+000
  1.6140000e+002  1.2692386e+003  3.9650000e+000
  1.6140000e+002  1.2692386e+003  3.8090000e+000
  1.6140000e+002  1.2692386e+003  3.8940000e+000
  1.6150000e+002  1.2703149e+003  3.9020000e+000
  1.6150000e+002  1.2703149e+003  3.8310000e+000
  1.6150000e+002  1.2703149e+003  3.8490000e+000
  1.6160000e+002  1.2714616e+003  3.5880000e+000
  1.6160000e+002  1.2714616e+003  3.5670000e+000
  1.6160000e+002  1.2714616e+003  3.8220000e+000
  1.6160000e+002  1.2714616e+003  3.8630000e+000
  1.6160000e+002  1.2714616e+003  3.7260000e+000
  1.6170000e+002  1.2726684e+003  3.5060000e+000
  1.6170000e+002  1.2726684e+003  3.8200000e+000
  1.6170000e+002  1.2726684e+003  3.8740000e+000
  1.6170000e+002  1.2726684e+003  3.6910000e+000
  1.6176000e+002  1.2733924e+003  3.8080000e+000
  1.6176000e+002  1.2733924e+003  3.7640000e+000
  1.6176000e+002  1.2733924e+003  3.8550000e+000
  1.6176000e+002  1.2733924e+003  4.0320000e+000
  1.6180000e+002  1.2738986e+003  3.8570000e+000
  1.6180000e+002  1.2738986e+003  3.7110000e+000
  1.6180000e+002  1.2738986e+003  3.9440000e+000
  1.6186000e+002  1.2747054e+003  3.6440000e+000
  1.6186000e+002  1.2747054e+003  4.0170000e+000
  1.6186000e+002  1.2747054e+003  4.0150000e+000
  1.6186000e+002  1.2747054e+003  3.5960000e+000
  1.6186000e+002  1.2747054e+003  3.5680000e+000
  1.6200000e+002  1.2765879e+003  4.2150000e+000
  1.6200000e+002  1.2765879e+003  3.9800000e+000
  1.6200000e+002  1.2765879e+003  3.9590000e+000
  1.6206000e+002  1.2773946e+003  4.3040000e+000
  1.6206000e+002  1.2773946e+003  4.0930000e+000
  1.6206000e+002  1.2773946e+003  4.2780000e+000
  1.6206000e+002  1.2773946e+003  4.0800000e+000
  1.6226000e+002  1.2804404e+003  3.3410000e+000
  1.6226000e+002  1.2804404e+003  3.5440000e+000
  1.6226000e+002  1.2804404e+003  3.5190000e+000
  1.6276000e+002  1.2905068e+003  4.4320000e+000
  1.6286000e+002  1.2925280e+003  4.0670000e+000
  1.6286000e+002  1.2925280e+003  3.8330000e+000
  1.6286000e+002  1.2925280e+003  3.8830000e+000
  1.6286000e+002  1.2925280e+003  4.0620000e+000
  1.6286000e+002  1.2925280e+003  4.0720000e+000
  1.6326000e+002  1.2989167e+003  3.5840000e+000
  1.6397000e+002  1.3084601e+003  3.8850000e+000
  1.6397000e+002  1.3084601e+003  4.0030000e+000
  1.6427000e+002  1.3124873e+003  3.7780000e+000
  1.6447000e+002  1.3151766e+003  3.6880000e+000
  1.6447000e+002  1.3151766e+003  3.7160000e+000
  1.6447000e+002  1.3151766e+003  3.7890000e+000
  1.6447000e+002  1.3151766e+003  3.7940000e+000
  1.6447000e+002  1.3151766e+003  3.8200000e+000
  1.6507000e+002  1.3232410e+003  4.1250000e+000
  1.6507000e+002  1.3232410e+003  4.2220000e+000
  1.6747000e+002  1.3455953e+003  3.7230000e+000
  1.6747000e+002  1.3455953e+003  3.6170000e+000
  1.6747000e+002  1.3455953e+003  3.9250000e+000
  1.6757000e+002  1.3462399e+003  4.2700000e+000
  1.6777000e+002  1.3476560e+003  3.8260000e+000
  1.6787000e+002  1.3486247e+003  3.7270000e+000
  1.6817000e+002  1.3518608e+003  3.5280000e+000
  1.6817000e+002  1.3518608e+003  3.5910000e+000
  1.6847000e+002  1.3559032e+003  3.4530000e+000
  1.6847000e+002  1.3559032e+003  3.5480000e+000
  1.6847000e+002  1.3559032e+003  3.7430000e+000
  1.6877000e+002  1.3599289e+003  3.6680000e+000
  1.6877000e+002  1.3599289e+003  3.6720000e+000
  1.6937000e+002  1.3669712e+003  4.3420000e+000
  1.7037000e+002  1.3740122e+003  4.4860000e+000
  1.7196000e+002  1.3862618e+003  4.0600000e+000
  1.7196000e+002  1.3862618e+003  3.9980000e+000
  1.7226000e+002  1.3899993e+003  3.8460000e+000
  1.7226000e+002  1.3899993e+003  3.8670000e+000
  1.7256000e+002  1.3940227e+003  3.6800000e+000
  1.7256000e+002  1.3940227e+003  3.7680000e+000
  1.7286000e+002  1.3980566e+003  3.6750000e+000
  1.7286000e+002  1.3980566e+003  3.8250000e+000
  1.7286000e+002  1.3980566e+003  3.6750000e+000
  1.7418000e+002  1.4133664e+003  4.4450000e+000
  1.7478000e+002  1.4177489e+003  3.4610000e+000
  1.7478000e+002  1.4177489e+003  3.8340000e+000
  1.7478000e+002  1.4177489e+003  3.5870000e+000
  1.7508000e+002  1.4194387e+003  4.1980000e+000
  1.7508000e+002  1.4194387e+003  4.0190000e+000
  1.7508000e+002  1.4194387e+003  4.1340000e+000
  1.7568000e+002  1.4224315e+003  3.8220000e+000
  1.7598000e+002  1.4238844e+003  3.7370000e+000
  1.7658000e+002  1.4267917e+003  3.5180000e+000
  1.7658000e+002  1.4267917e+003  3.4410000e+000
  1.7658000e+002  1.4267917e+003  3.6300000e+000
  1.7688000e+002  1.4282435e+003  3.5560000e+000
  1.7718000e+002  1.4297742e+003  3.4040000e+000
  1.7718000e+002  1.4297742e+003  3.6580000e+000
  1.7718000e+002  1.4297742e+003  3.3790000e+000
  1.7748000e+002  1.4314499e+003  3.5860000e+000
  1.7748000e+002  1.4314499e+003  3.6180000e+000
  1.7748000e+002  1.4314499e+003  3.3640000e+000
  1.7778000e+002  1.4332677e+003  3.6320000e+000
  1.7808000e+002  1.4357514e+003  3.2720000e+000
  1.7808000e+002  1.4357514e+003  3.5300000e+000
  1.7808000e+002  1.4357514e+003  3.3070000e+000
  1.8138000e+002  1.4620988e+003  4.1260000e+000
  1.8138000e+002  1.4620988e+003  3.9040000e+000
  1.8279000e+002  1.4790066e+003  3.5320000e+000
  1.8279000e+002  1.4790066e+003  3.4170000e+000
  1.8369000e+002  1.4930752e+003  3.9590000e+000
  1.8429000e+002  1.5011311e+003  4.5580000e+000
  1.8519000e+002  1.5167917e+003  3.9240000e+000
  1.8519000e+002  1.5167917e+003  3.9700000e+000
  1.8699000e+002  1.5352065e+003  4.6450000e+000
  1.8729000e+002  1.5368216e+003  4.5440000e+000
  1.8729000e+002  1.5368216e+003  4.6730000e+000
  1.8729000e+002  1.5368216e+003  4.7270000e+000
  1.8759000e+002  1.5384331e+003  4.8210000e+000
  1.9027000e+002  1.5605307e+003  3.9590000e+000
  1.9027000e+002  1.5605307e+003  3.7710000e+000
  1.9057000e+002  1.5645532e+003  3.8340000e+000
  1.9087000e+002  1.5685925e+003  3.8230000e+000
  1.9087000e+002  1.5685925e+003  4.0310000e+000
  1.9117000e+002  1.5723451e+003  4.4330000e+000
  1.9147000e+002  1.5756280e+003  4.3580000e+000
  1.9207000e+002  1.5800807e+003  4.1510000e+000
  1.9370000e+002  1.5924463e+003  3.9640000e+000
  1.9490000e+002  1.6044715e+003  3.8560000e+000
  1.9490000e+002  1.6044715e+003  3.8820000e+000
  1.9490000e+002  1.6044715e+003  3.8300000e+000
  1.9520000e+002  1.6068968e+003  3.7750000e+000
  1.9550000e+002  1.6088693e+003  3.8850000e+000
  1.9580000e+002  1.6108033e+003  3.5680000e+000
  1.9580000e+002  1.6108033e+003  3.6980000e+000
  1.9580000e+002  1.6108033e+003  3.6870000e+000
  1.9610000e+002  1.6127373e+003  4.1140000e+000
  1.9640000e+002  1.6146713e+003  4.1010000e+000
  1.9670000e+002  1.6166053e+003  4.1040000e+000
  1.9730000e+002  1.6209694e+003  3.9390000e+000
  1.9730000e+002  1.6209694e+003  3.9090000e+000
  1.9730000e+002  1.6209694e+003  3.8100000e+000
  1.9760000e+002  1.6233776e+003  3.7880000e+000
  1.9794000e+002  1.6261239e+003  3.9780000e+000
  1.9884000e+002  1.6342450e+003  3.7180000e+000
  1.9884000e+002  1.6342450e+003  3.7730000e+000
  1.9884000e+002  1.6342450e+003  3.5270000e+000
  2.0064000e+002  1.6538144e+003  4.2360000e+000
  2.0334000e+002  1.6845868e+003  3.5480000e+000
  2.0356000e+002  1.6868041e+003  3.7660000e+000
  2.0656000e+002  1.7139370e+003  4.1320000e+000
  2.0656000e+002  1.7139370e+003  3.9920000e+000
  2.0656000e+002  1.7139370e+003  4.0770000e+000
  2.0686000e+002  1.7169560e+003  3.5510000e+000
  2.0746000e+002  1.7214405e+003  3.6260000e+000
  2.0746000e+002  1.7214405e+003  3.6970000e+000
  2.0746000e+002  1.7214405e+003  3.5610000e+000
  2.1378000e+002  1.7549514e+003  3.4580000e+000
  2.1858000e+002  1.7781747e+003  3.6470000e+000
  2.1858000e+002  1.7781747e+003  3.7070000e+000
  2.1858000e+002  1.7781747e+003  3.8170000e+000
  2.1888000e+002  1.7796261e+003  3.5040000e+000
  2.1918000e+002  1.7810728e+003  3.7760000e+000
  2.1918000e+002  1.7810728e+003  3.9630000e+000
  2.1918000e+002  1.7810728e+003  3.7710000e+000
  2.2008000e+002  1.7854239e+003  3.6760000e+000
  2.2063000e+002  1.7880900e+003  3.8450000e+000
  2.2063000e+002  1.7880900e+003  3.7370000e+000
  2.2068000e+002  1.7883320e+003  4.2720000e+000
  2.2068000e+002  1.7883320e+003  3.8280000e+000
  2.2068000e+002  1.7883320e+003  3.6190000e+000
  2.2213000e+002  1.7955120e+003  4.1430000e+000
  2.2333000e+002  1.8027435e+003  3.7730000e+000
  2.2453000e+002  1.8100000e+003  3.7300000e+000
  2.2453000e+002  1.8100000e+003  3.6170000e+000
  2.2453000e+002  1.8100000e+003  3.6850000e+000
