  5.6200000e+001  1.6527757e+003  4.1619000e+000
  5.6300000e+001  1.6585585e+003  4.2096000e+000
  5.6390000e+001  1.6637629e+003  3.8343000e+000
  5.6490000e+001  1.6695416e+003  3.7443000e+000
  5.6590000e+001  1.6753227e+003  3.6636000e+000
  5.6680000e+001  1.6805259e+003  3.6647000e+000
  5.6780000e+001  1.6863041e+003  3.3406000e+000
  5.6870000e+001  1.6915086e+003  3.6813000e+000
  5.6970000e+001  1.6972882e+003  3.9498000e+000
  5.7070000e+001  1.7030683e+003  4.1650000e+000
  5.7160000e+001  1.7082371e+003  4.1585000e+000
  5.7260000e+001  1.7133070e+003  3.7739000e+000
  5.7350000e+001  1.7174763e+003  3.6252000e+000
  5.7450000e+001  1.7218491e+003  3.8326000e+000
  5.7550000e+001  1.7260028e+003  3.7676000e+000
  5.7640000e+001  1.7291231e+003  4.1622000e+000
  5.7740000e+001  1.7325953e+003  4.3962000e+000
  5.7830000e+001  1.7357117e+003  4.3664000e+000
  5.7930000e+001  1.7391854e+003  3.9951000e+000
  5.8020000e+001  1.7423014e+003  3.8716000e+000
  5.8120000e+001  1.7457747e+003  3.9673000e+000
  5.8220000e+001  1.7492370e+003  3.9061000e+000
  5.8310000e+001  1.7523649e+003  3.7847000e+000
  5.8410000e+001  1.7558283e+003  3.3383000e+000
  5.8500000e+001  1.7589538e+003  3.2285000e+000
  5.8600000e+001  1.7624198e+003  3.6293000e+000
  5.8700000e+001  1.7652995e+003  3.6187000e+000
  5.8790000e+001  1.7678007e+003  3.5619000e+000
  5.8890000e+001  1.7710284e+003  3.7817000e+000
  5.8980000e+001  1.7741545e+003  3.6920000e+000
  5.9080000e+001  1.7776177e+003  3.6410000e+000
  5.9170000e+001  1.7807432e+003  3.8726000e+000
  5.9270000e+001  1.7842087e+003  4.1474000e+000
  5.9370000e+001  1.7876814e+003  4.2539000e+000
  5.9460000e+001  1.7908045e+003  4.1534000e+000
  5.9560000e+001  1.7942693e+003  4.3213000e+000
  5.9650000e+001  1.7973947e+003  4.4534000e+000
  5.9750000e+001  1.8008577e+003  4.5971000e+000
  5.9850000e+001  1.8045391e+003  3.9536000e+000
  5.9940000e+001  1.8084409e+003  4.3394000e+000
  6.0040000e+001  1.8129128e+003  3.9817000e+000
  6.0130000e+001  1.8170745e+003  3.9483000e+000
  6.0230000e+001  1.8216954e+003  4.1143000e+000
  6.0330000e+001  1.8268265e+003  3.4077000e+000
  6.0420000e+001  1.8315094e+003  3.4734000e+000
  6.0520000e+001  1.8367101e+003  3.4923000e+000
  6.0610000e+001  1.8413948e+003  3.6377000e+000
  6.0710000e+001  1.8465983e+003  3.8310000e+000
  6.0800000e+001  1.8509585e+003  3.8914000e+000
  6.0900000e+001  1.8555805e+003  3.8337000e+000
  6.1000000e+001  1.8601898e+003  3.8853000e+000
  6.1090000e+001  1.8640916e+003  4.5844000e+000
  6.1190000e+001  1.8681817e+003  3.3879000e+000
  6.1380000e+001  1.8747703e+003  4.1616000e+000
  6.1480000e+001  1.8782391e+003  3.9240000e+000
  6.1570000e+001  1.8813609e+003  3.8357000e+000
  6.1670000e+001  1.8848321e+003  3.8176000e+000
  6.1760000e+001  1.8879499e+003  3.5802000e+000
  6.1860000e+001  1.8914236e+003  3.5950000e+000
  6.1950000e+001  1.8945396e+003  3.9289000e+000
  6.2050000e+001  1.8980124e+003  3.9321000e+000
  6.2150000e+001  1.9014748e+003  3.8322000e+000
  6.2240000e+001  1.9046002e+003  3.7604000e+000
  6.2340000e+001  1.9080634e+003  3.6310000e+000
  6.2430000e+001  1.9111894e+003  3.7491000e+000
  6.2530000e+001  1.9146562e+003  3.8635000e+000
  6.2630000e+001  1.9181269e+003  3.7339000e+000
  6.2720000e+001  1.9212496e+003  3.7952000e+000
  6.2820000e+001  1.9247166e+003  3.5936000e+000
  6.2910000e+001  1.9278427e+003  3.6175000e+000
  6.3010000e+001  1.9313055e+003  3.5843000e+000
  6.3110000e+001  1.9347778e+003  3.7237000e+000
  6.3200000e+001  1.9378933e+003  3.7375000e+000
  6.3300000e+001  1.9410115e+003  3.9052000e+000
  6.3390000e+001  1.9435071e+003  4.1927000e+000
  6.3490000e+001  1.9462266e+003  4.6102000e+000
  6.3580000e+001  1.9485724e+003  4.4708000e+000
  6.3680000e+001  1.9511745e+003  4.2738000e+000
  6.3780000e+001  1.9537733e+003  4.0739000e+000
  6.3870000e+001  1.9561123e+003  4.1305000e+000
  6.3970000e+001  1.9587117e+003  4.1527000e+000
  6.4060000e+001  1.9610560e+003  4.3788000e+000
  6.4160000e+001  1.9636588e+003  3.7636000e+000
  6.4260000e+001  1.9662576e+003  3.7582000e+000
  6.4350000e+001  1.9685999e+003  3.8849000e+000
  6.4450000e+001  1.9712047e+003  3.6895000e+000
  6.4540000e+001  1.9735442e+003  3.5988000e+000
  6.5800000e+001  2.0063217e+003  4.1100000e+000
  6.5990000e+001  2.0112611e+003  3.9300000e+000
  6.6270000e+001  2.0185461e+003  3.5200000e+000
  6.6370000e+001  2.0211449e+003  3.6400000e+000
  6.6470000e+001  2.0237441e+003  3.7100000e+000
  6.6750000e+001  2.0310304e+003  3.5600000e+000
  6.6850000e+001  2.0336323e+003  3.6400000e+000
  6.6940000e+001  2.0359766e+003  3.9200000e+000
  6.7040000e+001  2.0385769e+003  3.7300000e+000
  6.7140000e+001  2.0411757e+003  3.9700000e+000
  6.7420000e+001  2.0484596e+003  3.9200000e+000
  6.7520000e+001  2.0510611e+003  3.6400000e+000
  6.7610000e+001  2.0534001e+003  3.6400000e+000
  6.7710000e+001  2.0560047e+003  3.6100000e+000
  6.7810000e+001  2.0586103e+003  3.6300000e+000
  6.7900000e+001  2.0609492e+003  4.0900000e+000
  6.8000000e+001  2.0635480e+003  3.8500000e+000
  6.8090000e+001  2.0658869e+003  3.7700000e+000
  6.8190000e+001  2.0684891e+003  4.3400000e+000
  6.8280000e+001  2.0708334e+003  4.4300000e+000
  6.8370000e+001  2.0731736e+003  4.4200000e+000
  6.8480000e+001  2.0760330e+003  4.3600000e+000
  6.8570000e+001  2.0783773e+003  4.3400000e+000
  6.8670000e+001  2.0809800e+003  4.2800000e+000
  6.8760000e+001  2.0833189e+003  4.2000000e+000
  6.8860000e+001  2.0860202e+003  3.9200000e+000
  6.8970000e+001  2.0890720e+003  4.0300000e+000
  6.9050000e+001  2.0915672e+003  3.6300000e+000
  6.9140000e+001  2.0946919e+003  3.6000000e+000
  6.9270000e+001  2.0991991e+003  3.5500000e+000
  6.9340000e+001  2.1016305e+003  3.8700000e+000
  6.9430000e+001  2.1047463e+003  3.8100000e+000
  6.9620000e+001  2.1111600e+003  3.6800000e+000
  6.9720000e+001  2.1139378e+003  3.4700000e+000
  6.9810000e+001  2.1164376e+003  3.9900000e+000
  6.9910000e+001  2.1192119e+003  3.9100000e+000
  7.0010000e+001  2.1219862e+003  4.0500000e+000
  7.0100000e+001  2.1244831e+003  3.6600000e+000
  7.0200000e+001  2.1272574e+003  3.6500000e+000
  7.0480000e+001  2.1387063e+003  3.4100000e+000
  7.0580000e+001  2.1430417e+003  3.2800000e+000
  7.0680000e+001  2.1466497e+003  4.1600000e+000
  7.0770000e+001  2.1497756e+003  4.4500000e+000
  7.0870000e+001  2.1532439e+003  4.3700000e+000
  7.1060000e+001  2.1598381e+003  4.0200000e+000
  7.1150000e+001  2.1629551e+003  3.9300000e+000
  7.1250000e+001  2.1664288e+003  3.9500000e+000
  7.1350000e+001  2.1698924e+003  3.6100000e+000
  7.1440000e+001  2.1730179e+003  3.6800000e+000
  7.1540000e+001  2.1764803e+003  3.4700000e+000
  7.1630000e+001  2.1796058e+003  3.4100000e+000
  7.1730000e+001  2.1830686e+003  3.4200000e+000
  7.1920000e+001  2.1896614e+003  3.5200000e+000
  7.2010000e+001  2.1927849e+003  3.5700000e+000
  7.2110000e+001  2.1962557e+003  3.8800000e+000
  7.2210000e+001  2.1997219e+003  3.9700000e+000
  7.2300000e+001  2.2028479e+003  3.9400000e+000
  7.2400000e+001  2.2063110e+003  3.6600000e+000
  7.2490000e+001  2.2094365e+003  3.6900000e+000
  7.2590000e+001  2.2128988e+003  3.5200000e+000
  7.2680000e+001  2.2160243e+003  4.0100000e+000
  7.2780000e+001  2.2194877e+003  3.7500000e+000
  7.2880000e+001  2.2229614e+003  3.7300000e+000
  7.2970000e+001  2.2260790e+003  3.5300000e+000
  7.3070000e+001  2.2295512e+003  3.5600000e+000
  7.3260000e+001  2.2361410e+003  3.6100000e+000
  7.3350000e+001  2.2392670e+003  3.9200000e+000
  7.3450000e+001  2.2427295e+003  3.8600000e+000
  7.3550000e+001  2.2462019e+003  3.8100000e+000
  7.3640000e+001  2.2493174e+003  3.8000000e+000
  7.3740000e+001  2.2527907e+003  3.7300000e+000
  7.4020000e+001  2.2624965e+003  3.4200000e+000
  7.4240000e+001  2.2701285e+003  3.7310000e+000
  7.4340000e+001  2.2731154e+003  3.4440000e+000
  7.4430000e+001  2.2756123e+003  4.2650000e+000
  7.4530000e+001  2.2783883e+003  3.7200000e+000
  7.4620000e+001  2.2808883e+003  3.8910000e+000
  7.4720000e+001  2.2836650e+003  3.8140000e+000
  7.4910000e+001  2.2890279e+003  3.7800000e+000
  7.5000000e+001  2.2921434e+003  3.6100000e+000
  7.5100000e+001  2.2956188e+003  3.9200000e+000
  7.5290000e+001  2.3022071e+003  3.5500000e+000
  7.5480000e+001  2.3087949e+003  3.7400000e+000
  7.5570000e+001  2.3115933e+003  3.9633000e+000
  7.5670000e+001  2.3143663e+003  3.7614000e+000
  7.5760000e+001  2.3168624e+003  4.0100000e+000
  7.5860000e+001  2.3196367e+003  3.7331000e+000
  7.5950000e+001  2.3221336e+003  3.4239000e+000
  7.6050000e+001  2.3249079e+003  3.4568000e+000
  7.6140000e+001  2.3274048e+003  3.6890000e+000
  7.6330000e+001  2.3326822e+003  3.7710000e+000
  7.6430000e+001  2.3359511e+003  3.4450000e+000
  7.6520000e+001  2.3390766e+003  3.4670000e+000
  7.6710000e+001  2.3456659e+003  3.2500000e+000
  7.6810000e+001  2.3491314e+003  3.5794000e+000
  7.6900000e+001  2.3522557e+003  3.6540000e+000
  7.7000000e+001  2.3556183e+003  4.1299000e+000
  7.7090000e+001  2.3581152e+003  4.0000000e+000
  7.7180000e+001  2.3606121e+003  3.8315000e+000
  7.7280000e+001  2.3633853e+003  3.6692000e+000
  7.7370000e+001  2.3658810e+003  4.0005000e+000
  7.7470000e+001  2.3691327e+003  3.8138000e+000
  7.7560000e+001  2.3722482e+003  3.7341000e+000
  7.7660000e+001  2.3757212e+003  3.4126000e+000
  7.7750000e+001  2.3788372e+003  3.3620000e+000
  7.7940000e+001  2.3854281e+003  3.4268000e+000
  7.8040000e+001  2.3888997e+003  3.7130000e+000
  7.8130000e+001  2.3920208e+003  3.6630000e+000
  7.8230000e+001  2.3954905e+003  3.6137000e+000
  7.8300000e+001  2.3979211e+003  3.7210000e+000
  7.8440000e+001  2.4025194e+003  3.6901000e+000
  7.8510000e+001  2.4044605e+003  3.6251000e+000
  7.8610000e+001  2.4072334e+003  3.6250000e+000
  7.8700000e+001  2.4097345e+003  3.3350000e+000
  7.8800000e+001  2.4125136e+003  3.4896000e+000
  7.8990000e+001  2.4177836e+003  3.6440000e+000
  7.9080000e+001  2.4202799e+003  3.4380000e+000
  7.9180000e+001  2.4230543e+003  3.4953000e+000
  7.9270000e+001  2.4255511e+003  3.7227000e+000
  7.9370000e+001  2.4283255e+003  3.5068000e+000
  7.9460000e+001  2.4308222e+003  4.1736000e+000
  7.9560000e+001  2.4335952e+003  4.2700000e+000
  7.9650000e+001  2.4360908e+003  4.4220000e+000
  7.9750000e+001  2.4388696e+003  4.1685000e+000
  7.9840000e+001  2.4413708e+003  4.2450000e+000
  7.9940000e+001  2.4441453e+003  4.3030000e+000
  8.0030000e+001  2.4466410e+003  4.0805000e+000
  8.0320000e+001  2.4546859e+003  3.3958000e+000
  8.0510000e+001  2.4599569e+003  3.3900000e+000
  8.0700000e+001  2.4652270e+003  3.5100000e+000
  8.0790000e+001  2.4683530e+003  3.4400000e+000
  8.0890000e+001  2.4718212e+003  3.5100000e+000
  8.0980000e+001  2.4749427e+003  3.4300000e+000
  8.1080000e+001  2.4784150e+003  3.6300000e+000
  8.1170000e+001  2.4815316e+003  3.7100000e+000
  8.1270000e+001  2.4850039e+003  3.8100000e+000
  8.1360000e+001  2.4881223e+003  3.8700000e+000
  8.1840000e+001  2.5047720e+003  3.2100000e+000
  8.1930000e+001  2.5078934e+003  3.5500000e+000
  8.2030000e+001  2.5113618e+003  3.4900000e+000
  8.2210000e+001  2.5176032e+003  4.1000000e+000
  8.2400000e+001  2.5231141e+003  4.3100000e+000
  8.2500000e+001  2.5258884e+003  3.7700000e+000
  8.2780000e+001  2.5336606e+003  3.9900000e+000
  8.2880000e+001  2.5365012e+003  3.9500000e+000
  8.3070000e+001  2.5444525e+003  3.4000000e+000
  8.3260000e+001  2.5526896e+003  3.5800000e+000
  8.3450000e+001  2.5609267e+003  3.5500000e+000
  8.3650000e+001  2.5689978e+003  3.6508000e+000
  8.4030000e+001  2.5821762e+003  3.4800000e+000
  8.4120000e+001  2.5853022e+003  3.3200000e+000
  8.4220000e+001  2.5886722e+003  3.7900000e+000
  8.4310000e+001  2.5911722e+003  3.8600000e+000
  8.4400000e+001  2.5936722e+003  3.4800000e+000
  8.4500000e+001  2.5964471e+003  3.9000000e+000
  8.4590000e+001  2.5989440e+003  3.6600000e+000
  8.4690000e+001  2.6017183e+003  3.9700000e+000
  8.4780000e+001  2.6042152e+003  4.0700000e+000
  8.4880000e+001  2.6069889e+003  4.0200000e+000
  8.4970000e+001  2.6094845e+003  3.9700000e+000
  8.5070000e+001  2.6124575e+003  3.7800000e+000
  8.5160000e+001  2.6155835e+003  3.5900000e+000
  8.5260000e+001  2.6190465e+003  3.5800000e+000
  8.5350000e+001  2.6221720e+003  3.4800000e+000
  8.5450000e+001  2.6256343e+003  3.4600000e+000
  8.5630000e+001  2.6318788e+003  3.7900000e+000
  8.5730000e+001  2.6353511e+003  3.7900000e+000
  8.5820000e+001  2.6384701e+003  3.8617000e+000
  8.5920000e+001  2.6419391e+003  3.7060000e+000
  8.6010000e+001  2.6450632e+003  3.9285000e+000
  8.6110000e+001  2.6485289e+003  3.9720000e+000
  8.6200000e+001  2.6516549e+003  3.8045000e+000
  8.6300000e+001  2.6551181e+003  3.5617000e+000
  8.6390000e+001  2.6582436e+003  3.2062000e+000
  8.6490000e+001  2.6617060e+003  3.3188000e+000
  8.6580000e+001  2.6648344e+003  3.3898000e+000
  8.6680000e+001  2.6682973e+003  3.2929000e+000
  8.6770000e+001  2.6710130e+003  3.4492000e+000
  8.6860000e+001  2.6735099e+003  3.5015000e+000
  8.6960000e+001  2.6762856e+003  3.7100000e+000
  8.7050000e+001  2.6787856e+003  3.6702000e+000
  8.7150000e+001  2.6815626e+003  3.5215000e+000
  8.7240000e+001  2.6840595e+003  3.6420000e+000
  8.7340000e+001  2.6868338e+003  3.8608000e+000
  8.7430000e+001  2.6893295e+003  4.2106000e+000
  8.7530000e+001  2.6921025e+003  4.0518000e+000
  8.7620000e+001  2.6945991e+003  3.8100000e+000
  8.7720000e+001  2.6973734e+003  3.9400000e+000
  8.7810000e+001  2.6998703e+003  4.0000000e+000
  8.7910000e+001  2.7026446e+003  3.8400000e+000
  8.8000000e+001  2.7051428e+003  3.8400000e+000
  8.8100000e+001  2.7079206e+003  3.9100000e+000
  8.8280000e+001  2.7129168e+003  4.1200000e+000
  8.8380000e+001  2.7156912e+003  3.9600000e+000
  8.8470000e+001  2.7181869e+003  3.7600000e+000
  8.8570000e+001  2.7209599e+003  4.0100000e+000
  8.8660000e+001  2.7234565e+003  4.0800000e+000
  8.8760000e+001  2.7262308e+003  3.5800000e+000
  8.8850000e+001  2.7287277e+003  3.5500000e+000
  8.8950000e+001  2.7315020e+003  3.3100000e+000
  8.9040000e+001  2.7342239e+003  3.3900000e+000
  8.9140000e+001  2.7376969e+003  3.1900000e+000
  8.9230000e+001  2.7408129e+003  3.2900000e+000
  8.9330000e+001  2.7442866e+003  3.2600000e+000
  8.9420000e+001  2.7474039e+003  3.2100000e+000
  8.9510000e+001  2.7505286e+003  3.4200000e+000
  8.9610000e+001  2.7539967e+003  3.4300000e+000
  8.9800000e+001  2.7605922e+003  3.5900000e+000
  9.0180000e+001  2.7737682e+003  3.4000000e+000
  9.0270000e+001  2.7768842e+003  3.5200000e+000
  9.0370000e+001  2.7801724e+003  3.3600000e+000
  9.0460000e+001  2.7826693e+003  3.4700000e+000
  9.0650000e+001  2.7879405e+003  3.5100000e+000
  9.0840000e+001  2.7932144e+003  3.5100000e+000
  9.1030000e+001  2.7984901e+003  3.7400000e+000
  9.1120000e+001  2.8009870e+003  3.7700000e+000
  9.1220000e+001  2.8037608e+003  3.8100000e+000
  9.1310000e+001  2.8062565e+003  3.9100000e+000
  9.1410000e+001  2.8090298e+003  4.0300000e+000
  9.1500000e+001  2.8115267e+003  3.9600000e+000
  9.1600000e+001  2.8143010e+003  3.8700000e+000
  9.1690000e+001  2.8167979e+003  3.7300000e+000
  9.1790000e+001  2.8195722e+003  3.6400000e+000
  9.1880000e+001  2.8225949e+003  3.3800000e+000
  9.1970000e+001  2.8264263e+003  3.5200000e+000
  9.2260000e+001  2.8389988e+003  3.6500000e+000
  9.2350000e+001  2.8429006e+003  3.6100000e+000
  9.2640000e+001  2.8554730e+003  3.6400000e+000
  9.2920000e+001  2.8676119e+003  3.5300000e+000
  9.3020000e+001  2.8719473e+003  3.5800000e+000
  9.3240000e+001  2.8814850e+003  3.4500000e+000
  9.3340000e+001  2.8858203e+003  3.5600000e+000
  9.3430000e+001  2.8897221e+003  3.5400000e+000
  9.3530000e+001  2.8940574e+003  3.1800000e+000
  9.3630000e+001  2.8983928e+003  3.4200000e+000
  9.3720000e+001  2.9022946e+003  3.4100000e+000
  9.3820000e+001  2.9058102e+003  3.7200000e+000
  9.3910000e+001  2.9089309e+003  3.6500000e+000
  9.4010000e+001  2.9124033e+003  3.5500000e+000
  9.4100000e+001  2.9155188e+003  3.4800000e+000
  9.4200000e+001  2.9189924e+003  3.6500000e+000
  9.4480000e+001  2.9286979e+003  3.8200000e+000
  9.4580000e+001  2.9321703e+003  3.9400000e+000
  9.4680000e+001  2.9356340e+003  3.3000000e+000
  9.4770000e+001  2.9387582e+003  3.3100000e+000
  9.4960000e+001  2.9453495e+003  3.1200000e+000
  9.5060000e+001  2.9488218e+003  3.0800000e+000
  9.5150000e+001  2.9519378e+003  3.0300000e+000
  9.5250000e+001  2.9554115e+003  3.1800000e+000
  9.5340000e+001  2.9585275e+003  3.2800000e+000
  9.5440000e+001  2.9620010e+003  3.1900000e+000
  9.5730000e+001  2.9706050e+003  3.5400000e+000
  9.5820000e+001  2.9731019e+003  3.4900000e+000
  9.6010000e+001  2.9783731e+003  3.2900000e+000
  9.6110000e+001  2.9811474e+003  3.2500000e+000
  9.6200000e+001  2.9836435e+003  3.3200000e+000
  9.6300000e+001  2.9864165e+003  3.2500000e+000
  9.6390000e+001  2.9889127e+003  3.4500000e+000
  9.6490000e+001  2.9916870e+003  3.4100000e+000
  9.6590000e+001  2.9944622e+003  3.4000000e+000
  9.6680000e+001  2.9969622e+003  3.1400000e+000
  9.6780000e+001  2.9997398e+003  3.4800000e+000
  9.6870000e+001  3.0022366e+003  3.6900000e+000
  9.6970000e+001  3.0050110e+003  3.5300000e+000
  9.7060000e+001  3.0075078e+003  3.6400000e+000
  9.7250000e+001  3.0127782e+003  3.8700000e+000
  9.7350000e+001  3.0155512e+003  3.8400000e+000
  9.7640000e+001  3.0235972e+003  3.8000000e+000
  9.7730000e+001  3.0260972e+003  3.5600000e+000
  9.7920000e+001  3.0313714e+003  3.4500000e+000
  9.8020000e+001  3.0341457e+003  3.0900000e+000
  9.8110000e+001  3.0366426e+003  3.4700000e+000
  9.8210000e+001  3.0394169e+003  3.4000000e+000
  9.8300000e+001  3.0419129e+003  3.5300000e+000
  9.8400000e+001  3.0446859e+003  3.4900000e+000
  9.8690000e+001  3.0527322e+003  3.4700000e+000
  9.8780000e+001  3.0552322e+003  3.4500000e+000
  9.8880000e+001  3.0580093e+003  3.4484000e+000
  9.8970000e+001  3.0605062e+003  2.9891000e+000
  9.9070000e+001  3.0632805e+003  3.1074000e+000
  9.9160000e+001  3.0657774e+003  3.3417000e+000
  9.9260000e+001  3.0685517e+003  2.9221000e+000
  9.9450000e+001  3.0750173e+003  3.3145000e+000
  9.9550000e+001  3.0784897e+003  3.1150000e+000
  9.9640000e+001  3.0816052e+003  3.3029000e+000
  9.9740000e+001  3.0850778e+003  3.1076000e+000
  9.9830000e+001  3.0881938e+003  3.1828000e+000
  9.9930000e+001  3.0916676e+003  3.4951000e+000
  1.0002000e+002  3.0947885e+003  3.4684000e+000
  1.0012000e+002  3.0982476e+003  3.3239000e+000
  1.0021000e+002  3.1013800e+003  3.2400000e+000
  1.0031000e+002  3.1048510e+003  3.1469000e+000
  1.0040000e+002  3.1079674e+003  3.0832000e+000
  1.0050000e+002  3.1114443e+003  3.3812000e+000
  1.0069000e+002  3.1180283e+003  3.2143000e+000
  1.0088000e+002  3.1246124e+003  3.4426000e+000
  1.0098000e+002  3.1280917e+003  3.4920000e+000
  1.0107000e+002  3.1311971e+003  3.6107000e+000
  1.0117000e+002  3.1346833e+003  3.5892000e+000
  1.0126000e+002  3.1377857e+003  3.8072000e+000
  1.0136000e+002  3.1412674e+003  3.2941000e+000
  1.0145000e+002  3.1443751e+003  3.7028000e+000
  1.0155000e+002  3.1478514e+003  3.1962000e+000
  1.0174000e+002  3.1544355e+003  3.2717000e+000
  1.0184000e+002  3.1579224e+003  3.1710000e+000
  1.0193000e+002  3.1610195e+003  3.2063000e+000
  1.0203000e+002  3.1645064e+003  3.1248000e+000
  1.0212000e+002  3.1676061e+003  3.4984000e+000
  1.0231000e+002  3.1747980e+003  3.4776000e+000
  1.0250000e+002  3.1830351e+003  3.4235000e+000
  1.0265000e+002  3.1895381e+003  3.1144000e+000
  1.0274000e+002  3.1934399e+003  3.3741000e+000
  1.0284000e+002  3.1977753e+003  3.2992000e+000
  1.0293000e+002  3.2016771e+003  3.3881000e+000
  1.0302000e+002  3.2055789e+003  2.9838000e+000
  1.0312000e+002  3.2099142e+003  3.2651000e+000
  1.0321000e+002  3.2138160e+003  3.4774000e+000
  1.0331000e+002  3.2181513e+003  3.5159000e+000
  1.0340000e+002  3.2220531e+003  3.2723000e+000
  1.0350000e+002  3.2263884e+003  3.2514000e+000
  1.0359000e+002  3.2302902e+003  3.1545000e+000
  1.0368000e+002  3.2341920e+003  3.4142000e+000
  1.0378000e+002  3.2385274e+003  3.3041000e+000
  1.0387000e+002  3.2424292e+003  3.3151000e+000
  1.0397000e+002  3.2467645e+003  3.2610000e+000
  1.0406000e+002  3.2506663e+003  3.3079000e+000
  1.0416000e+002  3.2543114e+003  3.3574000e+000
  1.0425000e+002  3.2574215e+003  3.4198000e+000
  1.0435000e+002  3.2607618e+003  3.2334000e+000
  1.0444000e+002  3.2632551e+003  3.3891000e+000
  1.0453000e+002  3.2657484e+003  3.4340000e+000
  1.0463000e+002  3.2685187e+003  3.2308000e+000
  1.0472000e+002  3.2710120e+003  3.2911000e+000
  1.0482000e+002  3.2737921e+003  3.4746000e+000
  1.0491000e+002  3.2762974e+003  3.4384000e+000
  1.0501000e+002  3.2790737e+003  3.4122000e+000
  1.0510000e+002  3.2815670e+003  3.5587000e+000
  1.0519000e+002  3.2840615e+003  3.5742000e+000
  1.0529000e+002  3.2868367e+003  3.9933000e+000
  1.0538000e+002  3.2893339e+003  3.6778000e+000
  1.0548000e+002  3.2921043e+003  4.0291000e+000
  1.0557000e+002  3.2945976e+003  4.0787000e+000
  1.0567000e+002  3.2979926e+003  3.8591000e+000
  1.0585000e+002  3.3042371e+003  3.6502000e+000
  1.0597000e+002  3.3084088e+003  3.7683000e+000
  1.0604000e+002  3.3108255e+003  3.4971000e+000
  1.0614000e+002  3.3143024e+003  3.2186000e+000
  1.0623000e+002  3.3174095e+003  3.1049000e+000
  1.0633000e+002  3.3208864e+003  3.3575000e+000
  1.0642000e+002  3.3239961e+003  3.3292000e+000
  1.0652000e+002  3.3274705e+003  3.3767000e+000
  1.0677000e+002  3.3361420e+003  3.5058000e+000
  1.0689000e+002  3.3403000e+003  3.5734000e+000
  1.0699000e+002  3.3437802e+003  3.3848000e+000
  1.0708000e+002  3.3468874e+003  3.4600000e+000
  1.0718000e+002  3.3503643e+003  3.2300000e+000
  1.0727000e+002  3.3534866e+003  3.1500000e+000
  1.0736000e+002  3.3572047e+003  3.3100000e+000
  1.0746000e+002  3.3615400e+003  3.3200000e+000
  1.0755000e+002  3.3654418e+003  3.4200000e+000
  1.0765000e+002  3.3697771e+003  3.4600000e+000
  1.0774000e+002  3.3736789e+003  3.6400000e+000
  1.0784000e+002  3.3780143e+003  3.5700000e+000
  1.0802000e+002  3.3858178e+003  3.5200000e+000
  1.0812000e+002  3.3901532e+003  3.4200000e+000
  1.0821000e+002  3.3940550e+003  3.2200000e+000
  1.0831000e+002  3.3983903e+003  3.2400000e+000
  1.0840000e+002  3.4022921e+003  3.5100000e+000
  1.0850000e+002  3.4066274e+003  3.2600000e+000
  1.0859000e+002  3.4105292e+003  3.1000000e+000
  1.0868000e+002  3.4144310e+003  3.2300000e+000
  1.0878000e+002  3.4187663e+003  3.0900000e+000
  1.0887000e+002  3.4226681e+003  3.4800000e+000
  1.0897000e+002  3.4270035e+003  3.3400000e+000
  1.0906000e+002  3.4309053e+003  3.1600000e+000
  1.0916000e+002  3.4352406e+003  3.0000000e+000
  1.0925000e+002  3.4391424e+003  3.0100000e+000
  1.0935000e+002  3.4429998e+003  3.1500000e+000
  1.0944000e+002  3.4461414e+003  3.1900000e+000
  1.0953000e+002  3.4492429e+003  3.1500000e+000
  1.0963000e+002  3.4527255e+003  3.1200000e+000
  1.0972000e+002  3.4558356e+003  3.3700000e+000
  1.0991000e+002  3.4624402e+003  3.3300000e+000
  1.1001000e+002  3.4658936e+003  3.4300000e+000
  1.1010000e+002  3.4690352e+003  3.3900000e+000
  1.1019000e+002  3.4721324e+003  3.2000000e+000
  1.1029000e+002  3.4756193e+003  3.0500000e+000
  1.1038000e+002  3.4787171e+003  2.9900000e+000
  1.1048000e+002  3.4822033e+003  2.9600000e+000
  1.1057000e+002  3.4853224e+003  2.9300000e+000
  1.1067000e+002  3.4887874e+003  2.9300000e+000
  1.1076000e+002  3.4919286e+003  3.1100000e+000
  1.1085000e+002  3.4950262e+003  2.9100000e+000
  1.1095000e+002  3.4985131e+003  3.2200000e+000
  1.1104000e+002  3.5016102e+003  3.1800000e+000
  1.1114000e+002  3.5050971e+003  3.2100000e+000
  1.1123000e+002  3.5082044e+003  3.2200000e+000
  1.1133000e+002  3.5116812e+003  3.1500000e+000
  1.1142000e+002  3.5148093e+003  3.1400000e+000
  1.1152000e+002  3.5182652e+003  3.2500000e+000
  1.1161000e+002  3.5214029e+003  3.1300000e+000
  1.1169000e+002  3.5241588e+003  3.0800000e+000
  1.1179000e+002  3.5276457e+003  3.1100000e+000
  1.1189000e+002  3.5310915e+003  3.2200000e+000
  1.1199000e+002  3.5345750e+003  3.0300000e+000
  1.1224000e+002  3.5432424e+003  3.1500000e+000
  1.1234000e+002  3.5467074e+003  3.3900000e+000
  1.1243000e+002  3.5498486e+003  3.4200000e+000
  1.1252000e+002  3.5529462e+003  3.3400000e+000
  1.1262000e+002  3.5564331e+003  3.0386000e+000
  1.1271000e+002  3.5595563e+003  3.2200000e+000
  1.1281000e+002  3.5630171e+003  3.1000000e+000
  1.1290000e+002  3.5661488e+003  3.2200000e+000
  1.1309000e+002  3.5727343e+003  3.1300000e+000
  1.1319000e+002  3.5761937e+003  3.0400000e+000
  1.1328000e+002  3.5793229e+003  3.2900000e+000
  1.1337000e+002  3.5824434e+003  3.1900000e+000
  1.1356000e+002  3.5890426e+003  3.2300000e+000
  1.1366000e+002  3.5924950e+003  3.1200000e+000
  1.1375000e+002  3.5956267e+003  3.1400000e+000
  1.1385000e+002  3.5990657e+003  3.3500000e+000
  1.1394000e+002  3.6015710e+003  3.0400000e+000
  1.1404000e+002  3.6043546e+003  2.9727000e+000
  1.1413000e+002  3.6068500e+003  2.9900000e+000
  1.1422000e+002  3.6093433e+003  3.0100000e+000
  1.1432000e+002  3.6121137e+003  2.9200000e+000
  1.1441000e+002  3.6146070e+003  2.9900000e+000
  1.1451000e+002  3.6173790e+003  3.3000000e+000
  1.1460000e+002  3.6198767e+003  3.3400000e+000
  1.1470000e+002  3.6226532e+003  3.3600000e+000
  1.1479000e+002  3.6251585e+003  3.3900000e+000
  1.1489000e+002  3.6279422e+003  3.6500000e+000
  1.1498000e+002  3.6304356e+003  3.6700000e+000
  1.1507000e+002  3.6329289e+003  3.4600000e+000
  1.1526000e+002  3.6381925e+003  3.0400000e+000
  1.1536000e+002  3.6409629e+003  2.9200000e+000
  1.1545000e+002  3.6434562e+003  3.1651000e+000
  1.1564000e+002  3.6487419e+003  3.0400000e+000
  1.1574000e+002  3.6515278e+003  3.3500000e+000
  1.1583000e+002  3.6540211e+003  3.4000000e+000
  1.1592000e+002  3.6565144e+003  3.3900000e+000
  1.1602000e+002  3.6592848e+003  3.4700000e+000
  1.1611000e+002  3.6617781e+003  3.4300000e+000
  1.1621000e+002  3.6652105e+003  3.4500000e+000
  1.1630000e+002  3.6691123e+003  3.3700000e+000
  1.1639000e+002  3.6730141e+003  2.9400000e+000
  1.1649000e+002  3.6773494e+003  3.0800000e+000
  1.1659000e+002  3.6816847e+003  3.1100000e+000
  1.1677000e+002  3.6894883e+003  2.8300000e+000
  1.1687000e+002  3.6938237e+003  3.0713000e+000
  1.1696000e+002  3.6977254e+003  2.9100000e+000
  1.1706000e+002  3.7020608e+003  2.9900000e+000
  1.1715000e+002  3.7059626e+003  3.0900000e+000
  1.1725000e+002  3.7097800e+003  3.3900000e+000
  1.1734000e+002  3.7128821e+003  3.3000000e+000
  1.1744000e+002  3.7163686e+003  3.3300000e+000
  1.1753000e+002  3.7194729e+003  3.0200000e+000
  1.1762000e+002  3.7226079e+003  2.9900000e+000
  1.1772000e+002  3.7260763e+003  2.9500000e+000
  1.1781000e+002  3.7291919e+003  3.0900000e+000
  1.1791000e+002  3.7326688e+003  3.1000000e+000
  1.1800000e+002  3.7357920e+003  3.0700000e+000
  1.1810000e+002  3.7392543e+003  2.8800000e+000
  1.1819000e+002  3.7423945e+003  2.9500000e+000
  1.1829000e+002  3.7458429e+003  3.0332000e+000
  1.1838000e+002  3.7489786e+003  3.0000000e+000
  1.1847000e+002  3.7520857e+003  3.0300000e+000
  1.1857000e+002  3.7555626e+003  3.0900000e+000
  1.1866000e+002  3.7586790e+003  2.9500000e+000
  1.1876000e+002  3.7621467e+003  2.8300000e+000
  1.1885000e+002  3.7652824e+003  2.9600000e+000
  1.1895000e+002  3.7687307e+003  3.0500000e+000
  1.1904000e+002  3.7718724e+003  3.1700000e+000
  1.1914000e+002  3.7753171e+003  3.3600000e+000
  1.1923000e+002  3.7784564e+003  3.0500000e+000
  1.1932000e+002  3.7815654e+003  3.1000000e+000
  1.1951000e+002  3.7881695e+003  2.9500000e+000
  1.1961000e+002  3.7916245e+003  2.9400000e+000
  1.1970000e+002  3.7947662e+003  3.3166000e+000
  1.1980000e+002  3.7982086e+003  3.4300000e+000
  1.1999000e+002  3.8047968e+003  3.2000000e+000
  1.2008000e+002  3.8079343e+003  3.1700000e+000
  1.2017000e+002  3.8110522e+003  3.1500000e+000
  1.2027000e+002  3.8145183e+003  3.1400000e+000
  1.2036000e+002  3.8176600e+003  3.0600000e+000
  1.2046000e+002  3.8211024e+003  3.1400000e+000
  1.2055000e+002  3.8242440e+003  3.3400000e+000
  1.2065000e+002  3.8276864e+003  3.3700000e+000
  1.2074000e+002  3.8308281e+003  3.0300000e+000
  1.2084000e+002  3.8342873e+003  3.1300000e+000
  1.2093000e+002  3.8374121e+003  2.7400000e+000
  1.2102000e+002  3.8405390e+003  2.8900000e+000
  1.2112000e+002  3.8439962e+003  2.9375000e+000
  1.2121000e+002  3.8471343e+003  2.9100000e+000
  1.2131000e+002  3.8505802e+003  2.9300000e+000
  1.2140000e+002  3.8537219e+003  3.1200000e+000
  1.2150000e+002  3.8571744e+003  2.8200000e+000
  1.2159000e+002  3.8603060e+003  2.8900000e+000
  1.2165000e+002  3.8623686e+003  3.0100000e+000
  1.2174000e+002  3.8655090e+003  3.5000000e+000
  1.2184000e+002  3.8689722e+003  3.1149000e+000
  1.2193000e+002  3.8720931e+003  3.5196000e+000
  1.2203000e+002  3.8755800e+003  3.3138000e+000
  1.2212000e+002  3.8786771e+003  3.1100000e+000
  1.2221000e+002  3.8818188e+003  3.0424000e+000
  1.2231000e+002  3.8852612e+003  2.9534000e+000
  1.2240000e+002  3.8884029e+003  2.8806000e+000
  1.2250000e+002  3.8918537e+003  3.0082000e+000
  1.2259000e+002  3.8949869e+003  3.2001000e+000
  1.2269000e+002  3.8984590e+003  2.9553000e+000
  1.2278000e+002  3.9015710e+003  2.8258000e+000
  1.2288000e+002  3.9050543e+003  2.8569000e+000
  1.2297000e+002  3.9081550e+003  3.0057000e+000
  1.2307000e+002  3.9116419e+003  3.0777000e+000
  1.2316000e+002  3.9147736e+003  3.0038000e+000
  1.2325000e+002  3.9178807e+003  3.1851000e+000
  1.2335000e+002  3.9213576e+003  3.4562000e+000
  1.2344000e+002  3.9244648e+003  2.8865000e+000
  1.2354000e+002  3.9279417e+003  2.9900000e+000
  1.2363000e+002  3.9310598e+003  2.8791000e+000
  1.2373000e+002  3.9345286e+003  2.8101000e+000
  1.2392000e+002  3.9411171e+003  2.8715000e+000
  1.2401000e+002  3.9442514e+003  3.1440000e+000
  1.2410000e+002  3.9473586e+003  3.0172000e+000
  1.2420000e+002  3.9508355e+003  3.1457000e+000
  1.2429000e+002  3.9539468e+003  3.1251000e+000
  1.2439000e+002  3.9574195e+003  3.0843000e+000
  1.2448000e+002  3.9605502e+003  3.0384000e+000
  1.2458000e+002  3.9640036e+003  3.0290000e+000
  1.2467000e+002  3.9671452e+003  3.0419000e+000
  1.2477000e+002  3.9705914e+003  2.9633000e+000
  1.2486000e+002  3.9737293e+003  3.1480000e+000
  1.2496000e+002  3.9771859e+003  2.9900000e+000
  1.2505000e+002  3.9803133e+003  3.0741000e+000
  1.2514000e+002  3.9834373e+003  3.1917000e+000
  1.2524000e+002  3.9868974e+003  2.9931000e+000
  1.2533000e+002  3.9900390e+003  3.2911000e+000
  1.2543000e+002  3.9934814e+003  3.4785000e+000
  1.2552000e+002  3.9966231e+003  3.3606000e+000
  1.2561000e+002  3.9997229e+003  3.3900000e+000
  1.2571000e+002  4.0032071e+003  3.2674000e+000
  1.2581000e+002  4.0066727e+003  3.3130000e+000
  1.2590000e+002  4.0097912e+003  3.0098000e+000
  1.2600000e+002  4.0132771e+003  2.8336000e+000
  1.2609000e+002  4.0163752e+003  2.9286000e+000
  1.2618000e+002  4.0195169e+003  3.0984000e+000
  1.2628000e+002  4.0229593e+003  3.0104000e+000
  1.2637000e+002  4.0261010e+003  2.9500000e+000
  1.2647000e+002  4.0295551e+003  3.0599000e+000
  1.2694000e+002  4.0458531e+003  3.0781000e+000
  1.2703000e+002  4.0489948e+003  2.8784000e+000
  1.2713000e+002  4.0524422e+003  2.9896000e+000
  1.2735000e+002  4.0600914e+003  3.0213000e+000
  1.2754000e+002  4.0666755e+003  2.9964000e+000
  1.2773000e+002  4.0732595e+003  2.9757000e+000
  1.2782000e+002  4.0763902e+003  2.8500000e+000
  1.2791000e+002  4.0795000e+003  3.0022000e+000
  1.2801000e+002  4.0829852e+003  3.0627000e+000
  1.2810000e+002  4.0860886e+003  2.9448000e+000
  1.2820000e+002  4.0895693e+003  2.9610000e+000
  1.2829000e+002  4.0926764e+003  3.0251000e+000
  1.2839000e+002  4.0961533e+003  3.0297000e+000
  1.2848000e+002  4.0992950e+003  2.8123000e+000
  1.2858000e+002  4.1027374e+003  3.0251000e+000
  1.2867000e+002  4.1058790e+003  2.9191000e+000
  1.2877000e+002  4.1093366e+003  3.1208000e+000
  1.2886000e+002  4.1124631e+003  2.8842000e+000
  1.2895000e+002  4.1155888e+003  3.0994000e+000
  1.2905000e+002  4.1190471e+003  3.0812000e+000
  1.2914000e+002  4.1221857e+003  3.0509000e+000
  1.2924000e+002  4.1256312e+003  2.8800000e+000
  1.2933000e+002  4.1287729e+003  3.0654000e+000
  1.2943000e+002  4.1322237e+003  3.0620000e+000
  1.2952000e+002  4.1353569e+003  3.0849000e+000
  1.2962000e+002  4.1388271e+003  2.9333000e+000
  1.2971000e+002  4.1419410e+003  2.9944000e+000
  1.2980000e+002  4.1450726e+003  3.1753000e+000
  1.2990000e+002  4.1485250e+003  2.9576000e+000
  1.2999000e+002  4.1516600e+003  3.2857000e+000
  1.3009000e+002  4.1551107e+003  3.2548000e+000
  1.3018000e+002  4.1582486e+003  3.1599000e+000
  1.3028000e+002  4.1619138e+003  3.1131000e+000
  1.3037000e+002  4.1658156e+003  2.8895000e+000
  1.3056000e+002  4.1740528e+003  3.0049000e+000
  1.3066000e+002  4.1783881e+003  2.9400000e+000
  1.3084000e+002  4.1861917e+003  3.0826000e+000
  1.3094000e+002  4.1905270e+003  2.9534000e+000
  1.3103000e+002  4.1944288e+003  3.2159000e+000
  1.3152000e+002  4.2156719e+003  2.7500000e+000
  1.3162000e+002  4.2200072e+003  3.2295000e+000
  1.3181000e+002  4.2282444e+003  2.9250000e+000
  1.3190000e+002  4.2321462e+003  3.1898000e+000
  1.3200000e+002  4.2364815e+003  2.9987000e+000
  1.3218000e+002  4.2442851e+003  2.9337000e+000
  1.3228000e+002  4.2486204e+003  2.9447000e+000
  1.3237000e+002  4.2525222e+003  3.3500000e+000
  1.3247000e+002  4.2568575e+003  3.1767000e+000
  1.3256000e+002  4.2607593e+003  3.1537000e+000
  1.3285000e+002  4.2733318e+003  3.1600000e+000
  1.3294000e+002  4.2772336e+003  3.2737000e+000
  1.3303000e+002  4.2811354e+003  3.0367000e+000
  1.3322000e+002  4.2893725e+003  3.1200000e+000
  1.3332000e+002  4.2937078e+003  3.1257000e+000
  1.3341000e+002  4.2976096e+003  3.1081000e+000
  1.3351000e+002  4.3019664e+003  3.1408000e+000
  1.3369000e+002  4.3097919e+003  2.9100000e+000
  1.3388000e+002  4.3180290e+003  3.0700000e+000
  1.3398000e+002  4.3223644e+003  3.0960000e+000
  1.3407000e+002  4.3262662e+003  2.7866000e+000
  1.3426000e+002  4.3345033e+003  2.9743000e+000
  1.3435000e+002  4.3384051e+003  3.2400000e+000
  1.3445000e+002  4.3427404e+003  2.9642000e+000
  1.3454000e+002  4.3466422e+003  3.0300000e+000
  1.3464000e+002  4.3509775e+003  2.9700000e+000
  1.3473000e+002  4.3548793e+003  3.0100000e+000
  1.3483000e+002  4.3592147e+003  2.8351000e+000
  1.3492000e+002  4.3631165e+003  3.0766000e+000
  1.3502000e+002  4.3674518e+003  3.1944000e+000
  1.3511000e+002  4.3713536e+003  3.2124000e+000
  1.3520000e+002  4.3752554e+003  3.1067000e+000
  1.3539000e+002  4.3834925e+003  3.3200000e+000
  1.3549000e+002  4.3878278e+003  2.8584000e+000
  1.3558000e+002  4.3917296e+003  2.9275000e+000
  1.3568000e+002  4.3960650e+003  3.1156000e+000
  1.3577000e+002  4.3999668e+003  3.0500000e+000
  1.3586000e+002  4.4038686e+003  3.1383000e+000
  1.3605000e+002  4.4121057e+003  3.1618000e+000
  1.3624000e+002  4.4203428e+003  3.1202000e+000
  1.3634000e+002  4.4246781e+003  2.9200000e+000
  1.3652000e+002  4.4324817e+003  3.0452000e+000
  1.3662000e+002  4.4368171e+003  2.9300000e+000
  1.3671000e+002  4.4407189e+003  3.2700000e+000
  1.3684000e+002  4.4463548e+003  3.1600000e+000
  1.3693000e+002  4.4502566e+003  3.0000000e+000
  1.3702000e+002  4.4541584e+003  3.0400000e+000
  1.3712000e+002  4.4584937e+003  2.8600000e+000
  1.3721000e+002  4.4623955e+003  3.2442000e+000
  1.3731000e+002  4.4667308e+003  3.1846000e+000
  1.3740000e+002  4.4706326e+003  3.0400000e+000
  1.3750000e+002  4.4749680e+003  2.9300000e+000
  1.3759000e+002  4.4788698e+003  3.1423000e+000
  1.3768000e+002  4.4827716e+003  3.2600000e+000
  1.3778000e+002  4.4871069e+003  3.0476000e+000
  1.3787000e+002  4.4910087e+003  3.3533000e+000
  1.3797000e+002  4.4953440e+003  3.3897000e+000
  1.3816000e+002  4.5035811e+003  3.0800000e+000
  1.3828000e+002  4.5087835e+003  2.9500000e+000
  1.3847000e+002  4.5170207e+003  2.9500000e+000
  1.3866000e+002  4.5252578e+003  3.1600000e+000
  1.3885000e+002  4.5334949e+003  3.1500000e+000
  1.3894000e+002  4.5373790e+003  2.9200000e+000
  1.3932000e+002  4.5505471e+003  2.9500000e+000
  1.3951000e+002  4.5566569e+003  3.3400000e+000
  1.3960000e+002  4.5591502e+003  3.4300000e+000
  1.3969000e+002  4.5616435e+003  3.4200000e+000
  1.3979000e+002  4.5644139e+003  3.1600000e+000
  1.3988000e+002  4.5669102e+003  3.0400000e+000
  1.3998000e+002  4.5696939e+003  2.8500000e+000
  1.4007000e+002  4.5721988e+003  3.2400000e+000
  1.4017000e+002  4.5749739e+003  3.2300000e+000
  1.4026000e+002  4.5774715e+003  3.5600000e+000
  1.4035000e+002  4.5804738e+003  3.2000000e+000
  1.4045000e+002  4.5839607e+003  3.2700000e+000
  1.4054000e+002  4.5870705e+003  3.3700000e+000
  1.4065000e+002  4.5908900e+003  3.0800000e+000
  1.4074000e+002  4.5940217e+003  3.0400000e+000
  1.4084000e+002  4.5974740e+003  3.1600000e+000
  1.4097000e+002  4.6019867e+003  3.1600000e+000
  1.4103000e+002  4.6040615e+003  3.1800000e+000
  1.4113000e+002  4.6075400e+003  3.3200000e+000
  1.4122000e+002  4.6106649e+003  3.2800000e+000
  1.4132000e+002  4.6141286e+003  3.1700000e+000
  1.4142000e+002  4.6176060e+003  3.2100000e+000
  1.4151000e+002  4.6207131e+003  3.1300000e+000
  1.4161000e+002  4.6241900e+003  3.2200000e+000
  1.4170000e+002  4.6273022e+003  3.2900000e+000
  1.4180000e+002  4.6307740e+003  3.1100000e+000
  1.4190000e+002  4.6342593e+003  3.1400000e+000
  1.4199000e+002  4.6373581e+003  3.1500000e+000
  1.4209000e+002  4.6408450e+003  3.2200000e+000
  1.4218000e+002  4.6439457e+003  3.1700000e+000
  1.4228000e+002  4.6474290e+003  2.9000000e+000
  1.4238000e+002  4.6508922e+003  3.4800000e+000
  1.4247000e+002  4.6540131e+003  3.1900000e+000
  1.4257000e+002  4.6575000e+003  3.4000000e+000
  1.4266000e+002  4.6605971e+003  2.9000000e+000
  1.4276000e+002  4.6640840e+003  3.2000000e+000
  1.4286000e+002  4.6675264e+003  2.8900000e+000
  1.4295000e+002  4.6706681e+003  3.0800000e+000
  1.4305000e+002  4.6741273e+003  3.1800000e+000
  1.4314000e+002  4.6772521e+003  3.0700000e+000
  1.4324000e+002  4.6807290e+003  3.2700000e+000
  1.4333000e+002  4.6838362e+003  3.0800000e+000
  1.4343000e+002  4.6873171e+003  3.1600000e+000
  1.4353000e+002  4.6907655e+003  3.2200000e+000
  1.4362000e+002  4.6939057e+003  3.4000000e+000
  1.4372000e+002  4.6973680e+003  3.1300000e+000
  1.4381000e+002  4.7004912e+003  3.1500000e+000
  1.4391000e+002  4.7039681e+003  3.0800000e+000
  1.4401000e+002  4.7074373e+003  3.1800000e+000
  1.4410000e+002  4.7111714e+003  2.9300000e+000
  1.4420000e+002  4.7155067e+003  3.0700000e+000
  1.4429000e+002  4.7194085e+003  3.0100000e+000
  1.4439000e+002  4.7237438e+003  3.5000000e+000
  1.4449000e+002  4.7280792e+003  3.3700000e+000
  1.4458000e+002  4.7319810e+003  3.3400000e+000
  1.4468000e+002  4.7363163e+003  3.1400000e+000
  1.4477000e+002  4.7402181e+003  3.0800000e+000
  1.4487000e+002  4.7445534e+003  3.1100000e+000
  1.4497000e+002  4.7488887e+003  3.3900000e+000
  1.4506000e+002  4.7527905e+003  3.0800000e+000
  1.4516000e+002  4.7571259e+003  3.0500000e+000
  1.4525000e+002  4.7605762e+003  3.1000000e+000
  1.4535000e+002  4.7640488e+003  3.1100000e+000
  1.4545000e+002  4.7675057e+003  3.4100000e+000
  1.4554000e+002  4.7706471e+003  3.4089000e+000
  1.4564000e+002  4.7740943e+003  3.4471000e+000
  1.4573000e+002  4.7772312e+003  3.3898000e+000
  1.4583000e+002  4.7806854e+003  3.1626000e+000
  1.4593000e+002  4.7841605e+003  3.2216000e+000
  1.4602000e+002  4.7872895e+003  3.2970000e+000
  1.4612000e+002  4.7907445e+003  3.1455000e+000
  1.4621000e+002  4.7938862e+003  3.1513000e+000
  1.4631000e+002  4.7973286e+003  3.0759000e+000
  1.4641000e+002  4.8008155e+003  3.1546000e+000
  1.4650000e+002  4.8039168e+003  3.2887000e+000
  1.4660000e+002  4.8072495e+003  3.1830000e+000
  1.4679000e+002  4.8125131e+003  3.5544000e+000
  1.4689000e+002  4.8152834e+003  3.2400000e+000
  1.4698000e+002  4.8177767e+003  3.1973000e+000
  1.4708000e+002  4.8205623e+003  3.1700000e+000
  1.4717000e+002  4.8230719e+003  3.2500000e+000
  1.4727000e+002  4.8258484e+003  3.1600000e+000
  1.4737000e+002  4.8286188e+003  2.9000000e+000
  1.4746000e+002  4.8311121e+003  3.0800000e+000
  1.4756000e+002  4.8338824e+003  3.1900000e+000
  1.4765000e+002  4.8363757e+003  3.1300000e+000
  1.4775000e+002  4.8391460e+003  3.2800000e+000
  1.4794000e+002  4.8444242e+003  3.5300000e+000
  1.4813000e+002  4.8497054e+003  3.1600000e+000
  1.4823000e+002  4.8524805e+003  3.1400000e+000
  1.4832000e+002  4.8549746e+003  3.3700000e+000
  1.4842000e+002  4.8577450e+003  3.2500000e+000
  1.4852000e+002  4.8605153e+003  3.1700000e+000
  1.4861000e+002  4.8630086e+003  3.0600000e+000
  1.4871000e+002  4.8657848e+003  3.1300000e+000
  1.4880000e+002  4.8682901e+003  3.1600000e+000
  1.4890000e+002  4.8710703e+003  3.1000000e+000
  1.4900000e+002  4.8738406e+003  3.1900000e+000
  1.4909000e+002  4.8763343e+003  3.0800000e+000
  1.4919000e+002  4.8791094e+003  3.2100000e+000
  1.4928000e+002  4.8816070e+003  3.2100000e+000
  1.4937000e+002  4.8841112e+003  3.5300000e+000
  1.4957000e+002  4.8896692e+003  3.5000000e+000
  1.4967000e+002  4.8924396e+003  3.7500000e+000
  1.4976000e+002  4.8949329e+003  3.4000000e+000
  1.4996000e+002  4.9004735e+003  3.5100000e+000
  1.5005000e+002  4.9029668e+003  3.5200000e+000
  1.5014000e+002  4.9055598e+003  3.1500000e+000
  1.5024000e+002  4.9090357e+003  3.0700000e+000
  1.5034000e+002  4.9125126e+003  3.1900000e+000
  1.5044000e+002  4.9159650e+003  3.0700000e+000
  1.5053000e+002  4.9191000e+003  3.2000000e+000
  1.5063000e+002  4.9225507e+003  3.1600000e+000
  1.5073000e+002  4.9260314e+003  3.1200000e+000
  1.5082000e+002  4.9291541e+003  3.2200000e+000
  1.5092000e+002  4.9326200e+003  3.3300000e+000
  1.5102000e+002  4.9360969e+003  3.3700000e+000
  1.5111000e+002  4.9392040e+003  3.0900000e+000
  1.5121000e+002  4.9426810e+003  3.0000000e+000
  1.5131000e+002  4.9461451e+003  2.9800000e+000
  1.5140000e+002  4.9492650e+003  3.2000000e+000
  1.5150000e+002  4.9527485e+003  2.9400000e+000
  1.5159000e+002  4.9558490e+003  2.9200000e+000
  1.5168000e+002  4.9589907e+003  3.0800000e+000
  1.5178000e+002  4.9624371e+003  3.4000000e+000
  1.5188000e+002  4.9659200e+003  3.1300000e+000
  1.5197000e+002  4.9690307e+003  2.8700000e+000
  1.5208000e+002  4.9728493e+003  2.8500000e+000
  1.5217000e+002  4.9759893e+003  2.8900000e+000
  1.5226000e+002  4.9790881e+003  3.1300000e+000
  1.5236000e+002  4.9825750e+003  3.1200000e+000
  1.5247000e+002  4.9863668e+003  3.0600000e+000
  1.5255000e+002  4.9891590e+003  2.9200000e+000
  1.5265000e+002  4.9926166e+003  3.0500000e+000
  1.5275000e+002  4.9960883e+003  3.1500000e+000
  1.5284000e+002  4.9992200e+003  3.0200000e+000
  1.5294000e+002  5.0026724e+003  3.0700000e+000
  1.5305000e+002  5.0064945e+003  3.3800000e+000
  1.5314000e+002  5.0096076e+003  3.3300000e+000
  1.5324000e+002  5.0130829e+003  3.3900000e+000
  1.5334000e+002  5.0165646e+003  3.1800000e+000
  1.5343000e+002  5.0196714e+003  2.9400000e+000
  1.5353000e+002  5.0231495e+003  2.8600000e+000
  1.5363000e+002  5.0266019e+003  2.9500000e+000
  1.5372000e+002  5.0297336e+003  3.0800000e+000
  1.5382000e+002  5.0332020e+003  2.9600000e+000
  1.5392000e+002  5.0366629e+003  3.0000000e+000
  1.5401000e+002  5.0398045e+003  2.8400000e+000
  1.5411000e+002  5.0432469e+003  3.0800000e+000
  1.5421000e+002  5.0467338e+003  3.1800000e+000
  1.5430000e+002  5.0498314e+003  3.0700000e+000
  1.5440000e+002  5.0533179e+003  3.5000000e+000
  1.5450000e+002  5.0567971e+003  3.3514000e+000
  1.5459000e+002  5.0599019e+003  3.2228000e+000
  1.5469000e+002  5.0638744e+003  3.0635000e+000
  1.5479000e+002  5.0682098e+003  3.1467000e+000
  1.5488000e+002  5.0721116e+003  2.9843000e+000
  1.5498000e+002  5.0764469e+003  2.9990000e+000
  1.5508000e+002  5.0807822e+003  3.1464000e+000
  1.5527000e+002  5.0890193e+003  3.1278000e+000
  1.5537000e+002  5.0933547e+003  3.0103000e+000
  1.5556000e+002  5.1015918e+003  3.5766000e+000
  1.5566000e+002  5.1059271e+003  3.3983000e+000
  1.5575000e+002  5.1098289e+003  3.3499000e+000
  1.5585000e+002  5.1141643e+003  3.3809000e+000
  1.5595000e+002  5.1184996e+003  3.2100000e+000
  1.5604000e+002  5.1224014e+003  3.0100000e+000
  1.5614000e+002  5.1267367e+003  2.7966000e+000
  1.5624000e+002  5.1310720e+003  3.2243000e+000
  1.5633000e+002  5.1349738e+003  3.1588000e+000
  1.5643000e+002  5.1393092e+003  3.0829000e+000
  1.5653000e+002  5.1436445e+003  3.2148000e+000
  1.5662000e+002  5.1475463e+003  3.0082000e+000
  1.5672000e+002  5.1518816e+003  2.9021000e+000
  1.5682000e+002  5.1562169e+003  3.1000000e+000
  1.5691000e+002  5.1601187e+003  3.2300000e+000
  1.5701000e+002  5.1644541e+003  3.0800000e+000
  1.5711000e+002  5.1687894e+003  3.1100000e+000
  1.5720000e+002  5.1726912e+003  3.1600000e+000
  1.5730000e+002  5.1770265e+003  3.4400000e+000
  1.5740000e+002  5.1813619e+003  3.3400000e+000
  1.5749000e+002  5.1852637e+003  3.4400000e+000
  1.5759000e+002  5.1895990e+003  3.2100000e+000
  1.5769000e+002  5.1939343e+003  3.4100000e+000
  1.5788000e+002  5.2021714e+003  3.0700000e+000
  1.5798000e+002  5.2065068e+003  3.1900000e+000
  1.5807000e+002  5.2104086e+003  3.0700000e+000
  1.5817000e+002  5.2147439e+003  3.4500000e+000
  1.5827000e+002  5.2190792e+003  3.2600000e+000
  1.5836000e+002  5.2229810e+003  3.3700000e+000
  1.5846000e+002  5.2273163e+003  3.3300000e+000
  1.5856000e+002  5.2316517e+003  3.2600000e+000
  1.5865000e+002  5.2355717e+003  3.1700000e+000
  1.5875000e+002  5.2401669e+003  3.3300000e+000
  1.5885000e+002  5.2447919e+003  3.2300000e+000
  1.5894000e+002  5.2489607e+003  3.3100000e+000
  1.5904000e+002  5.2535944e+003  3.4700000e+000
  1.5914000e+002  5.2582344e+003  3.2900000e+000
  1.5923000e+002  5.2623719e+003  3.0100000e+000
  1.5933000e+002  5.2669892e+003  3.2400000e+000
