  1.3000000e-001  1.4195402e+000  3.0200000e+000
  1.6000000e-001  4.1494253e+000  3.1600000e+000
  1.9000000e-001  6.8793103e+000  3.2400000e+000
  1.3000000e-001  1.4195402e+000  2.9400000e+000
  1.8000000e-001  5.9693487e+000  3.1400000e+000
  2.3000000e-001  1.0519157e+001  4.0100000e+000
  2.8000000e-001  1.5123563e+001  4.2500000e+000
  3.3000000e-001  2.0217529e+001  4.7800000e+000
  3.8000000e-001  2.5677299e+001  4.7500000e+000
  4.3000000e-001  3.1137069e+001  4.3800000e+000
  4.8000000e-001  3.6119413e+001  4.3000000e+000
  5.3000000e-001  4.0972542e+001  4.3300000e+000
  5.8000000e-001  4.5825670e+001  4.1600000e+000
  6.3000000e-001  5.0480125e+001  4.0100000e+000
  6.8000000e-001  5.5029933e+001  4.1200000e+000
  7.3000000e-001  5.9579741e+001  4.1500000e+000
  7.8000000e-001  6.4129550e+001  4.1400000e+000
  8.3000000e-001  6.8679358e+001  4.2400000e+000
  8.8000000e-001  7.3229167e+001  3.9300000e+000
  9.3000000e-001  7.7423180e+001  3.8600000e+000
  9.8000000e-001  8.0430421e+001  3.6800000e+000
  1.0300000e+000  8.3239655e+001  3.6900000e+000
  1.0800000e+000  8.5969540e+001  3.6800000e+000
  1.1300000e+000  8.8699425e+001  3.6200000e+000
  1.1800000e+000  9.1429310e+001  3.8300000e+000
  1.2300000e+000  9.4041507e+001  3.5100000e+000
  1.2800000e+000  9.6321264e+001  3.6400000e+000
  1.3300000e+000  9.8505172e+001  3.6400000e+000
  1.3800000e+000  1.0068908e+002  3.7200000e+000
  1.4300000e+000  1.0287299e+002  3.4500000e+000
  1.4800000e+000  1.0505690e+002  3.4300000e+000
  1.5300000e+000  1.0724080e+002  3.4700000e+000
  1.5800000e+000  1.0944413e+002  3.5800000e+000
  1.6300000e+000  1.1196078e+002  3.9600000e+000
  1.6800000e+000  1.1469066e+002  3.6400000e+000
  1.7300000e+000  1.1735715e+002  3.1300000e+000
  1.7800000e+000  1.1978372e+002  3.0500000e+000
  1.8300000e+000  1.2221028e+002  2.7700000e+000
  1.8800000e+000  1.2466020e+002  2.7200000e+000
  1.9300000e+000  1.2739609e+002  3.4200000e+000
  1.9800000e+000  1.3030797e+002  3.1200000e+000
  2.0300000e+000  1.3431641e+002  4.8000000e+000
  2.0800000e+000  1.3968276e+002  4.7800000e+000
  2.1300000e+000  1.4574917e+002  4.5300000e+000
  2.1800000e+000  1.5181558e+002  4.5900000e+000
  2.2300000e+000  1.5788199e+002  4.5400000e+000
  2.2800000e+000  1.6394840e+002  4.5700000e+000
  2.3300000e+000  1.7001481e+002  4.4500000e+000
  2.3800000e+000  1.7608123e+002  4.4400000e+000
  2.4300000e+000  1.8214764e+002  4.2400000e+000
  2.4800000e+000  1.8801264e+002  4.1400000e+000
  2.5300000e+000  1.9297284e+002  4.0400000e+000
  2.5800000e+000  1.9752265e+002  3.6700000e+000
  2.6300000e+000  2.0207246e+002  3.7200000e+000
  2.6800000e+000  2.0546425e+002  3.3200000e+000
  2.7300000e+000  2.0837613e+002  3.1600000e+000
  2.7800000e+000  2.1128801e+002  3.1300000e+000
  2.8300000e+000  2.1419989e+002  3.4700000e+000
  2.8800000e+000  2.1711176e+002  3.2900000e+000
  2.9300000e+000  2.2016705e+002  3.8100000e+000
  2.9800000e+000  2.2380690e+002  4.0800000e+000
  3.0300000e+000  2.2744674e+002  3.9800000e+000
  3.0800000e+000  2.3108659e+002  4.2200000e+000
  3.1300000e+000  2.3472644e+002  3.8000000e+000
  3.1800000e+000  2.3836628e+002  3.2000000e+000
  3.2300000e+000  2.4200613e+002  3.7100000e+000
  3.2800000e+000  2.4601997e+002  4.3700000e+000
  3.3300000e+000  2.5056978e+002  4.1600000e+000
  3.3800000e+000  2.5511959e+002  4.2800000e+000
  3.4300000e+000  2.5966940e+002  4.5000000e+000
  3.4800000e+000  2.6421920e+002  4.1500000e+000
  3.5300000e+000  2.6876901e+002  4.4000000e+000
  3.5800000e+000  2.7318506e+002  4.2000000e+000
  3.6300000e+000  2.7655992e+002  3.9300000e+000
  3.6800000e+000  2.7947180e+002  3.9700000e+000
  3.7300000e+000  2.8238368e+002  3.6900000e+000
  3.7800000e+000  2.8529556e+002  3.5200000e+000
  3.8300000e+000  2.8820743e+002  3.6400000e+000
  3.8800000e+000  2.9122414e+002  3.8000000e+000
  3.9300000e+000  2.9486398e+002  4.1700000e+000
  3.9800000e+000  2.9850383e+002  3.8800000e+000
  4.0300000e+000  3.0214368e+002  3.9800000e+000
  4.0800000e+000  3.0578352e+002  3.8200000e+000
  4.1300000e+000  3.0890870e+002  3.6800000e+000
  4.1800000e+000  3.1182057e+002  3.5700000e+000
  4.2300000e+000  3.1471480e+002  3.3900000e+000
  4.2800000e+000  3.1744468e+002  3.7000000e+000
  4.3300000e+000  3.2017457e+002  3.7300000e+000
  4.3800000e+000  3.2290445e+002  3.3900000e+000
  4.4300000e+000  3.2529747e+002  3.1100000e+000
  4.4800000e+000  3.2748138e+002  3.1100000e+000
  4.5300000e+000  3.2966529e+002  4.0600000e+000
  4.5800000e+000  3.3184920e+002  4.2000000e+000
  4.6300000e+000  3.3409789e+002  3.2700000e+000
  4.6800000e+000  3.3667126e+002  3.8900000e+000
  4.7300000e+000  3.3948123e+002  4.4100000e+000
  4.7800000e+000  3.4249138e+002  4.6100000e+000
  4.8300000e+000  3.4692653e+002  4.5600000e+000
  4.8800000e+000  3.5147634e+002  4.4900000e+000
  4.9300000e+000  3.5602615e+002  4.3700000e+000
  4.9800000e+000  3.6057596e+002  4.3300000e+000
  5.0300000e+000  3.6512577e+002  4.4300000e+000
  5.0800000e+000  3.6908046e+002  4.1200000e+000
  5.1300000e+000  3.7272031e+002  4.3200000e+000
  5.1800000e+000  3.7636015e+002  4.3600000e+000
  5.2300000e+000  3.8000000e+002  4.2900000e+000
