  2.0000000e-001  3.1022962e+000  3.2800000e+000
  2.5000000e-001  8.6983760e+000  3.4800000e+000
  3.0000000e-001  1.4294362e+001  4.2700000e+000
  3.5000000e-001  2.1207983e+001  4.9100000e+000
  4.0000000e-001  2.9202318e+001  4.6100000e+000
  4.5000000e-001  3.7067790e+001  4.2600000e+000
  5.0000000e-001  4.4742301e+001  4.4100000e+000
  5.5000000e-001  5.2000023e+001  4.0800000e+000
  6.0000000e-001  5.8395602e+001  4.2500000e+000
  6.5000000e-001  6.4260033e+001  4.1200000e+000
  7.0000000e-001  6.9589242e+001  4.2700000e+000
  7.5000000e-001  7.4220452e+001  3.7600000e+000
  8.0000000e-001  7.7090571e+001  3.9300000e+000
  8.5000000e-001  7.9648731e+001  4.3500000e+000
  9.0000000e-001  8.2411260e+001  3.7700000e+000
  9.5000000e-001  8.6248466e+001  4.0100000e+000
  1.0000000e+000  9.0085734e+001  4.1000000e+000
  1.0500000e+000  9.3866776e+001  3.5700000e+000
  1.1000000e+000  9.6424916e+001  3.6100000e+000
  1.1500000e+000  9.8982989e+001  3.6900000e+000
  1.2000000e+000  1.0154128e+002  3.6200000e+000
  1.2500000e+000  1.0409992e+002  3.8400000e+000
  1.3000000e+000  1.0779582e+002  3.6900000e+000
  1.3500000e+000  1.1163301e+002  3.9900000e+000
  1.4000000e+000  1.1547048e+002  3.6600000e+000
  1.4500000e+000  1.1930770e+002  3.3600000e+000
  1.5000000e+000  1.2314459e+002  3.0100000e+000
  1.5500000e+000  1.2715266e+002  2.7900000e+000
  1.6000000e+000  1.3405426e+002  4.6900000e+000
  1.6500000e+000  1.4309140e+002  4.8700000e+000
  1.7000000e+000  1.5375037e+002  4.6600000e+000
  1.7500000e+000  1.6391722e+002  4.6100000e+000
  1.8000000e+000  1.7244359e+002  4.4800000e+000
  1.8500000e+000  1.8097225e+002  4.6200000e+000
  1.9000000e+000  1.8899399e+002  4.5100000e+000
  1.9500000e+000  1.9647275e+002  3.2200000e+000
  2.0000000e+000  2.0200328e+002  3.4400000e+000
  2.0500000e+000  2.0733287e+002  3.3100000e+000
  2.1000000e+000  2.1266182e+002  3.5200000e+000
  2.1500000e+000  2.1819267e+002  3.5600000e+000
  2.2000000e+000  2.2566802e+002  3.8000000e+000
  2.2500000e+000  2.3351310e+002  3.6300000e+000
  2.3000000e+000  2.3997325e+002  3.2800000e+000
  2.3500000e+000  2.4700228e+002  4.0800000e+000
  2.4000000e+000  2.5498923e+002  3.9100000e+000
  2.4500000e+000  2.6404240e+002  4.0900000e+000
  2.5000000e+000  2.7470132e+002  4.3800000e+000
  2.5500000e+000  2.8535941e+002  3.9000000e+000
  2.6000000e+000  2.9591830e+002  3.8200000e+000
  2.6500000e+000  3.0294792e+002  3.5100000e+000
  2.7000000e+000  3.0804746e+002  3.5900000e+000
  2.7500000e+000  3.1284329e+002  3.5500000e+000
  2.8000000e+000  3.1670066e+002  3.7600000e+000
  2.8500000e+000  3.2053905e+002  3.0700000e+000
  2.9000000e+000  3.2388683e+002  3.0600000e+000
  2.9500000e+000  3.2644437e+002  3.1700000e+000
  3.0000000e+000  3.2939354e+002  3.1300000e+000
  3.0500000e+000  3.3323074e+002  3.1000000e+000
  3.1000000e+000  3.3728685e+002  4.0800000e+000
  3.1500000e+000  3.4240551e+002  4.9600000e+000
  3.2000000e+000  3.4896710e+002  4.5600000e+000
  3.2500000e+000  3.5627643e+002  4.4800000e+000
  3.3000000e+000  3.6358508e+002  4.4200000e+000
  3.3500000e+000  3.7089457e+002  4.2300000e+000
  3.4000000e+000  3.7793694e+002  4.0100000e+000
  3.4500000e+000  3.8346075e+002  4.0100000e+000
  3.5000000e+000  3.8861128e+002  3.7600000e+000
  3.5500000e+000  3.9285821e+002  3.4800000e+000
  3.6000000e+000  3.9669557e+002  3.2900000e+000
  3.6500000e+000  4.0011936e+002  2.9400000e+000
  3.7000000e+000  4.0267766e+002  3.2500000e+000
  3.7500000e+000  4.0523621e+002  3.1900000e+000
  3.8000000e+000  4.0779388e+002  2.9800000e+000
  3.8500000e+000  4.1035208e+002  3.0700000e+000
  3.9000000e+000  4.1291027e+002  3.1100000e+000
  3.9500000e+000  4.1558625e+002  3.2100000e+000
  4.0000000e+000  4.1942313e+002  3.5000000e+000
  4.0500000e+000  4.2326099e+002  3.5200000e+000
  4.1000000e+000  4.2709787e+002  3.3700000e+000
  4.1500000e+000  4.3781208e+002  3.8400000e+000
  4.2000000e+000  4.5380275e+002  4.0800000e+000
  4.2500000e+000  4.6979130e+002  4.3500000e+000
  4.3000000e+000  4.8577882e+002  3.2900000e+000
  4.3500000e+000  4.9552555e+002  3.6800000e+000
  4.4000000e+000  5.0402344e+002  3.8200000e+000
  4.4500000e+000  5.1163879e+002  4.4100000e+000
  4.5000000e+000  5.1688434e+002  3.6300000e+000
  4.5500000e+000  5.2173419e+002  3.8000000e+000
  4.6000000e+000  5.2685167e+002  3.7500000e+000
  4.6500000e+000  5.3196815e+002  3.9000000e+000
  4.7000000e+000  5.3708375e+002  3.8800000e+000
  4.7500000e+000  5.4228731e+002  3.8100000e+000
  4.8000000e+000  5.5003595e+002  4.2500000e+000
  4.8500000e+000  5.5886209e+002  3.9200000e+000
  4.9000000e+000  5.6653685e+002  3.8800000e+000
  4.9500000e+000  5.7385257e+002  3.8400000e+000
  5.0000000e+000  5.8135832e+002  3.8500000e+000
  5.0500000e+000  5.9004668e+002  4.0700000e+000
  5.1000000e+000  6.0055735e+002  3.9700000e+000
  5.1500000e+000  6.0915941e+002  3.2200000e+000
  5.2000000e+000  6.1484605e+002  3.5900000e+000
  5.2500000e+000  6.2089833e+002  3.6000000e+000
  5.3000000e+000  6.3385254e+002  4.2700000e+000
  5.3500000e+000  6.4984005e+002  4.2600000e+000
  5.4000000e+000  6.6583158e+002  3.8300000e+000
  5.4500000e+000  6.8181928e+002  3.8800000e+000
  5.5000000e+000  6.9594126e+002  3.3100000e+000
  5.5500000e+000  7.0482940e+002  3.6100000e+000
  5.6000000e+000  7.1332325e+002  4.2800000e+000
  5.6500000e+000  7.2124155e+002  4.5000000e+000
  5.7000000e+000  7.2735105e+002  3.4700000e+000
  5.7500000e+000  7.3215421e+002  3.6800000e+000
  5.8000000e+000  7.3695004e+002  3.8600000e+000
  5.8500000e+000  7.4177240e+002  3.6800000e+000
  5.9000000e+000  7.4688886e+002  4.0600000e+000
  5.9500000e+000  7.5200532e+002  3.8000000e+000
  6.0000000e+000  7.5712086e+002  4.0700000e+000
  6.0500000e+000  7.6223828e+002  4.0400000e+000
  6.1000000e+000  7.6722482e+002  3.7000000e+000
  6.1500000e+000  7.7202122e+002  3.7700000e+000
  6.2000000e+000  7.7623624e+002  3.5300000e+000
  6.2500000e+000  7.8007313e+002  3.5500000e+000
  6.3000000e+000  7.8391054e+002  3.4800000e+000
  6.3500000e+000  7.8877527e+002  3.6800000e+000
  6.4000000e+000  7.9599222e+002  4.2500000e+000
  6.4500000e+000  8.0636067e+002  4.3500000e+000
  6.5000000e+000  8.1554118e+002  3.7800000e+000
  6.5500000e+000  8.2311485e+002  3.6800000e+000
  6.6000000e+000  8.2983680e+002  3.7100000e+000
  6.6500000e+000  8.3574758e+002  3.5400000e+000
  6.7000000e+000  8.4110476e+002  3.4800000e+000
  6.7500000e+000  8.4601968e+002  3.3800000e+000
  6.8000000e+000  8.5081609e+002  3.2100000e+000
  6.8500000e+000  8.5565738e+002  3.3900000e+000
  6.9000000e+000  8.6090601e+002  3.1500000e+000
  6.9500000e+000  8.6663349e+002  4.0200000e+000
  7.0000000e+000  8.7440894e+002  4.3000000e+000
  7.0500000e+000  8.8445355e+002  4.5400000e+000
  7.1000000e+000  8.9494835e+002  4.1500000e+000
  7.1500000e+000  9.0336049e+002  3.9700000e+000
  7.2000000e+000  9.1106400e+002  3.3600000e+000
  7.2500000e+000  9.1941107e+002  4.0100000e+000
  7.3000000e+000  9.3000000e+002  4.1000000e+000
