  1.0000000e-002             NaN  3.1000000e+000
  4.0000000e-002  1.2711974e-001  2.9300000e+000
  7.0000000e-002  8.2289345e-001  3.0500000e+000
  1.0000000e-001  1.5186672e+000  3.1500000e+000
  1.3000000e-001  2.2144409e+000  3.1100000e+000
  1.6000000e-001  2.9102146e+000  3.1500000e+000
  1.9000000e-001  3.6059883e+000  3.1500000e+000
  3.8000000e-001  1.0089649e+001  3.4400000e+000
  4.3000000e-001  1.1432588e+001  3.5500000e+000
  4.8000000e-001  1.2630109e+001  3.7800000e+000
  5.3000000e-001  1.3827120e+001  4.3300000e+000
  5.8000000e-001  1.4756465e+001  4.6700000e+000
  6.3000000e-001  1.5464986e+001  4.1100000e+000
  6.8000000e-001  1.6173508e+001  4.8200000e+000
  7.3000000e-001  1.6882029e+001  5.0400000e+000
  7.8000000e-001  1.7584596e+001  5.1300000e+000
  8.3000000e-001  1.8269714e+001  5.1600000e+000
  8.8000000e-001  1.8954832e+001  5.1800000e+000
  9.3000000e-001  1.9639951e+001  5.1100000e+000
  9.8000000e-001  2.0325069e+001  5.1600000e+000
  1.0300000e+000  2.0996238e+001  5.1700000e+000
  1.0800000e+000  2.1586046e+001  5.1200000e+000
  1.1300000e+000  2.2175854e+001  5.0700000e+000
  1.1800000e+000  2.2765662e+001  5.1200000e+000
  1.2300000e+000  2.3355470e+001  5.1800000e+000
  1.2800000e+000  2.3952226e+001  4.8600000e+000
  1.3300000e+000  2.4723714e+001  4.9000000e+000
  1.3800000e+000  2.5495202e+001  4.9900000e+000
  1.4300000e+000  2.6266690e+001  4.9200000e+000
  1.4800000e+000  2.7038178e+001  5.0000000e+000
  1.5300000e+000  2.7840526e+001  4.7200000e+000
  1.5800000e+000  2.8811110e+001  4.8800000e+000
  1.6300000e+000  2.9781846e+001  4.7000000e+000
  1.6800000e+000  3.0579403e+001  4.8200000e+000
  1.7300000e+000  3.1355992e+001  4.7300000e+000
  1.7800000e+000  3.2052550e+001  4.6600000e+000
  1.8300000e+000  3.2623418e+001  4.5700000e+000
  1.8800000e+000  3.3194285e+001  4.6000000e+000
  1.9300000e+000  3.3765153e+001  4.6200000e+000
  1.9800000e+000  3.4336021e+001  4.5100000e+000
  2.0300000e+000  3.4981658e+001  4.6000000e+000
  2.0800000e+000  3.5818686e+001  4.5600000e+000
  2.1300000e+000  3.6655714e+001  4.6100000e+000
  2.1800000e+000  3.7492741e+001  4.5400000e+000
  2.2300000e+000  3.8329769e+001  4.6800000e+000
  2.2800000e+000  3.9166797e+001  4.7000000e+000
  2.3300000e+000  4.0003825e+001  4.7000000e+000
  2.3800000e+000  4.0897162e+001  4.6600000e+000
  2.4300000e+000  4.2168782e+001  4.7000000e+000
  2.4800000e+000  4.3440403e+001  4.5000000e+000
  2.5300000e+000  4.4712024e+001  4.5000000e+000
  2.5800000e+000  4.5983644e+001  4.4000000e+000
  2.6300000e+000  4.7255265e+001  4.6400000e+000
  2.6800000e+000  4.8526886e+001  4.4500000e+000
  2.7300000e+000  4.9798506e+001  4.4600000e+000
  2.7800000e+000  5.1070127e+001  4.4400000e+000
  2.8300000e+000  5.2239607e+001  4.2600000e+000
  2.8800000e+000  5.3404453e+001  4.2800000e+000
  2.9300000e+000  5.4569299e+001  4.4600000e+000
  2.9800000e+000  5.5859948e+001  4.2400000e+000
  3.0300000e+000  5.7316005e+001  4.5600000e+000
  3.0800000e+000  5.8831761e+001  4.5500000e+000
  3.1300000e+000  6.0651833e+001  4.5000000e+000
  3.1800000e+000  6.2471904e+001  4.6000000e+000
  3.2300000e+000  6.4391242e+001  4.6100000e+000
  3.2800000e+000  6.6353986e+001  4.7700000e+000
  3.3300000e+000  6.8316729e+001  4.5100000e+000
  3.3800000e+000  7.0233938e+001  4.3900000e+000
  3.4300000e+000  7.1804133e+001  4.2300000e+000
  3.4800000e+000  7.3163949e+001  4.3600000e+000
  3.5300000e+000  7.4492225e+001  4.2300000e+000
  3.5800000e+000  7.5731241e+001  4.2700000e+000
  3.6300000e+000  7.6793862e+001  4.0300000e+000
  3.6800000e+000  7.7856482e+001  4.1400000e+000
  3.7300000e+000  7.8919103e+001  3.9800000e+000
  3.7800000e+000  7.9981724e+001  3.7100000e+000
  3.8300000e+000  8.1044344e+001  3.7300000e+000
  3.8800000e+000  8.2106965e+001  3.8100000e+000
  3.9300000e+000  8.3169586e+001  3.6300000e+000
  3.9800000e+000  8.4232206e+001  3.8400000e+000
  4.0300000e+000  8.5294827e+001  3.7600000e+000
  4.0800000e+000  8.6357448e+001  4.0300000e+000
  4.1300000e+000  8.7420068e+001  4.1600000e+000
  4.1800000e+000  8.8747281e+001  4.0100000e+000
  4.2300000e+000  8.9949829e+001  3.8800000e+000
  4.2800000e+000  9.1038561e+001  3.9900000e+000
  4.3300000e+000  9.2127292e+001  3.8900000e+000
  4.3800000e+000  9.3216024e+001  3.7900000e+000
  4.4300000e+000  9.4304756e+001  3.7400000e+000
  4.4800000e+000  9.5187064e+001  3.7300000e+000
  4.5300000e+000  9.6058049e+001  3.6400000e+000
  4.5800000e+000  9.6929034e+001  3.7200000e+000
  4.6300000e+000  9.8079824e+001  3.8500000e+000
  4.6800000e+000  9.9757202e+001  3.7100000e+000
  4.7300000e+000  1.0143458e+002  3.7800000e+000
  4.7800000e+000  1.0311196e+002  3.8600000e+000
  4.8300000e+000  1.0478934e+002  4.1000000e+000
  4.8800000e+000  1.0646672e+002  3.9100000e+000
  4.9300000e+000  1.0814410e+002  4.1900000e+000
  4.9800000e+000  1.0982147e+002  4.1800000e+000
  5.0300000e+000  1.1149885e+002  3.9800000e+000
  5.0800000e+000  1.1314403e+002  3.7900000e+000
  5.1300000e+000  1.1448593e+002  3.6200000e+000
  5.1800000e+000  1.1589704e+002  3.5300000e+000
  5.2300000e+000  1.1738893e+002  3.6200000e+000
  5.2800000e+000  1.1888082e+002  3.2500000e+000
  5.3300000e+000  1.2037271e+002  3.0800000e+000
  5.3800000e+000  1.2186460e+002  3.1100000e+000
  5.4300000e+000  1.2335649e+002  2.9300000e+000
  5.4800000e+000  1.2504829e+002  3.0000000e+000
  5.5300000e+000  1.2646301e+002  2.9900000e+000
  5.5800000e+000  1.2765842e+002  3.2100000e+000
  5.6300000e+000  1.2923965e+002  3.9900000e+000
  5.6800000e+000  1.3082088e+002  4.2600000e+000
  5.7300000e+000  1.3250879e+002  4.4300000e+000
  5.7800000e+000  1.3421449e+002  4.6500000e+000
  5.8300000e+000  1.3605893e+002  4.4300000e+000
  5.8800000e+000  1.3795416e+002  4.8800000e+000
  5.9300000e+000  1.3984939e+002  5.0500000e+000
  5.9800000e+000  1.4174462e+002  4.9700000e+000
  6.0300000e+000  1.4360271e+002  4.7400000e+000
  6.0800000e+000  1.4530841e+002  4.7600000e+000
  6.1300000e+000  1.4688449e+002  4.6000000e+000
  6.1800000e+000  1.4840067e+002  4.7400000e+000
  6.2300000e+000  1.4987743e+002  4.7500000e+000
  6.2800000e+000  1.5129886e+002  4.6200000e+000
  6.3300000e+000  1.5272028e+002  4.7400000e+000
  6.3800000e+000  1.5414170e+002  4.6200000e+000
  6.4300000e+000  1.5556313e+002  4.6300000e+000
  6.4800000e+000  1.5712511e+002  4.7000000e+000
  6.5300000e+000  1.5878319e+002  4.7200000e+000
  6.5800000e+000  1.6044127e+002  4.7800000e+000
  6.6300000e+000  1.6209935e+002  4.8800000e+000
  6.6800000e+000  1.6364336e+002  4.7000000e+000
  6.7300000e+000  1.6481383e+002  4.7600000e+000
  6.7800000e+000  1.6587500e+002  4.5400000e+000
  6.8300000e+000  1.6693618e+002  4.6500000e+000
  6.8800000e+000  1.6799735e+002  4.6300000e+000
  6.9300000e+000  1.6905852e+002  4.5100000e+000
  6.9800000e+000  1.7011969e+002  4.5600000e+000
  7.0300000e+000  1.7111417e+002  4.4400000e+000
  7.0800000e+000  1.7210061e+002  4.3300000e+000
  7.1300000e+000  1.7308706e+002  4.2600000e+000
  7.1800000e+000  1.7407350e+002  4.2300000e+000
  7.2300000e+000  1.7505994e+002  4.3300000e+000
  7.2800000e+000  1.7604639e+002  4.3200000e+000
  7.3300000e+000  1.7703283e+002  4.3900000e+000
  7.3800000e+000  1.7801928e+002  4.4200000e+000
  7.4300000e+000  1.7900572e+002  4.5700000e+000
  7.4800000e+000  1.7999216e+002  4.2400000e+000
  7.5300000e+000  1.8097861e+002  4.2600000e+000
  7.5800000e+000  1.8196505e+002  4.1700000e+000
  7.6300000e+000  1.8295149e+002  4.5900000e+000
  7.6800000e+000  1.8389552e+002  4.4000000e+000
  7.7300000e+000  1.8482031e+002  4.4900000e+000
  7.7800000e+000  1.8572316e+002  4.4600000e+000
  7.8300000e+000  1.8659653e+002  4.4000000e+000
  7.8800000e+000  1.8746991e+002  4.4600000e+000
  7.9300000e+000  1.8834328e+002  4.3400000e+000
  7.9800000e+000  1.8915455e+002  4.1600000e+000
  8.0300000e+000  1.8993089e+002  4.0900000e+000
  8.0800000e+000  1.9070722e+002  4.2700000e+000
  8.1300000e+000  1.9148355e+002  4.2100000e+000
  8.1800000e+000  1.9226998e+002  3.9700000e+000
  8.2300000e+000  1.9314336e+002  3.8000000e+000
  8.2800000e+000  1.9401673e+002  3.6300000e+000
  8.3300000e+000  1.9489476e+002  4.0800000e+000
  8.3800000e+000  1.9582636e+002  3.8000000e+000
  8.4300000e+000  1.9675797e+002  3.8800000e+000
  8.4800000e+000  1.9767263e+002  3.5400000e+000
  8.5300000e+000  1.9858705e+002  3.4800000e+000
  8.5800000e+000  1.9950147e+002  3.3900000e+000
  8.6300000e+000  2.0041589e+002  3.4400000e+000
  8.6800000e+000  2.0133031e+002  3.5200000e+000
  8.7300000e+000  2.0236361e+002  3.3700000e+000
  8.7800000e+000  2.0350892e+002  3.4000000e+000
  8.8300000e+000  2.0493770e+002  3.7700000e+000
  8.8800000e+000  2.0636649e+002  3.7600000e+000
  8.9300000e+000  2.0779527e+002  3.6800000e+000
  8.9800000e+000  2.0922405e+002  3.5100000e+000
  9.0300000e+000  2.1065283e+002  3.4300000e+000
  9.0800000e+000  2.1208161e+002  3.3500000e+000
  9.1300000e+000  2.1349220e+002  3.6200000e+000
  9.1800000e+000  2.1489067e+002  3.4700000e+000
  9.2300000e+000  2.1628915e+002  3.6800000e+000
  9.2800000e+000  2.1768762e+002  3.5800000e+000
  9.3300000e+000  2.1908609e+002  4.2500000e+000
  9.3800000e+000  2.2048457e+002  4.0200000e+000
  9.4300000e+000  2.2162796e+002  4.5000000e+000
  9.4800000e+000  2.2282936e+002  4.4300000e+000
  9.5300000e+000  2.2388877e+002  4.5500000e+000
  9.5800000e+000  2.2486160e+002  4.4900000e+000
  9.6300000e+000  2.2583442e+002  4.2000000e+000
  9.6800000e+000  2.2680725e+002  4.4000000e+000
  9.7300000e+000  2.2778008e+002  4.3800000e+000
  9.7800000e+000  2.2875291e+002  4.1400000e+000
  9.8300000e+000  2.2972574e+002  4.3500000e+000
  9.8800000e+000  2.3069856e+002  4.1400000e+000
  9.9300000e+000  2.3167139e+002  4.2300000e+000
  9.9800000e+000  2.3264422e+002  4.1500000e+000
  1.0030000e+001  2.3361705e+002  3.9500000e+000
  1.0080000e+001  2.3458988e+002  3.4500000e+000
  1.0130000e+001  2.3556270e+002  3.6700000e+000
  1.0180000e+001  2.3653553e+002  3.5800000e+000
  1.0230000e+001  2.3750836e+002  3.3500000e+000
  1.0280000e+001  2.3848119e+002  3.2700000e+000
  1.0330000e+001  2.3945402e+002  3.2400000e+000
  1.0380000e+001  2.4042684e+002  3.4000000e+000
  1.0430000e+001  2.4142134e+002  2.9600000e+000
  1.0480000e+001  2.4242345e+002  3.9600000e+000
  1.0530000e+001  2.4342556e+002  4.2000000e+000
  1.0580000e+001  2.4442766e+002  4.0900000e+000
  1.0630000e+001  2.4542977e+002  4.1300000e+000
  1.0680000e+001  2.4667339e+002  4.2100000e+000
  1.0730000e+001  2.4799372e+002  4.5600000e+000
  1.0780000e+001  2.4932319e+002  4.6600000e+000
  1.0830000e+001  2.5065266e+002  4.6500000e+000
  1.0880000e+001  2.5212438e+002  4.6700000e+000
  1.0930000e+001  2.5378622e+002  4.6500000e+000
  1.0980000e+001  2.5544806e+002  4.4900000e+000
  1.1030000e+001  2.5697562e+002  4.5800000e+000
  1.1080000e+001  2.5830509e+002  4.2600000e+000
  1.1130000e+001  2.5963456e+002  4.4300000e+000
  1.1180000e+001  2.6096403e+002  4.4200000e+000
  1.1230000e+001  2.6229350e+002  4.3200000e+000
  1.1280000e+001  2.6357733e+002  4.0500000e+000
  1.1330000e+001  2.6489350e+002  4.6400000e+000
  1.1380000e+001  2.6640426e+002  4.4500000e+000
  1.1430000e+001  2.6791502e+002  4.4100000e+000
  1.1480000e+001  2.6942579e+002  4.5000000e+000
  1.1530000e+001  2.7093655e+002  4.6000000e+000
  1.1580000e+001  2.7244731e+002  4.5400000e+000
  1.1630000e+001  2.7386501e+002  4.5300000e+000
  1.1680000e+001  2.7494018e+002  4.0000000e+000
  1.1730000e+001  2.7590707e+002  4.4600000e+000
  1.1780000e+001  2.7687396e+002  4.4700000e+000
  1.1830000e+001  2.7784085e+002  4.2500000e+000
  1.1880000e+001  2.7880773e+002  4.3900000e+000
  1.1930000e+001  2.7977462e+002  4.3500000e+000
  1.1980000e+001  2.8074151e+002  4.4300000e+000
  1.2030000e+001  2.8161448e+002  4.1100000e+000
  1.2080000e+001  2.8246888e+002  3.9000000e+000
  1.2130000e+001  2.8332327e+002  4.0200000e+000
  1.2180000e+001  2.8417767e+002  3.7500000e+000
  1.2230000e+001  2.8507735e+002  3.7100000e+000
  1.2280000e+001  2.8614534e+002  3.6500000e+000
  1.2330000e+001  2.8721333e+002  3.6000000e+000
  1.2380000e+001  2.8853338e+002  4.1000000e+000
  1.2430000e+001  2.8986837e+002  3.9900000e+000
  1.2480000e+001  2.9120336e+002  4.1800000e+000
  1.2530000e+001  2.9253835e+002  4.3100000e+000
  1.2580000e+001  2.9387335e+002  4.3200000e+000
  1.2630000e+001  2.9520834e+002  4.3700000e+000
  1.2680000e+001  2.9666164e+002  4.3200000e+000
  1.2730000e+001  2.9819324e+002  4.4100000e+000
  1.2780000e+001  2.9972483e+002  4.2900000e+000
  1.2830000e+001  3.0125643e+002  4.1200000e+000
  1.2880000e+001  3.0278802e+002  4.3400000e+000
  1.2930000e+001  3.0431962e+002  4.2700000e+000
  1.2980000e+001  3.0559146e+002  4.0100000e+000
  1.3030000e+001  3.0688757e+002  4.0200000e+000
  1.3080000e+001  3.0804293e+002  3.8400000e+000
  1.3130000e+001  3.0908850e+002  3.9700000e+000
  1.3180000e+001  3.1013407e+002  3.9300000e+000
  1.3230000e+001  3.1117964e+002  3.8600000e+000
  1.3280000e+001  3.1222521e+002  3.8000000e+000
  1.3330000e+001  3.1327078e+002  3.6800000e+000
  1.3380000e+001  3.1431635e+002  3.4300000e+000
  1.3430000e+001  3.1536192e+002  3.4700000e+000
  1.3480000e+001  3.1640749e+002  3.4300000e+000
  1.3530000e+001  3.1745306e+002  3.7300000e+000
  1.3580000e+001  3.1849863e+002  3.6200000e+000
  1.3630000e+001  3.1960693e+002  3.6700000e+000
  1.3680000e+001  3.2091389e+002  3.6300000e+000
  1.3730000e+001  3.2224114e+002  3.5500000e+000
  1.3780000e+001  3.2360779e+002  3.1700000e+000
  1.3830000e+001  3.2497445e+002  3.1700000e+000
  1.3880000e+001  3.2634110e+002  3.1100000e+000
  1.3930000e+001  3.2770776e+002  3.0400000e+000
  1.3980000e+001  3.2922338e+002  3.0900000e+000
  1.4030000e+001  3.3093169e+002  2.8800000e+000
  1.4080000e+001  3.3264001e+002  3.1400000e+000
  1.4130000e+001  3.3439525e+002  3.7100000e+000
  1.4180000e+001  3.3621746e+002  4.0400000e+000
  1.4230000e+001  3.3779944e+002  4.5800000e+000
  1.4280000e+001  3.3937041e+002  4.5800000e+000
  1.4330000e+001  3.4094138e+002  4.9300000e+000
  1.4380000e+001  3.4251235e+002  4.7900000e+000
  1.4430000e+001  3.4401372e+002  4.7800000e+000
  1.4480000e+001  3.4548008e+002  4.7800000e+000
  1.4530000e+001  3.4694645e+002  4.7000000e+000
  1.4580000e+001  3.4841281e+002  4.7100000e+000
  1.4630000e+001  3.4987918e+002  4.6400000e+000
  1.4680000e+001  3.5133895e+002  4.7900000e+000
  1.4730000e+001  3.5271366e+002  4.5900000e+000
  1.4780000e+001  3.5408838e+002  4.4900000e+000
  1.4830000e+001  3.5546310e+002  4.4300000e+000
  1.4880000e+001  3.5683782e+002  4.5000000e+000
  1.4930000e+001  3.5821253e+002  4.4400000e+000
  1.4980000e+001  3.5958725e+002  4.5700000e+000
  1.5030000e+001  3.6096197e+002  4.4700000e+000
  1.5080000e+001  3.6233669e+002  4.5600000e+000
  1.5130000e+001  3.6371141e+002  4.5400000e+000
