  7.0000000e-002  1.2973819e+000  2.9900000e+000
  1.2000000e-001  3.8149524e+000  3.1200000e+000
  1.7000000e-001  6.3325271e+000  3.7000000e+000
  2.3000000e-001  9.3535765e+000  3.3300000e+000
  2.8000000e-001  1.1871144e+001  4.0200000e+000
  3.3000000e-001  1.3947621e+001  4.5000000e+000
  3.8000000e-001  1.5904706e+001  4.4100000e+000
  4.7000000e-001  1.9303437e+001  4.3900000e+000
  5.7000000e-001  2.3079768e+001  4.5200000e+000
  6.2000000e-001  2.4821479e+001  4.4700000e+000
  6.8000000e-001  2.6660295e+001  4.5400000e+000
  7.2000000e-001  2.7868729e+001  4.9400000e+000
  7.8000000e-001  2.9681388e+001  4.2600000e+000
  1.0700000e+000  3.8442482e+001  3.8400000e+000
  1.1800000e+000  4.1765741e+001  4.2000000e+000
  1.2300000e+000  4.3276282e+001  3.9500000e+000
  1.2700000e+000  4.4484656e+001  3.8100000e+000
  1.3200000e+000  4.5995124e+001  3.9400000e+000
  1.3800000e+000  4.7807857e+001  3.9800000e+000
  1.4800000e+000  5.0828923e+001  3.9600000e+000
  1.5200000e+000  5.2037297e+001  3.7600000e+000
  1.6200000e+000  5.5058518e+001  3.8600000e+000
  1.7300000e+000  5.8381565e+001  3.8800000e+000
  1.7700000e+000  5.9601799e+001  4.1800000e+000
  1.8200000e+000  6.1325702e+001  4.3800000e+000
  1.8800000e+000  6.3626567e+001  4.3600000e+000
  1.9300000e+000  6.5640477e+001  4.4200000e+000
  1.9800000e+000  6.8443853e+001  3.9100000e+000
  2.0200000e+000  7.0961434e+001  3.7900000e+000
  2.0800000e+000  7.4737545e+001  3.6800000e+000
  2.1200000e+000  7.7255233e+001  3.8600000e+000
  2.1700000e+000  7.9751398e+001  3.6800000e+000
  2.2300000e+000  8.2168175e+001  3.3000000e+000
  2.2700000e+000  8.3779503e+001  3.5000000e+000
  2.3300000e+000  8.6196439e+001  3.7100000e+000
  2.3800000e+000  8.8210419e+001  3.8900000e+000
  2.4200000e+000  8.9821604e+001  3.6600000e+000
  2.4800000e+000  9.2238510e+001  3.6900000e+000
  2.5200000e+000  9.3849864e+001  3.6100000e+000
  2.5800000e+000  9.6266645e+001  3.4900000e+000
  2.6200000e+000  9.7877829e+001  3.5400000e+000
  2.6700000e+000  9.9891810e+001  3.5800000e+000
  2.7300000e+000  1.0230859e+002  3.4900000e+000
  2.7700000e+000  1.0454874e+002  3.6000000e+000
  2.8300000e+000  1.0832539e+002  3.9000000e+000
  2.8800000e+000  1.1147261e+002  3.9100000e+000
  2.9200000e+000  1.1398965e+002  3.6500000e+000
  2.9800000e+000  1.1776593e+002  3.6300000e+000
  3.0200000e+000  1.2028411e+002  2.9500000e+000
  3.0800000e+000  1.2347164e+002  2.8500000e+000
  3.1200000e+000  1.2548588e+002  2.9900000e+000
  3.1700000e+000  1.2791614e+002  3.8600000e+000
  3.2300000e+000  1.3033233e+002  2.9900000e+000
  3.2700000e+000  1.3194364e+002  4.3500000e+000
  3.3300000e+000  1.3436082e+002  4.3200000e+000
  3.3800000e+000  1.3642695e+002  4.6400000e+000
  3.4200000e+000  1.3844119e+002  4.3600000e+000
  3.4800000e+000  1.4146164e+002  4.6100000e+000
  3.5200000e+000  1.4347559e+002  4.3600000e+000
  3.5800000e+000  1.4649728e+002  4.6100000e+000
  3.6200000e+000  1.4851124e+002  4.3300000e+000
  3.6700000e+000  1.5102906e+002  4.3900000e+000
  3.7300000e+000  1.5362637e+002  4.3700000e+000
  3.7700000e+000  1.5523789e+002  4.4300000e+000
  3.8300000e+000  1.5765491e+002  4.3900000e+000
  3.8800000e+000  1.5966841e+002  4.0700000e+000
  3.9200000e+000  1.6127956e+002  4.4000000e+000
  3.9800000e+000  1.6369689e+002  4.2800000e+000
  4.0300000e+000  1.6571108e+002  4.2300000e+000
  4.0800000e+000  1.6772477e+002  4.0300000e+000
  4.1200000e+000  1.6933566e+002  4.1100000e+000
  4.4200000e+000  1.8142058e+002  4.1400000e+000
  4.4700000e+000  1.8343477e+002  4.0700000e+000
  4.5300000e+000  1.8647588e+002  4.3000000e+000
  4.5800000e+000  1.8962305e+002  3.6800000e+000
  4.6200000e+000  1.9169591e+002  3.5700000e+000
  4.6700000e+000  1.9392706e+002  3.7000000e+000
  4.7200000e+000  1.9592305e+002  3.6700000e+000
  4.7800000e+000  1.9814567e+002  3.5000000e+000
  4.8300000e+000  1.9976468e+002  3.5700000e+000
  4.8800000e+000  2.0127515e+002  3.3600000e+000
  4.9200000e+000  2.0248368e+002  3.4800000e+000
  5.0300000e+000  2.0580686e+002  3.5000000e+000
  5.0800000e+000  2.0731733e+002  3.4600000e+000
  5.1200000e+000  2.0852580e+002  3.5300000e+000
  5.1700000e+000  2.1003647e+002  3.1800000e+000
  5.2200000e+000  2.1154694e+002  3.2000000e+000
  5.2800000e+000  2.1335950e+002  3.3600000e+000
  5.3300000e+000  2.1493552e+002  3.3000000e+000
  5.3800000e+000  2.1672648e+002  2.4300000e+000
  5.4200000e+000  2.1826164e+002  4.0100000e+000
  5.4700000e+000  2.2027513e+002  3.8900000e+000
  5.5300000e+000  2.2361503e+002  4.1100000e+000
  5.5800000e+000  2.2676206e+002  4.0800000e+000
  5.6200000e+000  2.2914683e+002  3.8600000e+000
  5.6700000e+000  2.3166439e+002  3.5600000e+000
  5.7200000e+000  2.3418221e+002  4.0700000e+000
  5.7800000e+000  2.3720341e+002  3.2500000e+000
  5.8300000e+000  2.3972072e+002  3.3800000e+000
  5.8800000e+000  2.4223804e+002  3.6000000e+000
  5.9200000e+000  2.4425218e+002  4.0500000e+000
  5.9700000e+000  2.4676982e+002  4.0100000e+000
  6.0300000e+000  2.4979123e+002  4.2500000e+000
  6.0800000e+000  2.5230876e+002  4.3400000e+000
  6.1200000e+000  2.5432284e+002  4.2900000e+000
  6.1700000e+000  2.5684022e+002  4.1700000e+000
  6.2200000e+000  2.5935753e+002  4.2900000e+000
  6.2800000e+000  2.6237905e+002  4.2300000e+000
  6.3300000e+000  2.6489661e+002  4.3100000e+000
  6.3800000e+000  2.6741411e+002  4.0700000e+000
  6.4200000e+000  2.6942823e+002  4.2700000e+000
  6.4700000e+000  2.7194557e+002  4.2900000e+000
  6.5300000e+000  2.7496671e+002  4.2900000e+000
  6.5800000e+000  2.7748444e+002  4.3800000e+000
  6.6200000e+000  2.7949849e+002  4.1900000e+000
  6.6700000e+000  2.8246574e+002  4.0100000e+000
  6.7200000e+000  2.8561258e+002  3.5600000e+000
  6.8300000e+000  2.9329785e+002  3.9600000e+000
  6.8800000e+000  2.9749382e+002  3.9400000e+000
  6.9200000e+000  3.0085084e+002  3.5000000e+000
  6.9700000e+000  3.0504639e+002  3.8800000e+000
  7.0300000e+000  3.0965044e+002  3.7300000e+000
  7.0800000e+000  3.1300759e+002  3.5800000e+000
  7.1200000e+000  3.1562588e+002  3.3700000e+000
  7.1700000e+000  3.1865852e+002  3.2200000e+000
  7.2200000e+000  3.2117611e+002  3.2000000e+000
  7.2800000e+000  3.2419652e+002  3.3100000e+000
  7.3300000e+000  3.2671434e+002  2.9900000e+000
  7.3800000e+000  3.2923216e+002  3.0500000e+000
  7.4200000e+000  3.3164099e+002  3.8400000e+000
  7.4700000e+000  3.3489030e+002  3.5000000e+000
  7.5300000e+000  3.3938050e+002  4.0500000e+000
  7.5800000e+000  3.4408014e+002  4.6800000e+000
  7.6200000e+000  3.4911597e+002  4.6900000e+000
  7.6700000e+000  3.5540943e+002  4.4500000e+000
  7.7200000e+000  3.6170341e+002  4.3600000e+000
  7.7800000e+000  3.6907847e+002  3.9600000e+000
  7.8300000e+000  3.7339391e+002  3.9800000e+000
  7.8800000e+000  3.7759046e+002  3.8700000e+000
  7.9200000e+000  3.8094690e+002  3.9900000e+000
  7.9700000e+000  3.8514273e+002  3.7600000e+000
  8.0300000e+000  3.9017811e+002  3.6800000e+000
  8.1200000e+000  3.9666120e+002  3.4000000e+000
  8.1800000e+000  4.0032980e+002  3.2900000e+000
  8.2200000e+000  4.0234375e+002  2.8500000e+000
  8.2800000e+000  4.0536481e+002  2.8700000e+000
  8.3200000e+000  4.0737896e+002  2.8200000e+000
  8.3800000e+000  4.1039975e+002  3.0200000e+000
  8.4300000e+000  4.1291740e+002  3.3300000e+000
  8.4700000e+000  4.1493137e+002  3.2700000e+000
  8.5300000e+000  4.1795285e+002  3.3100000e+000
  8.5700000e+000  4.1996700e+002  4.2200000e+000
