  1.0000000e-001  3.2012559e-001  3.0600000e+000
  1.3000000e-001  2.8358466e+000  3.2600000e+000
  1.6000000e-001  5.3515677e+000  3.2300000e+000
  1.9000000e-001  7.8673017e+000  3.7200000e+000
  2.2000000e-001  1.0383040e+001  4.3000000e+000
  1.2000000e-001  1.9972729e+000  3.3500000e+000
  1.7000000e-001  6.1901429e+000  3.5200000e+000
  2.2000000e-001  1.0383040e+001  4.5000000e+000
  2.7000000e-001  1.4575904e+001  3.7500000e+000
  3.2000000e-001  1.8923606e+001  4.9600000e+000
  3.7000000e-001  2.3715456e+001  4.4700000e+000
  4.2000000e-001  2.8507350e+001  4.4400000e+000
  4.7000000e-001  3.3299126e+001  4.4100000e+000
  5.2000000e-001  3.8091001e+001  4.3700000e+000
  5.7000000e-001  4.2882776e+001  4.4200000e+000
  6.2000000e-001  4.7674669e+001  4.2300000e+000
  6.7000000e-001  5.2466517e+001  4.3600000e+000
  7.2000000e-001  5.7258373e+001  4.3600000e+000
  7.7000000e-001  6.2050273e+001  4.2700000e+000
  8.2000000e-001  6.6842048e+001  4.4900000e+000
  8.7000000e-001  7.1275309e+001  4.0600000e+000
  9.2000000e-001  7.5428081e+001  3.7100000e+000
  9.7000000e-001  7.9397045e+001  3.8000000e+000
  1.0200000e+000  8.3230745e+001  3.8800000e+000
  1.0700000e+000  8.7064002e+001  4.0600000e+000
  1.1200000e+000  9.0897259e+001  3.9200000e+000
  1.1700000e+000  9.4731093e+001  3.5400000e+000
  1.2200000e+000  9.8564540e+001  3.7600000e+000
  1.2700000e+000  1.0239798e+002  3.8200000e+000
  1.3200000e+000  1.0623099e+002  3.9200000e+000
  1.3700000e+000  1.1006511e+002  4.0600000e+000
  1.4200000e+000  1.1396427e+002  4.0400000e+000
  1.4700000e+000  1.1803053e+002  3.5500000e+000
  1.5200000e+000  1.2222366e+002  3.0900000e+000
  1.5700000e+000  1.2699698e+002  3.1600000e+000
  1.6200000e+000  1.3178826e+002  4.5300000e+000
  1.6700000e+000  1.3658049e+002  4.3400000e+000
  1.7200000e+000  1.4137180e+002  4.8200000e+000
  1.7700000e+000  1.4616393e+002  4.7100000e+000
  1.8200000e+000  1.5095633e+002  4.7600000e+000
  1.8700000e+000  1.5574749e+002  4.5700000e+000
  1.9200000e+000  1.6053986e+002  4.6100000e+000
  1.9700000e+000  1.6533115e+002  4.3200000e+000
  2.0200000e+000  1.7012343e+002  4.3500000e+000
  2.0700000e+000  1.7491468e+002  4.2000000e+000
  2.1200000e+000  1.7955121e+002  4.3700000e+000
  2.1700000e+000  1.8374435e+002  4.3000000e+000
  2.2200000e+000  1.8776475e+002  4.0400000e+000
  2.2700000e+000  1.9175766e+002  3.8900000e+000
  2.3200000e+000  1.9575118e+002  3.5200000e+000
  2.3700000e+000  1.9974434e+002  3.6700000e+000
  2.4200000e+000  2.0373779e+002  3.8100000e+000
  2.4700000e+000  2.0773103e+002  3.8000000e+000
  2.5200000e+000  2.1183787e+002  3.4900000e+000
  2.5700000e+000  2.1613437e+002  4.0100000e+000
  2.6200000e+000  2.2248109e+002  4.5600000e+000
  2.6700000e+000  2.3380074e+002  4.0600000e+000
  2.7200000e+000  2.4578155e+002  4.5800000e+000
  2.7700000e+000  2.5776049e+002  4.4600000e+000
  2.8200000e+000  2.6610947e+002  4.6400000e+000
  2.8700000e+000  2.7409618e+002  4.6700000e+000
  2.9200000e+000  2.8193667e+002  3.9200000e+000
  2.9700000e+000  2.8809390e+002  3.8000000e+000
  3.0200000e+000  2.9377230e+002  4.0800000e+000
  3.0700000e+000  2.9922304e+002  3.9900000e+000
  3.1200000e+000  3.0349784e+002  4.1600000e+000
  3.1700000e+000  3.0769097e+002  4.1000000e+000
  3.2200000e+000  3.1188405e+002  3.6500000e+000
  3.2700000e+000  3.1607647e+002  3.6400000e+000
  3.3200000e+000  3.2026937e+002  3.6600000e+000
  3.3700000e+000  3.2440829e+002  3.2600000e+000
  3.4200000e+000  3.2840140e+002  3.1900000e+000
  3.4700000e+000  3.3239481e+002  3.1600000e+000
  3.5200000e+000  3.3638701e+002  4.4700000e+000
  3.5700000e+000  3.4038066e+002  4.2300000e+000
  3.6200000e+000  3.4437362e+002  4.9500000e+000
  3.6700000e+000  3.4836733e+002  4.7600000e+000
  3.7200000e+000  3.5236029e+002  4.6200000e+000
  3.7700000e+000  3.5635394e+002  4.6600000e+000
  3.8200000e+000  3.6034697e+002  4.5300000e+000
  3.8700000e+000  3.6434055e+002  4.4200000e+000
  3.9200000e+000  3.6833291e+002  4.3600000e+000
  3.9700000e+000  3.7232616e+002  4.2300000e+000
  4.0200000e+000  3.7645723e+002  4.2400000e+000
  4.0700000e+000  3.8065036e+002  4.2900000e+000
  4.1200000e+000  3.8484350e+002  4.0500000e+000
  4.1700000e+000  3.8903599e+002  3.9400000e+000
  4.2200000e+000  3.9322876e+002  3.9000000e+000
  4.2700000e+000  3.9742183e+002  3.3200000e+000
  4.3200000e+000  4.0161424e+002  3.3500000e+000
  4.3700000e+000  4.0580716e+002  3.2200000e+000
  4.4200000e+000  4.1000029e+002  3.1200000e+000
  4.4700000e+000  4.1419343e+002  3.4100000e+000
  4.5200000e+000  4.1838591e+002  3.6300000e+000
  4.5700000e+000  4.2257869e+002  4.2000000e+000
  4.6200000e+000  4.2683539e+002  4.1700000e+000
  4.6700000e+000  4.3214590e+002  5.0000000e+000
  4.7200000e+000  4.3776829e+002  5.0700000e+000
  4.7700000e+000  4.4367659e+002  5.0500000e+000
  4.8200000e+000  4.5005073e+002  4.6100000e+000
  4.8700000e+000  4.5643948e+002  4.6700000e+000
  4.9200000e+000  4.6282883e+002  4.6600000e+000
  4.9700000e+000  4.6921781e+002  4.5600000e+000
  5.0200000e+000  4.7550957e+002  4.4200000e+000
  5.0700000e+000  4.8136878e+002  3.5300000e+000
  5.1200000e+000  4.8693543e+002  3.5700000e+000
  5.1700000e+000  4.9194318e+002  3.7000000e+000
  5.2200000e+000  4.9613559e+002  3.8400000e+000
  5.2700000e+000  5.0015430e+002  3.9100000e+000
  5.3200000e+000  5.0414737e+002  3.9500000e+000
  5.3700000e+000  5.0814091e+002  4.1300000e+000
  5.4200000e+000  5.1213406e+002  4.2100000e+000
  5.4700000e+000  5.1612752e+002  4.1500000e+000
  5.5200000e+000  5.2012074e+002  4.1500000e+000
  5.5700000e+000  5.2411413e+002  3.7900000e+000
  5.6200000e+000  5.2810692e+002  3.9300000e+000
  5.6700000e+000  5.3202243e+002  4.2000000e+000
  5.7200000e+000  5.3570950e+002  4.5600000e+000
  5.7700000e+000  5.3930321e+002  3.9500000e+000
  5.8200000e+000  5.4289691e+002  3.8800000e+000
  5.8700000e+000  5.4649162e+002  5.0600000e+000
  5.9200000e+000  5.5008533e+002  4.7100000e+000
  5.9700000e+000  5.5367903e+002  4.5400000e+000
  6.0200000e+000  5.5727274e+002  4.3700000e+000
  6.0700000e+000  5.6086644e+002  4.4700000e+000
  6.1200000e+000  5.6451408e+002  4.1600000e+000
  6.1700000e+000  5.6840372e+002  4.3500000e+000
  6.2200000e+000  5.7245695e+002  3.5200000e+000
  6.2700000e+000  5.7664937e+002  3.6500000e+000
  6.3200000e+000  5.8188409e+002  3.8500000e+000
  6.3700000e+000  5.8749911e+002  4.5200000e+000
  6.4200000e+000  5.9340126e+002  4.4200000e+000
  6.4700000e+000  6.0013853e+002  4.3800000e+000
  6.5200000e+000  6.0812346e+002  3.8600000e+000
  6.5700000e+000  6.1611087e+002  3.7200000e+000
  6.6200000e+000  6.2409694e+002  4.7700000e+000
  6.6700000e+000  6.3090236e+002  4.4700000e+000
  6.7200000e+000  6.3729089e+002  4.6500000e+000
  6.7700000e+000  6.4349412e+002  4.4200000e+000
  6.8200000e+000  6.4929929e+002  4.2800000e+000
  6.8700000e+000  6.5504894e+002  4.2800000e+000
  6.9200000e+000  6.6080064e+002  4.1800000e+000
  6.9700000e+000  6.6655024e+002  4.4800000e+000
