  1.0000000e-002  0.0000000e+000  3.3500000e+000
  4.0000000e-002  1.1551155e+000  3.3900000e+000
  7.0000000e-002  2.3102310e+000  3.3200000e+000
  1.0000000e-001  3.4653465e+000  3.3800000e+000
  1.2000000e-001  4.2354235e+000  3.4800000e+000
  1.7000000e-001  6.1606161e+000  3.3800000e+000
  2.2500000e-001  8.2783278e+000  3.4500000e+000
  2.7000000e-001  1.0107501e+001  3.1300000e+000
  3.2000000e-001  1.2513992e+001  4.0300000e+000
  3.5000000e-001  1.3957886e+001  4.5400000e+000
  4.0000000e-001  1.5688201e+001  4.9300000e+000
  4.5000000e-001  1.7228355e+001  4.4100000e+000
  5.0000000e-001  1.8768509e+001  4.9900000e+000
  5.5000000e-001  2.0308663e+001  4.8000000e+000
  6.0000000e-001  2.1848817e+001  4.8400000e+000
  6.5000000e-001  2.3388971e+001  4.9500000e+000
  7.0000000e-001  2.4929125e+001  4.8200000e+000
  7.5000000e-001  2.6742849e+001  4.7800000e+000
  8.0000000e-001  2.8668042e+001  4.7900000e+000
  8.5000000e-001  3.0593234e+001  4.5400000e+000
  9.0000000e-001  3.2518427e+001  4.5500000e+000
  9.5000000e-001  3.4443619e+001  4.4900000e+000
  1.0000000e+000  3.6368812e+001  4.4000000e+000
  1.0500000e+000  3.8293959e+001  4.3000000e+000
  1.1000000e+000  4.0219190e+001  4.3300000e+000
  1.1500000e+000  4.2144358e+001  4.3600000e+000
  1.2000000e+000  4.4069512e+001  4.2000000e+000
  1.2500000e+000  4.5994666e+001  4.3100000e+000
  1.3000000e+000  4.7919820e+001  4.4100000e+000
  1.3500000e+000  4.9844974e+001  4.3600000e+000
  1.4000000e+000  5.1770191e+001  4.2700000e+000
  1.4500000e+000  5.3695423e+001  4.3600000e+000
  1.5000000e+000  5.5620654e+001  4.0100000e+000
  1.5500000e+000  5.7545885e+001  4.1600000e+000
  1.6000000e+000  5.9471116e+001  4.2500000e+000
  1.6500000e+000  6.1396282e+001  4.3700000e+000
  1.7000000e+000  6.3321436e+001  4.0300000e+000
  1.7500000e+000  6.5246590e+001  4.4100000e+000
  1.8000000e+000  6.7171744e+001  4.5800000e+000
  1.8500000e+000  6.9096898e+001  4.5600000e+000
  1.9000000e+000  7.1022117e+001  4.3300000e+000
  1.9500000e+000  7.2947348e+001  4.2100000e+000
  2.0000000e+000  7.4872579e+001  3.8800000e+000
  2.0500000e+000  7.6797810e+001  3.9300000e+000
  2.1000000e+000  7.8723041e+001  3.9100000e+000
  2.1500000e+000  8.0648207e+001  3.8400000e+000
  2.2000000e+000  8.2573361e+001  3.8100000e+000
  2.2500000e+000  8.4498515e+001  3.7900000e+000
  2.3000000e+000  8.6423669e+001  3.9400000e+000
  2.3500000e+000  8.8348823e+001  4.0100000e+000
  2.4000000e+000  9.0274043e+001  3.9600000e+000
  2.4500000e+000  9.2199274e+001  3.7800000e+000
  2.5000000e+000  9.4124505e+001  3.7300000e+000
  2.5500000e+000  9.6049736e+001  3.7100000e+000
  2.6000000e+000  9.7974967e+001  3.6700000e+000
  2.6500000e+000  9.9900132e+001  3.6800000e+000
  2.7000000e+000  1.0182529e+002  3.6400000e+000
  2.7500000e+000  1.0375044e+002  3.6700000e+000
  2.8000000e+000  1.0567559e+002  4.0600000e+000
  2.8500000e+000  1.0781367e+002  3.9600000e+000
  2.9000000e+000  1.1022016e+002  3.8900000e+000
  2.9500000e+000  1.1262665e+002  3.7100000e+000
  3.0000000e+000  1.1503314e+002  3.9700000e+000
  3.0500000e+000  1.1743963e+002  3.5300000e+000
  3.1000000e+000  1.1984612e+002  3.4100000e+000
  3.1500000e+000  1.2225261e+002  3.6000000e+000
  3.2000000e+000  1.2465910e+002  3.2900000e+000
  3.2500000e+000  1.2706559e+002  3.3700000e+000
  3.3000000e+000  1.2930252e+002  4.4900000e+000
  3.3500000e+000  1.3122767e+002  4.3500000e+000
  3.4000000e+000  1.3315289e+002  4.4000000e+000
  3.4500000e+000  1.3507813e+002  4.3900000e+000
  3.5000000e+000  1.3700336e+002  4.7500000e+000
  3.5500000e+000  1.3931704e+002  4.7400000e+000
  3.6000000e+000  1.4172353e+002  4.5600000e+000
  3.6500000e+000  1.4413002e+002  4.7600000e+000
  3.7000000e+000  1.4645414e+002  4.7500000e+000
  3.7500000e+000  1.4837929e+002  4.5200000e+000
  3.8000000e+000  1.5030444e+002  4.4600000e+000
  3.8500000e+000  1.5188374e+002  4.3900000e+000
  3.9000000e+000  1.5342396e+002  4.4200000e+000
  3.9500000e+000  1.5496409e+002  4.5400000e+000
  4.0000000e+000  1.5650418e+002  4.7200000e+000
  4.1000000e+000  1.5958454e+002  3.8000000e+000
  4.1500000e+000  1.6112475e+002  4.5200000e+000
  4.2000000e+000  1.6266483e+002  4.7900000e+000
  4.2500000e+000  1.6420492e+002  4.6800000e+000
  4.3000000e+000  1.6605637e+002  4.3600000e+000
  4.3500000e+000  1.6798152e+002  4.1800000e+000
  4.4000000e+000  1.6990675e+002  4.1000000e+000
  4.4500000e+000  1.7183198e+002  4.2700000e+000
  4.5000000e+000  1.7375721e+002  4.2700000e+000
  4.5500000e+000  1.7568244e+002  4.1600000e+000
  4.6000000e+000  1.7804084e+002  4.4000000e+000
  4.6500000e+000  1.8044733e+002  4.0900000e+000
  4.7000000e+000  1.8285382e+002  4.2500000e+000
  4.7500000e+000  1.8526031e+002  4.2000000e+000
  4.8000000e+000  1.8766680e+002  4.3800000e+000
  4.8500000e+000  1.8985845e+002  4.3200000e+000
  4.9000000e+000  1.9175191e+002  3.7300000e+000
  4.9500000e+000  1.9329214e+002  3.9300000e+000
  5.0000000e+000  1.9483236e+002  3.9300000e+000
  5.0500000e+000  1.9637247e+002  3.9000000e+000
  5.1000000e+000  1.9791256e+002  3.6800000e+000
  5.1500000e+000  1.9945272e+002  3.5700000e+000
  5.2000000e+000  2.0099294e+002  3.4100000e+000
  5.2500000e+000  2.0253312e+002  3.5300000e+000
  5.3000000e+000  2.0407321e+002  3.9000000e+000
  5.4000000e+000  2.0705792e+002  3.5200000e+000
  5.4500000e+000  2.0847385e+002  3.4200000e+000
  5.5000000e+000  2.0975741e+002  3.5000000e+000
  5.5500000e+000  2.1104081e+002  3.5800000e+000
  5.6000000e+000  2.1232426e+002  3.7100000e+000
  5.6500000e+000  2.1360780e+002  3.4700000e+000
  5.7000000e+000  2.1489117e+002  3.4600000e+000
  5.7500000e+000  2.1617467e+002  3.6400000e+000
  5.8000000e+000  2.1745816e+002  3.3500000e+000
  5.8500000e+000  2.1874153e+002  3.9300000e+000
  5.9000000e+000  2.2002508e+002  4.1800000e+000
  5.9500000e+000  2.2130852e+002  3.9300000e+000
  6.0500000e+000  2.2407855e+002  4.1400000e+000
  6.1000000e+000  2.2552244e+002  4.2200000e+000
  6.1500000e+000  2.2696634e+002  4.1300000e+000
  6.2000000e+000  2.2841023e+002  4.2200000e+000
  6.2500000e+000  2.2985413e+002  4.1600000e+000
  6.3000000e+000  2.3129802e+002  4.1200000e+000
  6.3500000e+000  2.3274191e+002  3.8800000e+000
  6.4000000e+000  2.3418581e+002  3.8100000e+000
  6.4500000e+000  2.3562970e+002  3.4400000e+000
  6.5000000e+000  2.3707360e+002  3.1800000e+000
  6.6000000e+000  2.3996139e+002  2.9900000e+000
  6.8000000e+000  2.4573696e+002  4.3300000e+000
  6.8500000e+000  2.4726798e+002  4.3300000e+000
  6.9000000e+000  2.4880820e+002  4.0800000e+000
  6.9500000e+000  2.5059160e+002  4.5200000e+000
  7.0000000e+000  2.5251684e+002  4.5400000e+000
  7.0500000e+000  2.5444207e+002  4.3700000e+000
  7.1000000e+000  2.5636730e+002  4.3800000e+000
  7.1500000e+000  2.5829245e+002  4.2000000e+000
  7.2000000e+000  2.6021761e+002  4.3700000e+000
  7.2500000e+000  2.6214276e+002  4.2800000e+000
  7.3000000e+000  2.6406792e+002  4.1600000e+000
  7.3500000e+000  2.6599307e+002  4.4500000e+000
  7.4000000e+000  2.6791830e+002  4.2300000e+000
  7.4500000e+000  2.6984353e+002  4.3400000e+000
  7.5000000e+000  2.7176876e+002  4.0600000e+000
  7.5500000e+000  2.7369399e+002  4.4100000e+000
  7.6000000e+000  2.7561922e+002  4.3500000e+000
  7.6500000e+000  2.7754438e+002  4.1100000e+000
  7.7000000e+000  2.7946953e+002  4.3700000e+000
  7.7500000e+000  2.8139469e+002  4.0000000e+000
  7.8000000e+000  2.8331984e+002  3.8600000e+000
  7.8500000e+000  2.8524500e+002  3.5100000e+000
  7.9000000e+000  2.8717022e+002  3.4500000e+000
  7.9500000e+000  2.8940072e+002  3.8400000e+000
  8.0000000e+000  2.9180721e+002  3.9300000e+000
  8.0500000e+000  2.9434446e+002  3.8400000e+000
  8.1000000e+000  2.9705644e+002  4.1200000e+000
  8.1500000e+000  2.9994422e+002  4.0400000e+000
  8.2000000e+000  3.0283201e+002  4.0700000e+000
  8.2500000e+000  3.0571980e+002  3.9400000e+000
  8.3000000e+000  3.0834579e+002  3.6300000e+000
  8.3500000e+000  3.1091273e+002  3.4300000e+000
  8.4000000e+000  3.1346514e+002  3.5400000e+000
  8.4500000e+000  3.1587163e+002  3.4800000e+000
  8.5500000e+000  3.1975825e+002  3.2300000e+000
  8.6000000e+000  3.2129834e+002  3.1100000e+000
  8.6500000e+000  3.2283850e+002  3.6100000e+000
  8.7000000e+000  3.2437872e+002  3.1400000e+000
  8.7500000e+000  3.2602354e+002  3.2800000e+000
  8.8000000e+000  3.2794869e+002  2.9200000e+000
  8.8500000e+000  3.3031106e+002  2.9600000e+000
  8.9000000e+000  3.3276106e+002  2.7600000e+000
  8.9500000e+000  3.3582361e+002  3.0900000e+000
  9.0000000e+000  3.4037404e+002  4.5800000e+000
  9.0500000e+000  3.4518702e+002  4.3000000e+000
  9.1000000e+000  3.5000000e+002  4.6200000e+000
