  1.9000000e-001  3.5346863e-001  3.1000000e+000
  2.2000000e-001  1.6533078e+000  3.2600000e+000
  2.5000000e-001  2.9531469e+000  3.3700000e+000
  2.8000000e-001  4.2529861e+000  3.4200000e+000
  3.1000000e-001  5.5528252e+000  3.3000000e+000
  3.2000000e-001  5.9861049e+000  3.3100000e+000
  3.7000000e-001  8.1524955e+000  3.7100000e+000
  4.2000000e-001  1.0318881e+001  3.5700000e+000
  4.7000000e-001  1.2485267e+001  3.9800000e+000
  5.2000000e-001  1.4651664e+001  4.5800000e+000
  5.7000000e-001  1.6818073e+001  4.4700000e+000
  6.2000000e-001  1.8984481e+001  4.9400000e+000
  6.7000000e-001  2.1283680e+001  4.9000000e+000
  7.2000000e-001  2.3759560e+001  4.6900000e+000
  7.7000000e-001  2.6235429e+001  4.8200000e+000
  8.2000000e-001  2.8711298e+001  4.5900000e+000
  8.7000000e-001  3.1187167e+001  4.4900000e+000
  9.2000000e-001  3.3663036e+001  4.4800000e+000
  9.7000000e-001  3.6138943e+001  4.4300000e+000
  1.0200000e+000  3.8614854e+001  4.3800000e+000
  1.0700000e+000  4.1090743e+001  4.3600000e+000
  1.1200000e+000  4.3566612e+001  4.3800000e+000
  1.1700000e+000  4.6042481e+001  4.3000000e+000
  1.2200000e+000  4.8518350e+001  4.3500000e+000
  1.2700000e+000  5.0994219e+001  4.2900000e+000
  1.3200000e+000  5.3470118e+001  4.1100000e+000
  1.3700000e+000  5.5946028e+001  4.2400000e+000
  1.4200000e+000  5.8421926e+001  4.3500000e+000
  1.4700000e+000  6.0897795e+001  4.3600000e+000
  1.5200000e+000  6.3652400e+001  4.5600000e+000
  1.5700000e+000  6.6481968e+001  4.4300000e+000
  1.6200000e+000  6.9311536e+001  4.2700000e+000
  1.6700000e+000  7.2141104e+001  4.0900000e+000
  1.7200000e+000  7.4970672e+001  3.6100000e+000
  1.7700000e+000  7.7800254e+001  3.7200000e+000
  1.8200000e+000  8.0629859e+001  3.8600000e+000
  1.8700000e+000  8.3459464e+001  3.6800000e+000
  1.9200000e+000  8.6289045e+001  3.6100000e+000
  1.9700000e+000  8.9118613e+001  4.0200000e+000
  2.0200000e+000  9.1948181e+001  3.9000000e+000
  2.0700000e+000  9.4777749e+001  3.7800000e+000
  2.1200000e+000  9.7607317e+001  3.7500000e+000
  2.1700000e+000  1.0043692e+002  3.7800000e+000
  2.2200000e+000  1.0326664e+002  3.7500000e+000
  2.2700000e+000  1.0609635e+002  3.7000000e+000
  2.3200000e+000  1.0892593e+002  4.0300000e+000
  2.3700000e+000  1.1175539e+002  3.8200000e+000
  2.4200000e+000  1.1458484e+002  3.4900000e+000
  2.4700000e+000  1.1710650e+002  3.3200000e+000
  2.5200000e+000  1.1927317e+002  3.0900000e+000
  2.5700000e+000  1.2143983e+002  3.1700000e+000
  2.6200000e+000  1.2360650e+002  3.1300000e+000
  2.6700000e+000  1.2577286e+002  3.0800000e+000
  2.7200000e+000  1.2793920e+002  3.7500000e+000
  2.7700000e+000  1.3010555e+002  3.3000000e+000
  2.8200000e+000  1.3270450e+002  4.2900000e+000
  2.8700000e+000  1.3553396e+002  4.7600000e+000
  2.9200000e+000  1.3836342e+002  4.6400000e+000
  2.9700000e+000  1.4130092e+002  4.3800000e+000
  3.0200000e+000  1.4427198e+002  4.4600000e+000
  3.0700000e+000  1.4734563e+002  4.5000000e+000
  3.1200000e+000  1.5044059e+002  4.5900000e+000
  3.1700000e+000  1.5353555e+002  4.5600000e+000
  3.2200000e+000  1.5663051e+002  4.7100000e+000
  3.2700000e+000  1.5972547e+002  4.5400000e+000
  3.3200000e+000  1.6282043e+002  4.5300000e+000
  3.3700000e+000  1.6591498e+002  4.4900000e+000
  3.4200000e+000  1.6900936e+002  4.7100000e+000
  3.4700000e+000  1.7210432e+002  4.3700000e+000
  3.5200000e+000  1.7519928e+002  4.4600000e+000
  3.5700000e+000  1.7829424e+002  4.4100000e+000
  3.6200000e+000  1.8138920e+002  4.5200000e+000
  3.6700000e+000  1.8448416e+002  4.4900000e+000
  3.7200000e+000  1.8757912e+002  4.4200000e+000
  3.7700000e+000  1.9056307e+002  4.2600000e+000
  3.8200000e+000  1.9353413e+002  3.7600000e+000
  3.8700000e+000  1.9636911e+002  3.7100000e+000
  3.9200000e+000  1.9919857e+002  3.4000000e+000
  3.9700000e+000  2.0193881e+002  3.5800000e+000
  4.0200000e+000  2.0441527e+002  3.4900000e+000
  4.0700000e+000  2.0689072e+002  3.8900000e+000
  4.1200000e+000  2.0936657e+002  3.5100000e+000
  4.1700000e+000  2.1184262e+002  3.5900000e+000
  4.2200000e+000  2.1431807e+002  3.5100000e+000
  4.2700000e+000  2.1679453e+002  3.5000000e+000
  4.3200000e+000  2.1926998e+002  3.6500000e+000
  4.3700000e+000  2.2174643e+002  4.6700000e+000
  4.4200000e+000  2.2422188e+002  4.4800000e+000
  4.4700000e+000  2.2669783e+002  4.1100000e+000
  4.5200000e+000  2.2917379e+002  4.2800000e+000
  4.5700000e+000  2.3164924e+002  4.1500000e+000
  4.6200000e+000  2.3412569e+002  3.7500000e+000
  4.6700000e+000  2.3660114e+002  3.5100000e+000
  4.7200000e+000  2.3907760e+002  3.4300000e+000
  4.7700000e+000  2.4155305e+002  3.3100000e+000
  4.8200000e+000  2.4402908e+002  4.1600000e+000
  4.8700000e+000  2.4650495e+002  4.2900000e+000
  4.9200000e+000  2.4898041e+002  4.1600000e+000
  4.9700000e+000  2.5145686e+002  4.6500000e+000
  5.0200000e+000  2.5393231e+002  4.0000000e+000
  5.0700000e+000  2.5640876e+002  4.4100000e+000
  5.1200000e+000  2.5888421e+002  4.5400000e+000
  5.1700000e+000  2.6136033e+002  4.3000000e+000
  5.2200000e+000  2.6383612e+002  4.3400000e+000
  5.2700000e+000  2.6631157e+002  4.3000000e+000
  5.3200000e+000  2.6878802e+002  4.4900000e+000
  5.3700000e+000  2.7126348e+002  4.5000000e+000
  5.4200000e+000  2.7373993e+002  4.4700000e+000
  5.4700000e+000  2.7619498e+002  4.1300000e+000
  5.5200000e+000  2.7836132e+002  4.0900000e+000
  5.5700000e+000  2.8052767e+002  3.9200000e+000
  5.6200000e+000  2.8269401e+002  3.8300000e+000
  5.6700000e+000  2.8476041e+002  3.7800000e+000
  5.7200000e+000  2.8682372e+002  4.2300000e+000
  5.7700000e+000  2.8883361e+002  4.3000000e+000
  5.8200000e+000  2.9081449e+002  3.8100000e+000
  5.8700000e+000  2.9279500e+002  4.3100000e+000
  5.9200000e+000  2.9477536e+002  4.3400000e+000
  5.9700000e+000  2.9675612e+002  4.2200000e+000
  6.0200000e+000  2.9873700e+002  4.1100000e+000
  6.0700000e+000  3.0071788e+002  4.0900000e+000
  6.1200000e+000  3.0269876e+002  4.0300000e+000
  6.1700000e+000  3.0467917e+002  3.8900000e+000
  6.2200000e+000  3.0665953e+002  3.9400000e+000
  6.2700000e+000  3.0864039e+002  3.8000000e+000
  6.3200000e+000  3.1062127e+002  3.7600000e+000
  6.3700000e+000  3.1260215e+002  3.7700000e+000
  6.4200000e+000  3.1458298e+002  3.6500000e+000
  6.4700000e+000  3.1656334e+002  3.6100000e+000
  6.5200000e+000  3.1854379e+002  3.5600000e+000
  6.5700000e+000  3.2052467e+002  3.4900000e+000
  6.6200000e+000  3.2250554e+002  3.4700000e+000
  6.6700000e+000  3.2448642e+002  3.2800000e+000
  6.7200000e+000  3.2646715e+002  3.4100000e+000
  6.7700000e+000  3.2844751e+002  3.0900000e+000
  6.8200000e+000  3.3042806e+002  2.9100000e+000
  6.8700000e+000  3.3240894e+002  3.4600000e+000
  6.9200000e+000  3.3442510e+002  3.1000000e+000
  6.9700000e+000  3.3648840e+002  3.9400000e+000
  7.0200000e+000  3.3855171e+002  4.9000000e+000
  7.0700000e+000  3.4061502e+002  4.6400000e+000
  7.1200000e+000  3.4267833e+002  5.0700000e+000
  7.1700000e+000  3.4474163e+002  4.8600000e+000
  7.2200000e+000  3.4680494e+002  4.3800000e+000
  7.2700000e+000  3.4886805e+002  4.7000000e+000
  7.3200000e+000  3.5093093e+002  4.6500000e+000
  7.3700000e+000  3.5300833e+002  4.5600000e+000
  7.4200000e+000  3.5517500e+002  4.5200000e+000
  7.4700000e+000  3.5734167e+002  4.3600000e+000
  7.5200000e+000  3.5952192e+002  4.5700000e+000
  7.5700000e+000  3.6199737e+002  4.4300000e+000
  7.6200000e+000  3.6447311e+002  4.4700000e+000
  7.6700000e+000  3.6694928e+002  4.3800000e+000
  7.7200000e+000  3.6942473e+002  4.3900000e+000
  7.7700000e+000  3.7190118e+002  4.3400000e+000
  7.8200000e+000  3.7437663e+002  4.2500000e+000
  7.8700000e+000  3.7685309e+002  4.2100000e+000
  7.9200000e+000  3.7932854e+002  4.1000000e+000
  7.9700000e+000  3.8180436e+002  4.2900000e+000
  8.0200000e+000  3.8428044e+002  4.1300000e+000
  8.0700000e+000  3.8675589e+002  3.7500000e+000
  8.1200000e+000  3.8923235e+002  3.9000000e+000
  8.1700000e+000  3.9170780e+002  3.8300000e+000
  8.2200000e+000  3.9418425e+002  3.9200000e+000
  8.2700000e+000  3.9665970e+002  3.6700000e+000
  8.3200000e+000  3.9913561e+002  3.3500000e+000
  8.3700000e+000  4.0161161e+002  3.4400000e+000
  8.4200000e+000  4.0408706e+002  3.2700000e+000
  8.4700000e+000  4.0686550e+002  2.9900000e+000
  8.5200000e+000  4.0969533e+002  3.2400000e+000
  8.5700000e+000  4.1252510e+002  3.1000000e+000
  8.6200000e+000  4.1535456e+002  3.4300000e+000
  8.6700000e+000  4.1818402e+002  3.6200000e+000
  8.7200000e+000  4.2101347e+002  3.6900000e+000
  8.7700000e+000  4.2384293e+002  3.6000000e+000
  8.8200000e+000  4.2667239e+002  4.9900000e+000
  8.8700000e+000  4.2950211e+002  5.0700000e+000
  8.9200000e+000  4.3233194e+002  5.1000000e+000
  8.9700000e+000  4.3516176e+002  5.1200000e+000
  9.0200000e+000  4.3799122e+002  4.9400000e+000
  9.0700000e+000  4.4082067e+002  4.9500000e+000
  9.1200000e+000  4.4365013e+002  4.8300000e+000
  9.1700000e+000  4.4647959e+002  4.6300000e+000
  9.2200000e+000  4.4930905e+002  4.6500000e+000
  9.2700000e+000  4.5213873e+002  4.7100000e+000
  9.3200000e+000  4.5496855e+002  4.4700000e+000
  9.3700000e+000  4.5779838e+002  4.6600000e+000
  9.4200000e+000  4.6062788e+002  4.5600000e+000
  9.4700000e+000  4.6345733e+002  4.3600000e+000
  9.5200000e+000  4.6628679e+002  4.4800000e+000
  9.5700000e+000  4.6911625e+002  4.5000000e+000
  9.6200000e+000  4.7194571e+002  4.3600000e+000
  9.6700000e+000  4.7458147e+002  3.8500000e+000
  9.7200000e+000  4.7674782e+002  3.9400000e+000
  9.7700000e+000  4.7891416e+002  3.8900000e+000
  9.8200000e+000  4.8108050e+002  3.9100000e+000
  9.8700000e+000  4.8314474e+002  3.9000000e+000
  9.9200000e+000  4.8520805e+002  3.4300000e+000
  9.9700000e+000  4.8721586e+002  3.6700000e+000
  1.0020000e+001  4.8919622e+002  3.6700000e+000
  1.0070000e+001  4.9117772e+002  3.6600000e+000
  1.0120000e+001  4.9315962e+002  3.6800000e+000
  1.0170000e+001  4.9513988e+002  3.6900000e+000
  1.0220000e+001  4.9711974e+002  3.7500000e+000
  1.0270000e+001  4.9910092e+002  3.7300000e+000
  1.0320000e+001  5.0108230e+002  3.9000000e+000
  1.0370000e+001  5.0306227e+002  3.9200000e+000
  1.0420000e+001  5.0504212e+002  4.0800000e+000
  1.0470000e+001  5.0702401e+002  3.9800000e+000
  1.0520000e+001  5.0900576e+002  4.1200000e+000
  1.0570000e+001  5.1098510e+002  4.1000000e+000
  1.0620000e+001  5.1296476e+002  3.9700000e+000
  1.0670000e+001  5.1494666e+002  3.9100000e+000
  1.0720000e+001  5.1692817e+002  3.8400000e+000
  1.0770000e+001  5.1890803e+002  3.8800000e+000
  1.0820000e+001  5.2088827e+002  3.7900000e+000
  1.0870000e+001  5.2286966e+002  3.9000000e+000
  1.0920000e+001  5.2487726e+002  3.8900000e+000
  1.0970000e+001  5.2694057e+002  3.9500000e+000
  1.1020000e+001  5.2900387e+002  3.9500000e+000
  1.1070000e+001  5.3117001e+002  4.0000000e+000
  1.1120000e+001  5.3333635e+002  4.3300000e+000
  1.1170000e+001  5.3550270e+002  4.0600000e+000
  1.1220000e+001  5.3820091e+002  4.4900000e+000
  1.1270000e+001  5.4117351e+002  4.3700000e+000
  1.1320000e+001  5.4433520e+002  4.4600000e+000
  1.1370000e+001  5.4780765e+002  4.4000000e+000
  1.1420000e+001  5.5178928e+002  4.3900000e+000
  1.1470000e+001  5.5643123e+002  4.2400000e+000
  1.1520000e+001  5.6262074e+002  3.7400000e+000
  1.1570000e+001  5.6881008e+002  3.9800000e+000
  1.1620000e+001  5.7500000e+002  3.8600000e+000
