  1.3000000e-001  7.6910237e-001  3.1700000e+000
  1.6000000e-001  3.6713756e+000  3.0400000e+000
  1.9000000e-001  6.5736567e+000  3.3000000e+000
  2.2000000e-001  9.4759316e+000  3.0700000e+000
  1.8000000e-001  5.6062297e+000  3.5100000e+000
  2.3000000e-001  1.0443356e+001  3.6300000e+000
  2.8000000e-001  1.5280464e+001  4.2600000e+000
  3.3000000e-001  2.0374009e+001  4.8200000e+000
  3.8000000e-001  2.6375615e+001  4.7500000e+000
  4.3000000e-001  3.2422067e+001  4.5800000e+000
  4.8000000e-001  3.8468428e+001  4.2900000e+000
  5.3000000e-001  4.4514872e+001  3.9100000e+000
  5.8000000e-001  5.0561265e+001  4.3000000e+000
  6.3000000e-001  5.6065906e+001  4.3000000e+000
  6.8000000e-001  6.0903061e+001  4.1200000e+000
  7.3000000e-001  6.5740143e+001  4.1600000e+000
  7.8000000e-001  7.0513530e+001  4.2900000e+000
  8.3000000e-001  7.5009284e+001  3.6300000e+000
  8.8000000e-001  7.9362698e+001  4.1800000e+000
  9.3000000e-001  8.3716111e+001  3.8600000e+000
  9.8000000e-001  8.7919242e+001  3.7800000e+000
  1.0300000e+000  9.2065370e+001  3.6600000e+000
  1.0800000e+000  9.5702512e+001  3.6500000e+000
  1.1300000e+000  9.9330419e+001  3.6100000e+000
  1.1800000e+000  1.0273495e+002  3.7100000e+000
  1.2300000e+000  1.0590965e+002  3.9300000e+000
  1.2800000e+000  1.0908410e+002  3.9000000e+000
  1.3300000e+000  1.1225830e+002  3.8200000e+000
  1.3800000e+000  1.1535590e+002  3.4100000e+000
  1.4300000e+000  1.1837932e+002  3.2300000e+000
  1.4800000e+000  1.2140208e+002  3.2000000e+000
  1.5300000e+000  1.2442518e+002  3.0900000e+000
  1.5800000e+000  1.2744861e+002  3.6200000e+000
  1.6300000e+000  1.3047204e+002  3.9400000e+000
  1.6800000e+000  1.3349511e+002  4.1100000e+000
  1.7300000e+000  1.3651789e+002  4.6600000e+000
  1.7800000e+000  1.3954132e+002  4.8800000e+000
  1.8300000e+000  1.4256474e+002  4.6000000e+000
  1.8800000e+000  1.4558814e+002  4.6300000e+000
  1.9300000e+000  1.4861090e+002  4.5600000e+000
  1.9800000e+000  1.5163403e+002  4.5000000e+000
  2.0300000e+000  1.5465745e+002  4.6300000e+000
  2.0800000e+000  1.5768088e+002  4.6300000e+000
  2.1300000e+000  1.6078994e+002  4.4800000e+000
  2.1800000e+000  1.6396414e+002  4.5200000e+000
  2.2300000e+000  1.6713834e+002  4.4100000e+000
  2.2800000e+000  1.7031253e+002  4.3500000e+000
  2.3300000e+000  1.7348702e+002  4.4100000e+000
  2.3800000e+000  1.7666172e+002  4.3600000e+000
  2.4300000e+000  1.7983612e+002  4.2400000e+000
  2.4800000e+000  1.8301032e+002  4.2100000e+000
  2.5300000e+000  1.8618452e+002  4.2900000e+000
  2.5800000e+000  1.8935871e+002  4.4700000e+000
  2.6300000e+000  1.9253322e+002  3.4800000e+000
  2.6800000e+000  1.9570792e+002  3.6200000e+000
  2.7300000e+000  1.9888231e+002  3.5000000e+000
  2.7800000e+000  2.0205650e+002  3.6900000e+000
  2.8300000e+000  2.0523070e+002  3.9100000e+000
  2.8800000e+000  2.0840490e+002  3.5300000e+000
  2.9300000e+000  2.1157941e+002  3.6400000e+000
  2.9800000e+000  2.1475411e+002  3.3700000e+000
  3.0300000e+000  2.1792849e+002  3.4300000e+000
  3.0800000e+000  2.2110268e+002  4.3400000e+000
  3.1300000e+000  2.2457098e+002  4.2900000e+000
  3.1800000e+000  2.2819848e+002  4.2900000e+000
  3.2300000e+000  2.3182662e+002  3.7700000e+000
  3.2800000e+000  2.3545449e+002  3.6300000e+000
  3.3300000e+000  2.3908200e+002  3.3000000e+000
  3.3800000e+000  2.4271019e+002  3.5000000e+000
  3.4300000e+000  2.4633801e+002  4.2900000e+000
  3.4800000e+000  2.4996552e+002  4.2400000e+000
  3.5300000e+000  2.5359376e+002  4.6000000e+000
  3.5800000e+000  2.5722153e+002  4.4800000e+000
  3.6300000e+000  2.6084904e+002  4.5900000e+000
  3.6800000e+000  2.6447732e+002  4.5300000e+000
  3.7300000e+000  2.6810505e+002  4.4100000e+000
  3.7800000e+000  2.7173255e+002  4.3800000e+000
  3.8300000e+000  2.7536089e+002  4.4100000e+000
  3.8800000e+000  2.7898857e+002  4.2700000e+000
  3.9300000e+000  2.8261607e+002  3.8700000e+000
  3.9800000e+000  2.8624445e+002  3.8900000e+000
  4.0300000e+000  2.8987208e+002  3.9200000e+000
  4.0800000e+000  2.9349959e+002  4.0600000e+000
  4.1300000e+000  2.9712802e+002  4.1800000e+000
  4.1800000e+000  3.0075560e+002  4.1100000e+000
  4.2300000e+000  3.0438311e+002  4.1600000e+000
  4.2800000e+000  3.0801159e+002  3.7400000e+000
  4.3300000e+000  3.1163912e+002  3.7800000e+000
  4.3800000e+000  3.1526617e+002  3.6500000e+000
  4.4300000e+000  3.1844087e+002  3.3900000e+000
  4.4800000e+000  3.2161557e+002  3.2300000e+000
  4.5300000e+000  3.2478976e+002  3.0100000e+000
  4.5800000e+000  3.2796396e+002  3.1000000e+000
  4.6300000e+000  3.3113816e+002  3.0000000e+000
  4.6800000e+000  3.3432376e+002  2.9400000e+000
  4.7300000e+000  3.3851525e+002  4.5100000e+000
  4.7800000e+000  3.4296463e+002  4.7200000e+000
  4.8300000e+000  3.4766134e+002  4.7300000e+000
  4.8800000e+000  3.5249830e+002  4.1900000e+000
  4.9300000e+000  3.5733538e+002  4.9700000e+000
  4.9800000e+000  3.6217266e+002  4.2900000e+000
  5.0300000e+000  3.6700941e+002  4.3600000e+000
  5.0800000e+000  3.7184702e+002  4.4800000e+000
  5.1300000e+000  3.7668370e+002  4.0500000e+000
  5.1800000e+000  3.8152138e+002  4.1300000e+000
  5.2300000e+000  3.8635806e+002  3.8900000e+000
  5.2800000e+000  3.9119551e+002  3.7200000e+000
  5.3300000e+000  3.9603242e+002  3.6000000e+000
  5.3800000e+000  4.0076960e+002  3.0300000e+000
  5.4300000e+000  4.0524404e+002  3.4800000e+000
  5.4800000e+000  4.0957902e+002  3.3300000e+000
  5.5300000e+000  4.1372532e+002  3.5100000e+000
  5.5800000e+000  4.1787142e+002  3.5700000e+000
  5.6300000e+000  4.2201715e+002  3.4200000e+000
  5.6800000e+000  4.2616322e+002  4.6600000e+000
  5.7300000e+000  4.3030952e+002  4.6600000e+000
  5.7800000e+000  4.3445582e+002  4.8700000e+000
  5.8300000e+000  4.3860205e+002  4.6200000e+000
  5.8800000e+000  4.4274778e+002  4.7200000e+000
  5.9300000e+000  4.4689372e+002  4.3100000e+000
  5.9800000e+000  4.5104002e+002  4.5500000e+000
  6.0300000e+000  4.5518631e+002  4.4100000e+000
  6.0800000e+000  4.5933261e+002  4.6200000e+000
  6.1300000e+000  4.6301834e+002  4.6200000e+000
  6.1800000e+000  4.6664584e+002  4.3900000e+000
  6.2300000e+000  4.6998071e+002  4.4800000e+000
  6.2800000e+000  4.7315490e+002  4.5900000e+000
  6.4300000e+000  4.8213623e+002  3.8100000e+000
  6.4800000e+000  4.8487233e+002  3.4900000e+000
  6.5300000e+000  4.8731526e+002  3.7100000e+000
  6.5800000e+000  4.8973350e+002  3.4400000e+000
  6.6300000e+000  4.9215251e+002  3.6200000e+000
  6.6800000e+000  4.9457052e+002  3.5000000e+000
  6.7300000e+000  4.9698953e+002  3.5500000e+000
  6.7800000e+000  4.9940761e+002  3.6800000e+000
  6.8300000e+000  5.0182654e+002  3.6900000e+000
  6.8800000e+000  5.0424495e+002  4.0200000e+000
  6.9300000e+000  5.0666356e+002  3.9200000e+000
  6.9800000e+000  5.0937116e+002  4.1000000e+000
  7.0300000e+000  5.1209205e+002  4.0000000e+000
  7.0800000e+000  5.1481293e+002  3.5800000e+000
  7.1300000e+000  5.1753382e+002  3.7700000e+000
  7.1800000e+000  5.2043075e+002  3.6700000e+000
  7.2300000e+000  5.2342103e+002  3.8400000e+000
  7.2800000e+000  5.2647959e+002  3.9200000e+000
  7.3300000e+000  5.2965378e+002  3.9600000e+000
  7.3800000e+000  5.3293796e+002  3.8400000e+000
  7.4300000e+000  5.3728559e+002  4.3800000e+000
  7.4800000e+000  5.4200000e+002  3.9200000e+000
