  1.0000000e-001  2.0854043e+000  3.2400000e+000
  1.3000000e-001  5.1398724e+000  3.1600000e+000
  1.6000000e-001  8.2991675e+000  3.1500000e+000
  1.9000000e-001  1.1506416e+001  3.7900000e+000
  1.3000000e-001  5.1398724e+000  3.2100000e+000
  1.8000000e-001  1.0437337e+001  3.2200000e+000
  2.3000000e-001  1.5782711e+001  4.6600000e+000
  2.8000000e-001  2.1128009e+001  4.6600000e+000
  3.3000000e-001  2.6473398e+001  4.6400000e+000
  3.8000000e-001  3.1818710e+001  4.6500000e+000
  4.3000000e-001  3.6970164e+001  4.4300000e+000
  4.8000000e-001  4.1689779e+001  4.2200000e+000
  5.3000000e-001  4.6144232e+001  4.4500000e+000
  5.8000000e-001  5.0598686e+001  4.4200000e+000
  6.3000000e-001  5.5053139e+001  4.1600000e+000
  6.8000000e-001  5.9507592e+001  4.1600000e+000
  7.3000000e-001  6.3962045e+001  4.0400000e+000
  7.8000000e-001  6.8749522e+001  4.3300000e+000
  8.3000000e-001  7.3522371e+001  3.9900000e+000
  8.8000000e-001  7.7420088e+001  3.9400000e+000
  9.3000000e-001  8.1163644e+001  3.7600000e+000
  9.8000000e-001  8.4875705e+001  3.8600000e+000
  1.0300000e+000  8.8587784e+001  4.1100000e+000
  1.0800000e+000  9.2299784e+001  3.9000000e+000
  1.1300000e+000  9.6011843e+001  3.6800000e+000
  1.1800000e+000  9.9724153e+001  3.6000000e+000
  1.2300000e+000  1.0343615e+002  3.6900000e+000
  1.2800000e+000  1.0714803e+002  3.7100000e+000
  1.3300000e+000  1.1085991e+002  3.9300000e+000
  1.3800000e+000  1.1425297e+002  3.4000000e+000
  1.4300000e+000  1.1692553e+002  3.6600000e+000
  1.4800000e+000  1.1971205e+002  3.5800000e+000
  1.5300000e+000  1.2308394e+002  2.9400000e+000
  1.5800000e+000  1.2697997e+002  3.0600000e+000
  1.6300000e+000  1.3369327e+002  4.6900000e+000
  1.6800000e+000  1.4111800e+002  4.7400000e+000
  1.7300000e+000  1.4854176e+002  4.9100000e+000
  1.7800000e+000  1.5467893e+002  4.0600000e+000
  1.8300000e+000  1.6042504e+002  4.6900000e+000
  1.8800000e+000  1.6686538e+002  4.3100000e+000
  1.9300000e+000  1.7280439e+002  4.4700000e+000
  1.9800000e+000  1.7874400e+002  4.4500000e+000
  2.0300000e+000  1.8468316e+002  4.4000000e+000
  2.0800000e+000  1.9031585e+002  4.0800000e+000
  2.1300000e+000  1.9559701e+002  3.8200000e+000
  2.1800000e+000  2.0063958e+002  3.4100000e+000
  2.2300000e+000  2.0458890e+002  3.5500000e+000
  2.2800000e+000  2.0838265e+002  3.3600000e+000
  2.3300000e+000  2.1209508e+002  3.4200000e+000
  2.3800000e+000  2.1590750e+002  3.6700000e+000
  2.4300000e+000  2.1993464e+002  3.9200000e+000
  2.4800000e+000  2.2538950e+002  4.1300000e+000
  2.5300000e+000  2.3208496e+002  4.3000000e+000
  2.5800000e+000  2.3950938e+002  3.3800000e+000
  2.6300000e+000  2.4693348e+002  4.5900000e+000
  2.6800000e+000  2.5435724e+002  4.4900000e+000
  2.7300000e+000  2.6178160e+002  4.3600000e+000
  2.7800000e+000  2.6920577e+002  4.4700000e+000
  2.8300000e+000  2.7535721e+002  3.9800000e+000
  2.8800000e+000  2.8078959e+002  4.2100000e+000
  2.9300000e+000  2.8613507e+002  3.9500000e+000
  2.9800000e+000  2.9145957e+002  4.3000000e+000
  3.0300000e+000  2.9655037e+002  4.2000000e+000
  3.0800000e+000  3.0164117e+002  4.0500000e+000
  3.1300000e+000  3.0673199e+002  4.1300000e+000
  3.1800000e+000  3.1135581e+002  3.3300000e+000
  3.2300000e+000  3.1525377e+002  3.5500000e+000
  3.2800000e+000  3.1899078e+002  3.4400000e+000
  3.3300000e+000  3.2231805e+002  3.3000000e+000
  3.3800000e+000  3.2508688e+002  3.1600000e+000
  3.4300000e+000  3.2775936e+002  3.1400000e+000
  3.4800000e+000  3.3029702e+002  4.1600000e+000
  3.5300000e+000  3.3235478e+002  3.0700000e+000
  3.5800000e+000  3.3534035e+002  3.6100000e+000
  3.6300000e+000  3.4012466e+002  4.6300000e+000
  3.6800000e+000  3.4564466e+002  4.6100000e+000
  3.7300000e+000  3.5121369e+002  4.4800000e+000
  3.7800000e+000  3.5678111e+002  4.5000000e+000
  3.8300000e+000  3.6225614e+002  4.5200000e+000
  3.8800000e+000  3.6686069e+002  3.9100000e+000
  3.9300000e+000  3.7075811e+002  4.1700000e+000
  3.9800000e+000  3.7465608e+002  4.0600000e+000
  4.0300000e+000  3.7842100e+002  4.0700000e+000
  4.0800000e+000  3.8213288e+002  4.2700000e+000
  4.1300000e+000  3.8574160e+002  3.8900000e+000
  4.1800000e+000  3.8904830e+002  3.7300000e+000
  4.2300000e+000  3.9181760e+002  3.6300000e+000
  4.2800000e+000  3.9448956e+002  3.4000000e+000
  4.3300000e+000  3.9716284e+002  3.4400000e+000
  4.3800000e+000  3.9983531e+002  3.1900000e+000
  4.4300000e+000  4.0250789e+002  3.2600000e+000
  4.4800000e+000  4.0462395e+002  2.8100000e+000
  4.5300000e+000  4.0640594e+002  2.9200000e+000
  4.5800000e+000  4.0818723e+002  3.0000000e+000
  4.6300000e+000  4.0996944e+002  2.9300000e+000
  4.6800000e+000  4.1212228e+002  3.1200000e+000
  4.7300000e+000  4.1479525e+002  3.4300000e+000
  4.7800000e+000  4.1746739e+002  3.2300000e+000
  4.8300000e+000  4.2054854e+002  3.8800000e+000
  4.8800000e+000  4.2404841e+002  3.8500000e+000
  4.9300000e+000  4.2901532e+002  4.9000000e+000
  4.9800000e+000  4.3515151e+002  5.2100000e+000
  5.0300000e+000  4.4257624e+002  5.0000000e+000
  5.0800000e+000  4.5000000e+002  4.9100000e+000
