  3.0000000e-002  9.0980000e+000  4.0400000e+000
  8.0000000e-002  1.3970171e+001  4.3280000e+000
  1.3000000e-001  1.8842445e+001  4.8720000e+000
  1.8000000e-001  2.4303058e+001  4.7570000e+000
  2.3000000e-001  2.9871244e+001  4.5480000e+000
  2.8000000e-001  3.5667616e+001  4.6030000e+000
  3.3000000e-001  4.2031302e+001  4.5390000e+000
  3.8000000e-001  4.8395016e+001  4.4920000e+000
  4.3000000e-001  5.4758813e+001  4.5770000e+000
  4.8000000e-001  6.1122481e+001  4.4100000e+000
  5.3000000e-001  6.7486159e+001  4.4060000e+000
  5.8000000e-001  7.3849882e+001  4.0260000e+000
  6.3000000e-001  8.0213532e+001  3.9140000e+000
  6.8000000e-001  8.6577228e+001  4.0320000e+000
  7.3000000e-001  9.2940952e+001  3.8640000e+000
  7.8000000e-001  9.9304583e+001  3.9690000e+000
  8.3000000e-001  1.0566878e+002  4.0830000e+000
  8.8000000e-001  1.1242677e+002  4.6030000e+000
  9.3000000e-001  1.2015792e+002  3.6740000e+000
  9.8000000e-001  1.2943795e+002  4.0370000e+000
  1.0300000e+000  1.3871875e+002  5.0280000e+000
  1.0800000e+000  1.4799928e+002  4.3280000e+000
  1.1300000e+000  1.5685822e+002  4.9370000e+000
  1.1800000e+000  1.6521059e+002  4.7780000e+000
  1.2300000e+000  1.7356263e+002  3.9750000e+000
  1.2800000e+000  1.8191550e+002  4.1760000e+000
  1.3300000e+000  1.9090075e+002  4.2630000e+000
  1.3800000e+000  2.0018145e+002  3.4970000e+000
  1.4300000e+000  2.0946235e+002  3.5860000e+000
  1.4800000e+000  2.1732023e+002  4.0840000e+000
  1.5300000e+000  2.2410091e+002  4.2420000e+000
  1.5800000e+000  2.3045279e+002  4.1890000e+000
  1.6300000e+000  2.3549287e+002  3.7660000e+000
  1.6800000e+000  2.4036477e+002  3.5730000e+000
  1.7300000e+000  2.4523723e+002  4.2660000e+000
  1.7800000e+000  2.5010958e+002  4.1360000e+000
  1.8300000e+000  2.5498190e+002  4.5330000e+000
  1.8800000e+000  2.5985438e+002  4.6320000e+000
  1.9300000e+000  2.6472628e+002  4.7710000e+000
  1.9800000e+000  2.6959818e+002  4.7800000e+000
  2.0300000e+000  2.7447022e+002  4.4520000e+000
  2.0800000e+000  2.7934298e+002  4.3190000e+000
  2.1300000e+000  2.8421490e+002  3.8220000e+000
  2.1800000e+000  2.8882540e+002  4.3890000e+000
  2.2300000e+000  2.9314046e+002  4.4980000e+000
  2.2800000e+000  2.9731612e+002  4.1380000e+000
  2.3300000e+000  3.0149262e+002  4.0920000e+000
  2.3800000e+000  3.0566828e+002  3.9830000e+000
  2.4300000e+000  3.0984478e+002  4.0970000e+000
  2.4800000e+000  3.1402044e+002  4.0460000e+000
  2.5300000e+000  3.1819694e+002  3.7100000e+000
  2.5800000e+000  3.2237272e+002  3.8730000e+000
  2.6300000e+000  3.2654931e+002  3.8300000e+000
  2.6800000e+000  3.3072541e+002  3.4080000e+000
  2.7300000e+000  3.3477699e+002  4.1370000e+000
  2.7800000e+000  3.3816738e+002  4.1470000e+000
  2.8300000e+000  3.4150834e+002  4.9390000e+000
  2.8800000e+000  3.4484978e+002  4.8740000e+000
  2.9300000e+000  3.4819078e+002  4.7260000e+000
  2.9800000e+000  3.5158784e+002  4.8450000e+000
  3.0300000e+000  3.5564744e+002  4.7090000e+000
  3.0800000e+000  3.5982310e+002  4.6100000e+000
  3.1300000e+000  3.6399960e+002  4.1770000e+000
  3.1800000e+000  3.6817534e+002  4.3100000e+000
  3.2300000e+000  3.7235194e+002  4.4950000e+000
  3.2800000e+000  3.7677914e+002  4.2760000e+000
  3.3300000e+000  3.8123325e+002  4.3380000e+000
  3.3800000e+000  3.8585094e+002  4.1590000e+000
  3.4300000e+000  3.9049201e+002  4.3430000e+000
  3.4800000e+000  3.9513248e+002  3.5280000e+000
  3.5300000e+000  3.9977234e+002  3.4490000e+000
  3.5800000e+000  4.0441219e+002  3.5510000e+000
  3.6300000e+000  4.0910441e+002  3.4150000e+000
  3.6800000e+000  4.1397709e+002  3.2380000e+000
  3.7300000e+000  4.1884901e+002  3.9200000e+000
  3.7800000e+000  4.2372092e+002  3.7310000e+000
  3.8300000e+000  4.2924962e+002  5.2710000e+000
  3.8800000e+000  4.3412243e+002  5.1430000e+000
  3.9300000e+000  4.3899347e+002  5.3250000e+000
  3.9800000e+000  4.4386610e+002  5.0940000e+000
  4.0300000e+000  4.4873817e+002  5.0150000e+000
