  1.0000000e-001  0.0000000e+000  3.0600000e+000
  1.5000000e-001  1.8933054e+000  3.0700000e+000
  2.0000000e-001  3.7866109e+000  3.1400000e+000
  2.5000000e-001  5.4489331e+000  3.1600000e+000
  3.0000000e-001  6.9635774e+000  3.2200000e+000
  3.5000000e-001  8.4782218e+000  3.2100000e+000
  4.0000000e-001  9.9928661e+000  3.9100000e+000
  4.5000000e-001  1.1507510e+001  3.5000000e+000
  5.0000000e-001  1.3022155e+001  4.1100000e+000
  5.5000000e-001  1.4536799e+001  4.4000000e+000
  6.0000000e-001  1.6051444e+001  4.8500000e+000
  6.5000000e-001  1.7566088e+001  4.3500000e+000
  7.0000000e-001  1.9080732e+001  4.7800000e+000
  7.5000000e-001  2.0595377e+001  4.8200000e+000
  8.0000000e-001  2.2110021e+001  4.8200000e+000
  8.5000000e-001  2.3624665e+001  4.5600000e+000
  9.0000000e-001  2.5139310e+001  4.7900000e+000
  9.5000000e-001  2.6653954e+001  4.7000000e+000
  1.0000000e+000  2.8168617e+001  4.6700000e+000
  1.0500000e+000  2.9683273e+001  4.5200000e+000
  1.1000000e+000  3.1197967e+001  4.5100000e+000
  1.1500000e+000  3.2712661e+001  4.4100000e+000
  1.2000000e+000  3.4227300e+001  4.4100000e+000
  1.2500000e+000  3.5741895e+001  4.5100000e+000
  1.3000000e+000  3.7256490e+001  4.5000000e+000
  1.3500000e+000  3.8618988e+001  4.4200000e+000
  1.4000000e+000  3.9830663e+001  4.4600000e+000
  1.4500000e+000  4.1042338e+001  4.2300000e+000
  1.5000000e+000  4.2254054e+001  4.5400000e+000
  1.5500000e+000  4.3465810e+001  4.5300000e+000
  1.6000000e+000  4.4677566e+001  4.5100000e+000
  1.6500000e+000  4.5889280e+001  4.4200000e+000
  1.7000000e+000  4.7100955e+001  4.3100000e+000
  1.7500000e+000  4.8312630e+001  4.4700000e+000
  1.8000000e+000  4.9524348e+001  4.0700000e+000
  1.8500000e+000  5.0736104e+001  4.1900000e+000
  1.9000000e+000  5.1947860e+001  4.2300000e+000
  1.9500000e+000  5.3159572e+001  4.2100000e+000
  2.0000000e+000  5.4371246e+001  3.9500000e+000
  2.0500000e+000  5.5582921e+001  4.1600000e+000
  2.1000000e+000  5.6794642e+001  4.3500000e+000
  2.1500000e+000  5.8006398e+001  4.3100000e+000
  2.2000000e+000  5.9218154e+001  4.1400000e+000
  2.2500000e+000  6.0604712e+001  4.3900000e+000
  2.3000000e+000  6.2490439e+001  4.5200000e+000
  2.3500000e+000  6.4383745e+001  4.5800000e+000
  2.4000000e+000  6.6277050e+001  4.6400000e+000
  2.4500000e+000  6.8170356e+001  4.4700000e+000
  2.5000000e+000  7.0063661e+001  4.4300000e+000
  2.5500000e+000  7.1956967e+001  4.2500000e+000
  2.6000000e+000  7.3850272e+001  3.7800000e+000
  2.6500000e+000  7.5436960e+001  4.0100000e+000
  2.7000000e+000  7.6951653e+001  4.0200000e+000
  2.7500000e+000  7.8466257e+001  3.8000000e+000
  2.8000000e+000  7.9980852e+001  3.9300000e+000
  2.8500000e+000  8.1495447e+001  3.5500000e+000
  2.9000000e+000  8.3010126e+001  3.8000000e+000
  2.9500000e+000  8.4524819e+001  3.7200000e+000
  3.0000000e+000  8.6055655e+001  3.9600000e+000
  3.0500000e+000  8.7948960e+001  4.1700000e+000
  3.1000000e+000  8.9842266e+001  4.0300000e+000
  3.1500000e+000  9.1735571e+001  3.9700000e+000
  3.2000000e+000  9.3628877e+001  3.6900000e+000
  3.2500000e+000  9.5522182e+001  3.7000000e+000
  3.3000000e+000  9.7415487e+001  3.7900000e+000
  3.3500000e+000  9.9308793e+001  3.7800000e+000
  3.4000000e+000  1.0120210e+002  3.7700000e+000
  3.4500000e+000  1.0309540e+002  3.6600000e+000
  3.5000000e+000  1.0498871e+002  3.8900000e+000
  3.5500000e+000  1.0688201e+002  3.7900000e+000
  3.6000000e+000  1.0877532e+002  4.0300000e+000
  3.6500000e+000  1.1066863e+002  3.9400000e+000
  3.7000000e+000  1.1256193e+002  3.9600000e+000
  3.7500000e+000  1.1445524e+002  3.9300000e+000
  3.8000000e+000  1.1634854e+002  3.2200000e+000
  3.8500000e+000  1.1824185e+002  3.5100000e+000
  3.9000000e+000  1.2013515e+002  3.2400000e+000
  3.9500000e+000  1.2202846e+002  3.0800000e+000
  4.0000000e+000  1.2392176e+002  3.7800000e+000
  4.0500000e+000  1.2581507e+002  2.9000000e+000
  4.1000000e+000  1.2770837e+002  3.3300000e+000
  4.1500000e+000  1.2960168e+002  3.0800000e+000
  4.2000000e+000  1.3144095e+002  4.2300000e+000
  4.2500000e+000  1.3295562e+002  4.7300000e+000
  4.3000000e+000  1.3418318e+002  4.5700000e+000
  4.3500000e+000  1.3539486e+002  4.8400000e+000
  4.4000000e+000  1.3660653e+002  4.9800000e+000
  4.4500000e+000  1.3774554e+002  4.8900000e+000
  4.5000000e+000  1.3888153e+002  4.9600000e+000
  4.5500000e+000  1.3994560e+002  4.7700000e+000
  4.6000000e+000  1.4095542e+002  4.7100000e+000
  4.6500000e+000  1.4188665e+002  4.5600000e+000
  4.7000000e+000  1.4279541e+002  4.5900000e+000
  4.7500000e+000  1.4370416e+002  4.5800000e+000
  4.8000000e+000  1.4461297e+002  4.4700000e+000
  4.8500000e+000  1.4552178e+002  4.5000000e+000
  4.9000000e+000  1.4643060e+002  4.6600000e+000
  4.9500000e+000  1.4733937e+002  4.6400000e+000
  5.0000000e+000  1.4824812e+002  4.7000000e+000
  5.0500000e+000  1.4915688e+002  4.7400000e+000
  5.9500000e+000  1.6551504e+002  4.5100000e+000
  6.0000000e+000  1.6642385e+002  4.3500000e+000
  6.0500000e+000  1.6733266e+002  4.3400000e+000
  6.1000000e+000  1.6824148e+002  4.4000000e+000
  6.1500000e+000  1.6915024e+002  4.5000000e+000
  6.2000000e+000  1.7005900e+002  4.4000000e+000
  6.2500000e+000  1.7096776e+002  4.3400000e+000
  6.3000000e+000  1.7187657e+002  4.3700000e+000
  6.3500000e+000  1.7278538e+002  4.2400000e+000
  6.4000000e+000  1.7369420e+002  4.1700000e+000
  6.4500000e+000  1.7460296e+002  4.1600000e+000
  6.5000000e+000  1.7551172e+002  4.3300000e+000
  6.5500000e+000  1.7642047e+002  4.1400000e+000
  6.6000000e+000  1.7732929e+002  4.1400000e+000
  6.6500000e+000  1.7823811e+002  4.3800000e+000
  6.7000000e+000  1.7914692e+002  4.4500000e+000
  6.7500000e+000  1.8005568e+002  4.3300000e+000
  6.8000000e+000  1.8096444e+002  4.2500000e+000
  6.8500000e+000  1.8187319e+002  4.3400000e+000
  6.9000000e+000  1.8278201e+002  4.1100000e+000
  7.2000000e+000  1.8833472e+002  4.1900000e+000
  7.2500000e+000  1.8938443e+002  4.1000000e+000
  7.3000000e+000  1.9059610e+002  3.8500000e+000
  7.3500000e+000  1.9180778e+002  3.6700000e+000
  7.4000000e+000  1.9308313e+002  3.7000000e+000
  7.4500000e+000  1.9482984e+002  3.8100000e+000
  7.5000000e+000  1.9672314e+002  3.4700000e+000
  7.5500000e+000  1.9853210e+002  3.2800000e+000
  7.6000000e+000  2.0004680e+002  3.3200000e+000
  7.6500000e+000  2.0156141e+002  3.1200000e+000
  7.7000000e+000  2.0307600e+002  3.3500000e+000
  7.7500000e+000  2.0483217e+002  3.5600000e+000
  7.8000000e+000  2.0672548e+002  3.5900000e+000
  7.8500000e+000  2.0861878e+002  3.6200000e+000
  7.9000000e+000  2.1051209e+002  3.4600000e+000
  7.9500000e+000  2.1240539e+002  3.4600000e+000
  8.0000000e+000  2.1429870e+002  3.3600000e+000
  8.0500000e+000  2.1619200e+002  3.5300000e+000
  8.1000000e+000  2.1808531e+002  3.8800000e+000
  8.1500000e+000  2.1997862e+002  4.0200000e+000
  8.2000000e+000  2.2187192e+002  4.3600000e+000
  8.2500000e+000  2.2376523e+002  4.6400000e+000
  8.3000000e+000  2.2565853e+002  4.2000000e+000
  8.3500000e+000  2.2729134e+002  4.2400000e+000
  8.4000000e+000  2.2880599e+002  3.9900000e+000
  8.4500000e+000  2.3032068e+002  4.3000000e+000
  8.5000000e+000  2.3183538e+002  4.0200000e+000
  8.5500000e+000  2.3335002e+002  3.7100000e+000
  8.6000000e+000  2.3486462e+002  3.7600000e+000
  8.6500000e+000  2.3637921e+002  3.4700000e+000
  8.7000000e+000  2.3789385e+002  3.3400000e+000
  8.7500000e+000  2.3940854e+002  3.2000000e+000
  8.8000000e+000  2.4092324e+002  3.3900000e+000
  8.8500000e+000  2.4243790e+002  3.8100000e+000
  8.9000000e+000  2.4395249e+002  4.1100000e+000
  8.9500000e+000  2.4546709e+002  4.1100000e+000
  9.0000000e+000  2.4698171e+002  4.3000000e+000
  9.0500000e+000  2.4849640e+002  4.4500000e+000
  9.1000000e+000  2.5001110e+002  4.2700000e+000
  9.1500000e+000  2.5152577e+002  4.5400000e+000
  9.2000000e+000  2.5304036e+002  4.5400000e+000
  9.2500000e+000  2.5455496e+002  4.4300000e+000
  9.3000000e+000  2.5606957e+002  4.4500000e+000
  9.3500000e+000  2.5795151e+002  4.4300000e+000
  9.4000000e+000  2.5984481e+002  4.3500000e+000
  9.4500000e+000  2.6173812e+002  4.3800000e+000
  9.5000000e+000  2.6363142e+002  4.2500000e+000
  9.5500000e+000  2.6552473e+002  4.3000000e+000
  9.6000000e+000  2.6741803e+002  4.4100000e+000
  9.6500000e+000  2.6931134e+002  4.3800000e+000
  9.7000000e+000  2.7120464e+002  4.4400000e+000
  9.7500000e+000  2.7309795e+002  4.4400000e+000
  9.8000000e+000  2.7499126e+002  4.3800000e+000
  9.8500000e+000  2.7688456e+002  4.2800000e+000
  9.9000000e+000  2.7877030e+002  4.2600000e+000
  9.9500000e+000  2.8028498e+002  4.1300000e+000
  1.0000000e+001  2.8179968e+002  3.9300000e+000
  1.0050000e+001  2.8331359e+002  3.8900000e+000
  1.0100000e+001  2.8482983e+002  3.8700000e+000
  1.0150000e+001  2.8634321e+002  3.6300000e+000
  1.0200000e+001  2.8810050e+002  3.7200000e+000
  1.0250000e+001  2.8999381e+002  4.0300000e+000
  1.0300000e+001  2.9188711e+002  3.9700000e+000
  1.0350000e+001  2.9378042e+002  4.1200000e+000
  1.0400000e+001  2.9567372e+002  4.2500000e+000
  1.0450000e+001  2.9756703e+002  4.1400000e+000
  1.0500000e+001  2.9946033e+002  4.0700000e+000
  1.0550000e+001  3.0135364e+002  4.1600000e+000
  1.0600000e+001  3.0324695e+002  3.9500000e+000
  1.0650000e+001  3.0514025e+002  4.0700000e+000
  1.0700000e+001  3.0703356e+002  3.9500000e+000
  1.0750000e+001  3.0892686e+002  3.7100000e+000
  1.0800000e+001  3.1082017e+002  3.6600000e+000
  1.0850000e+001  3.1271347e+002  3.4600000e+000
  1.0900000e+001  3.1460678e+002  3.4700000e+000
  1.0950000e+001  3.1650008e+002  3.3000000e+000
  1.1000000e+001  3.1839339e+002  3.6000000e+000
  1.1050000e+001  3.2028669e+002  3.4900000e+000
  1.1100000e+001  3.2218000e+002  3.4800000e+000
  1.1150000e+001  3.2387763e+002  2.7500000e+000
  1.1200000e+001  3.2539139e+002  3.1400000e+000
  1.1250000e+001  3.2695492e+002  2.9200000e+000
  1.1300000e+001  3.2884822e+002  2.9400000e+000
  1.1350000e+001  3.3074153e+002  3.1100000e+000
  1.1400000e+001  3.3272891e+002  2.9700000e+000
  1.1450000e+001  3.3474900e+002  3.4100000e+000
  1.1500000e+001  3.3676908e+002  4.5600000e+000
  1.1550000e+001  3.3878917e+002  4.6400000e+000
  1.1600000e+001  3.4080926e+002  4.6400000e+000
  1.1650000e+001  3.4282853e+002  4.7800000e+000
  1.1700000e+001  3.4484637e+002  4.8800000e+000
  1.1750000e+001  3.4701065e+002  4.7100000e+000
  1.1800000e+001  3.4937949e+002  4.6700000e+000
  1.1850000e+001  3.5190460e+002  4.5900000e+000
  1.1900000e+001  3.5442807e+002  4.6100000e+000
  1.1950000e+001  3.5695036e+002  4.5400000e+000
  1.2000000e+001  3.5947489e+002  4.4100000e+000
  1.2050000e+001  3.6200000e+002  4.4300000e+000
