  1.4000000e-001  2.5826613e+000  3.6200000e+000
  1.7000000e-001  6.4088262e+000  3.2400000e+000
  2.0000000e-001  1.0234991e+001  3.3100000e+000
  2.3000000e-001  1.4061156e+001  4.4200000e+000
  2.6000000e-001  1.7887321e+001  4.9500000e+000
  2.9000000e-001  2.1677137e+001  4.9700000e+000
  1.3000000e-001  1.3072730e+000  3.0500000e+000
  1.8000000e-001  7.6842145e+000  3.2800000e+000
  2.3000000e-001  1.4061156e+001  4.5900000e+000
  2.8000000e-001  2.0438097e+001  4.7700000e+000
  3.3000000e-001  2.6077864e+001  4.7700000e+000
  3.8000000e-001  3.1032110e+001  4.7400000e+000
  4.3000000e-001  3.5814816e+001  4.3000000e+000
  4.8000000e-001  4.0597522e+001  4.2300000e+000
  5.3000000e-001  4.5380228e+001  4.2800000e+000
  5.8000000e-001  5.0162935e+001  4.3500000e+000
  6.3000000e-001  5.4945641e+001  4.0500000e+000
  6.8000000e-001  5.9728347e+001  4.1700000e+000
  7.3000000e-001  6.3778342e+001  4.0800000e+000
  7.8000000e-001  6.7604507e+001  4.0100000e+000
  8.3000000e-001  7.1430672e+001  4.4000000e+000
  8.8000000e-001  7.5256837e+001  3.8500000e+000
  9.3000000e-001  7.9065401e+001  3.7800000e+000
  9.8000000e-001  8.2126333e+001  3.4400000e+000
  1.0800000e+000  8.8248197e+001  3.6500000e+000
  1.1300000e+000  9.1309129e+001  3.8900000e+000
  1.1800000e+000  9.4370061e+001  3.4000000e+000
  1.2300000e+000  9.7430993e+001  3.6800000e+000
  1.2800000e+000  1.0049192e+002  3.6700000e+000
  1.3300000e+000  1.0355286e+002  3.5900000e+000
  1.3800000e+000  1.0661379e+002  3.6200000e+000
  1.4300000e+000  1.0987169e+002  3.7700000e+000
  1.4800000e+000  1.1369806e+002  3.6800000e+000
  1.5300000e+000  1.1750458e+002  3.3000000e+000
  1.5800000e+000  1.2056552e+002  3.0400000e+000
  1.6300000e+000  1.2362645e+002  2.9300000e+000
  1.6800000e+000  1.2668738e+002  3.3900000e+000
  1.7300000e+000  1.2974831e+002  2.9000000e+000
  1.7800000e+000  1.3399013e+002  4.7800000e+000
  1.8300000e+000  1.3891529e+002  5.1700000e+000
  1.8800000e+000  1.4401685e+002  4.5200000e+000
  1.9300000e+000  1.4911840e+002  4.5500000e+000
  1.9800000e+000  1.5421995e+002  4.2500000e+000
  2.0300000e+000  1.5932151e+002  4.6500000e+000
  2.0800000e+000  1.6442306e+002  4.3800000e+000
  2.1300000e+000  1.6952461e+002  4.3600000e+000
  2.1800000e+000  1.7462616e+002  4.2600000e+000
  2.2300000e+000  1.7972772e+002  4.1900000e+000
  2.2800000e+000  1.8482927e+002  4.4000000e+000
  2.3300000e+000  1.8993082e+002  4.4300000e+000
  2.3800000e+000  1.9503238e+002  3.9300000e+000
  2.4300000e+000  2.0013393e+002  3.2900000e+000
  2.4800000e+000  2.0523548e+002  3.4800000e+000
  2.5300000e+000  2.1033704e+002  4.0600000e+000
  2.5800000e+000  2.1543859e+002  3.2200000e+000
  2.6300000e+000  2.2036677e+002  4.4800000e+000
  2.6800000e+000  2.2474101e+002  4.2800000e+000
  2.7300000e+000  2.2856738e+002  4.2700000e+000
  2.7800000e+000  2.3224388e+002  4.0700000e+000
  2.8300000e+000  2.3530481e+002  3.5200000e+000
  2.8800000e+000  2.3836575e+002  3.0900000e+000
  2.9300000e+000  2.4142668e+002  3.2700000e+000
  2.9800000e+000  2.4449528e+002  4.1100000e+000
  3.0300000e+000  2.4902083e+002  4.0000000e+000
  3.0800000e+000  2.5399946e+002  4.3400000e+000
  3.1300000e+000  2.5973780e+002  4.1100000e+000
  3.1800000e+000  2.6611460e+002  4.4200000e+000
  3.2300000e+000  2.7214314e+002  4.3100000e+000
  3.2800000e+000  2.7720426e+002  4.2300000e+000
  3.3300000e+000  2.8195385e+002  3.7200000e+000
  3.3800000e+000  2.8577994e+002  3.6300000e+000
  3.4300000e+000  2.8960589e+002  3.9400000e+000
  3.4800000e+000  2.9343197e+002  4.1200000e+000
  3.5300000e+000  2.9725834e+002  4.2200000e+000
  3.5800000e+000  3.0108472e+002  3.9400000e+000
  3.6300000e+000  3.0434872e+002  3.8600000e+000
  3.6800000e+000  3.0734495e+002  3.5400000e+000
  3.7300000e+000  3.1021483e+002  3.7400000e+000
  3.7800000e+000  3.1308410e+002  3.3800000e+000
  3.8300000e+000  3.1595417e+002  3.3000000e+000
  3.8800000e+000  3.1882335e+002  3.5300000e+000
  3.9300000e+000  3.2169331e+002  3.3600000e+000
  3.9800000e+000  3.2456270e+002  3.2200000e+000
  4.0300000e+000  3.2743246e+002  3.0200000e+000
  4.0800000e+000  3.3030206e+002  3.0600000e+000
  4.1300000e+000  3.3325004e+002  3.0100000e+000
  4.1800000e+000  3.3632325e+002  3.7500000e+000
  4.2300000e+000  3.4085452e+002  4.8500000e+000
  4.2800000e+000  3.4563734e+002  4.5700000e+000
  4.3300000e+000  3.5042004e+002  4.5400000e+000
  4.3800000e+000  3.5483068e+002  4.4800000e+000
  4.4300000e+000  3.5865703e+002  4.4700000e+000
  4.4800000e+000  3.6248299e+002  4.5300000e+000
  4.5300000e+000  3.6630895e+002  4.3200000e+000
  4.5800000e+000  3.7013517e+002  4.3000000e+000
  4.6300000e+000  3.7389436e+002  4.2200000e+000
  4.6800000e+000  3.7695529e+002  4.1500000e+000
  4.7300000e+000  3.8001623e+002  4.1700000e+000
  4.7800000e+000  3.8307716e+002  4.2300000e+000
  4.8300000e+000  3.8613809e+002  4.0200000e+000
  4.8800000e+000  3.8902587e+002  3.8100000e+000
  4.9300000e+000  3.9164446e+002  3.6800000e+000
  4.9800000e+000  3.9395325e+002  3.5700000e+000
  5.0300000e+000  3.9624891e+002  3.8600000e+000
  5.0800000e+000  3.9854437e+002  2.9400000e+000
  5.1300000e+000  4.0084043e+002  2.9500000e+000
  5.1800000e+000  4.0313594e+002  3.1200000e+000
  5.2300000e+000  4.0543154e+002  2.8400000e+000
  5.2800000e+000  4.0772760e+002  2.8600000e+000
  5.3300000e+000  4.1002296e+002  2.9400000e+000
  5.3800000e+000  4.1231871e+002  3.2300000e+000
  5.4300000e+000  4.1466189e+002  3.0400000e+000
  5.4800000e+000  4.1732347e+002  3.4200000e+000
  5.5300000e+000  4.2019286e+002  3.6400000e+000
  5.5800000e+000  4.2306282e+002  3.7400000e+000
  5.6300000e+000  4.2593200e+002  3.7000000e+000
