  0.0000000e+000  0.0000000e+000  3.3800000e+000
  4.0000000e-002  1.2885906e-001  3.2800000e+000
  2.0000000e-001  6.4429530e-001  3.3900000e+000
  4.0000000e-001  1.2885906e+000  3.2700000e+000
  6.0000000e-001  1.9328859e+000  3.3100000e+000
  1.0000000e+000  3.2214765e+000  3.3000000e+000
  1.2000000e+000  3.8657718e+000  3.1600000e+000
  1.4000000e+000  4.5100671e+000  3.4900000e+000
  1.6000000e+000  5.1543624e+000  3.4000000e+000
  1.8000000e+000  5.7986577e+000  3.2200000e+000
  2.0000000e+000  6.4429530e+000  3.4300000e+000
  2.2000000e+000  7.0872483e+000  3.3600000e+000
  2.4000000e+000  7.7315436e+000  3.1900000e+000
  2.5000000e+000  8.0536913e+000  3.4300000e+000
  2.6000000e+000  8.3758389e+000  3.8300000e+000
  2.8000000e+000  9.0201342e+000  3.6300000e+000
  3.0000000e+000  9.6644295e+000  3.4500000e+000
  3.1000000e+000  9.9865772e+000  3.6500000e+000
  3.2000000e+000  1.0308725e+001  3.7700000e+000
  3.3000000e+000  1.0630872e+001  3.9400000e+000
  3.4000000e+000  1.0953020e+001  3.7800000e+000
  3.5000000e+000  1.1275168e+001  3.7200000e+000
  3.6000000e+000  1.1597315e+001  3.8600000e+000
  3.7000000e+000  1.1919463e+001  4.0000000e+000
  3.8000000e+000  1.2241611e+001  4.1700000e+000
  3.9000000e+000  1.2563758e+001  4.3500000e+000
  4.0000000e+000  1.2885906e+001  3.9100000e+000
  4.0400000e+000  1.3014765e+001  4.2400000e+000
  4.0800000e+000  1.3143624e+001  4.1700000e+000
  4.1000000e+000  1.3208054e+001  4.1700000e+000
  4.1200000e+000  1.3272483e+001  4.1400000e+000
  4.1600000e+000  1.3401342e+001  4.2100000e+000
  4.2000000e+000  1.3530201e+001  4.2500000e+000
  4.2400000e+000  1.3659060e+001  4.1200000e+000
  4.2800000e+000  1.3787919e+001  4.1300000e+000
  4.3000000e+000  1.3852349e+001  4.1100000e+000
  4.3200000e+000  1.3916779e+001  4.2700000e+000
  4.3600000e+000  1.4045638e+001  4.3900000e+000
  4.4000000e+000  1.4174497e+001  4.0800000e+000
  4.4400000e+000  1.4303356e+001  4.3700000e+000
  4.4800000e+000  1.4432215e+001  4.3000000e+000
  4.5000000e+000  1.4496644e+001  4.3400000e+000
  4.5200000e+000  1.4561074e+001  4.4400000e+000
  4.5600000e+000  1.4689933e+001  4.4500000e+000
  4.6000000e+000  1.4818792e+001  4.3500000e+000
  4.6400000e+000  1.4947651e+001  4.3200000e+000
  4.6800000e+000  1.5076510e+001  4.5200000e+000
  4.7000000e+000  1.5140940e+001  4.4500000e+000
  4.7200000e+000  1.5205369e+001  4.5300000e+000
  4.7600000e+000  1.5334228e+001  4.6900000e+000
  4.8000000e+000  1.5463087e+001  4.9200000e+000
  4.8400000e+000  1.5591946e+001  4.7700000e+000
  4.8800000e+000  1.5720805e+001  4.5700000e+000
  4.9000000e+000  1.5785235e+001  4.6400000e+000
  4.9200000e+000  1.5849664e+001  4.7000000e+000
  4.9600000e+000  1.5978523e+001  4.7100000e+000
  5.0000000e+000  1.6107383e+001  4.7800000e+000
  5.0400000e+000  1.6236242e+001  4.8700000e+000
  5.0800000e+000  1.6365101e+001  4.9000000e+000
  5.1000000e+000  1.6429530e+001  4.7500000e+000
  5.1200000e+000  1.6493960e+001  4.8400000e+000
  5.1600000e+000  1.6622819e+001  4.8600000e+000
  5.2000000e+000  1.6751678e+001  4.7600000e+000
  5.2400000e+000  1.6880537e+001  4.7300000e+000
  5.2800000e+000  1.7009396e+001  4.9000000e+000
  5.3000000e+000  1.7073826e+001  4.7800000e+000
  5.3200000e+000  1.7138255e+001  4.9100000e+000
  5.3600000e+000  1.7267114e+001  4.9400000e+000
  5.4000000e+000  1.7376644e+001  4.7700000e+000
  5.4400000e+000  1.7484027e+001  4.9300000e+000
  5.4800000e+000  1.7591409e+001  4.9800000e+000
  5.5000000e+000  1.7645101e+001  5.1700000e+000
  5.5200000e+000  1.7698792e+001  5.0300000e+000
  5.5600000e+000  1.7806174e+001  5.0200000e+000
  5.6000000e+000  1.7913557e+001  4.9800000e+000
  5.6400000e+000  1.8000752e+001  5.0600000e+000
  5.6800000e+000  1.8086658e+001  5.1100000e+000
  5.7000000e+000  1.8129611e+001  4.9800000e+000
  5.7200000e+000  1.8172564e+001  5.1300000e+000
  5.7600000e+000  1.8258470e+001  5.1300000e+000
  5.8000000e+000  1.8344376e+001  5.0800000e+000
  5.8400000e+000  1.8430282e+001  5.0500000e+000
  5.8800000e+000  1.8516188e+001  4.8300000e+000
  5.9000000e+000  1.8559141e+001  5.0300000e+000
  5.9200000e+000  1.8602094e+001  5.1500000e+000
  5.9600000e+000  1.8688000e+001  5.0000000e+000
  6.0000000e+000  1.8773906e+001  5.0600000e+000
  6.0400000e+000  1.8859812e+001  5.1400000e+000
  6.0800000e+000  1.8945718e+001  5.1000000e+000
  6.1200000e+000  1.9031624e+001  4.9600000e+000
  6.1600000e+000  1.9117530e+001  5.0100000e+000
  6.2000000e+000  1.9203436e+001  5.2000000e+000
  6.2400000e+000  1.9289342e+001  5.1400000e+000
  6.2800000e+000  1.9375248e+001  5.0400000e+000
  6.3200000e+000  1.9461154e+001  5.0700000e+000
  6.3600000e+000  1.9547060e+001  5.0600000e+000
  6.4000000e+000  1.9632966e+001  5.0200000e+000
  6.4400000e+000  1.9718872e+001  5.1200000e+000
  6.4800000e+000  1.9804779e+001  5.1200000e+000
  6.5200000e+000  1.9890685e+001  5.0200000e+000
  6.5600000e+000  1.9976591e+001  5.0400000e+000
  6.6000000e+000  2.0062497e+001  4.8500000e+000
  6.6400000e+000  2.0148403e+001  5.1200000e+000
  6.6800000e+000  2.0234309e+001  5.1400000e+000
  6.7200000e+000  2.0320215e+001  4.9700000e+000
  6.7600000e+000  2.0406121e+001  5.0500000e+000
  6.8100000e+000  2.0513503e+001  4.8900000e+000
  6.8400000e+000  2.0577933e+001  5.1300000e+000
  6.8800000e+000  2.0663839e+001  5.0200000e+000
  6.9200000e+000  2.0749745e+001  5.0500000e+000
  6.9600000e+000  2.0835651e+001  5.0000000e+000
  7.0000000e+000  2.0921557e+001  4.9800000e+000
  7.0400000e+000  2.1007463e+001  5.0300000e+000
  7.0800000e+000  2.1093369e+001  5.0100000e+000
  7.1200000e+000  2.1179275e+001  4.9600000e+000
  7.1600000e+000  2.1265181e+001  5.0100000e+000
  7.2000000e+000  2.1351087e+001  5.0000000e+000
  7.2400000e+000  2.1436993e+001  5.1100000e+000
  7.2800000e+000  2.1522899e+001  4.9500000e+000
  7.3200000e+000  2.1608805e+001  4.9600000e+000
  7.3600000e+000  2.1694711e+001  4.9900000e+000
  7.4000000e+000  2.1780617e+001  4.8600000e+000
  7.4400000e+000  2.1866523e+001  4.9600000e+000
  7.4800000e+000  2.1952430e+001  4.9900000e+000
  7.5200000e+000  2.2038336e+001  4.9700000e+000
  7.5600000e+000  2.2124242e+001  5.0000000e+000
  7.6000000e+000  2.2210148e+001  4.6800000e+000
  7.6400000e+000  2.2296054e+001  4.9800000e+000
  7.6800000e+000  2.2381960e+001  4.5900000e+000
  7.7200000e+000  2.2467866e+001  4.9500000e+000
  7.7600000e+000  2.2553772e+001  4.8900000e+000
  7.8400000e+000  2.2725584e+001  4.9600000e+000
  7.8800000e+000  2.2811490e+001  4.9500000e+000
  7.9000000e+000  2.2854443e+001  4.7000000e+000
  7.9200000e+000  2.2897396e+001  4.8600000e+000
  7.9600000e+000  2.2983302e+001  4.9100000e+000
  8.0400000e+000  2.3155114e+001  4.6000000e+000
  8.0800000e+000  2.3241020e+001  4.8400000e+000
  8.1000000e+000  2.3283973e+001  5.1000000e+000
  8.1200000e+000  2.3326926e+001  4.7700000e+000
  8.1600000e+000  2.3412832e+001  4.7900000e+000
  8.2000000e+000  2.3498738e+001  4.7300000e+000
  8.2400000e+000  2.3584644e+001  4.7700000e+000
  8.2800000e+000  2.3670550e+001  4.8900000e+000
  8.3200000e+000  2.3756456e+001  4.6800000e+000
  8.3600000e+000  2.3842362e+001  4.7100000e+000
  8.4400000e+000  2.4014174e+001  4.7700000e+000
  8.4800000e+000  2.4100081e+001  4.9300000e+000
  8.5200000e+000  2.4185987e+001  4.9500000e+000
  8.5600000e+000  2.4271893e+001  4.7900000e+000
  8.6000000e+000  2.4357799e+001  5.0800000e+000
  8.6400000e+000  2.4443705e+001  4.9200000e+000
  8.6800000e+000  2.4529611e+001  4.9300000e+000
  8.7200000e+000  2.4615517e+001  4.9300000e+000
  8.7600000e+000  2.4701423e+001  4.8300000e+000
  8.8400000e+000  2.4873235e+001  5.0000000e+000
  8.8800000e+000  2.4959141e+001  4.7700000e+000
  8.9200000e+000  2.5045047e+001  4.8200000e+000
  8.9600000e+000  2.5130953e+001  4.8200000e+000
  9.0000000e+000  2.5216859e+001  4.9100000e+000
  9.0400000e+000  2.5302765e+001  4.9800000e+000
  9.0800000e+000  2.5388671e+001  4.8500000e+000
  9.1200000e+000  2.5474577e+001  4.8700000e+000
  9.1600000e+000  2.5560483e+001  4.9800000e+000
  9.2400000e+000  2.5732295e+001  4.7300000e+000
  9.2800000e+000  2.5818201e+001  4.8700000e+000
  9.3200000e+000  2.5904107e+001  4.9100000e+000
  9.3600000e+000  2.5990013e+001  4.8700000e+000
  9.4000000e+000  2.6075919e+001  4.7500000e+000
  9.4400000e+000  2.6161826e+001  4.7300000e+000
  9.4800000e+000  2.6247732e+001  4.9300000e+000
  9.5200000e+000  2.6333638e+001  4.9100000e+000
  9.5600000e+000  2.6419544e+001  4.9600000e+000
  9.6000000e+000  2.6505450e+001  4.8300000e+000
  9.6400000e+000  2.6591356e+001  5.0100000e+000
  9.6800000e+000  2.6677262e+001  4.9300000e+000
  9.7200000e+000  2.6763168e+001  4.6100000e+000
  9.7600000e+000  2.6849074e+001  4.8700000e+000
  9.8000000e+000  2.6934980e+001  4.7400000e+000
  9.8400000e+000  2.7020886e+001  4.8500000e+000
  9.9600000e+000  2.7278604e+001  4.8400000e+000
  1.0000000e+001  2.7364510e+001  4.6500000e+000
  1.0040000e+001  2.7450416e+001  4.5700000e+000
  1.0080000e+001  2.7536322e+001  4.7600000e+000
  1.0120000e+001  2.7622228e+001  4.8200000e+000
  1.0160000e+001  2.7708134e+001  4.6200000e+000
  1.0200000e+001  2.7794040e+001  4.7000000e+000
  1.0240000e+001  2.7879946e+001  4.7500000e+000
  1.0280000e+001  2.7965852e+001  4.6000000e+000
  1.0360000e+001  2.8137664e+001  4.4300000e+000
  1.0400000e+001  2.8239463e+001  4.7100000e+000
  1.0440000e+001  2.8346846e+001  4.6100000e+000
  1.0480000e+001  2.8454228e+001  4.7100000e+000
  1.0520000e+001  2.8561611e+001  4.5900000e+000
  1.0560000e+001  2.8668993e+001  4.5200000e+000
  1.0600000e+001  2.8776376e+001  4.5500000e+000
  1.0640000e+001  2.8900510e+001  4.5400000e+000
  1.0680000e+001  2.9029369e+001  4.6500000e+000
  1.0720000e+001  2.9158228e+001  4.6300000e+000
  1.0760000e+001  2.9287087e+001  4.6500000e+000
  1.0800000e+001  2.9415946e+001  4.8500000e+000
  1.0840000e+001  2.9544805e+001  4.6100000e+000
  1.0880000e+001  2.9673664e+001  4.7600000e+000
  1.0920000e+001  2.9802523e+001  4.7800000e+000
  1.0960000e+001  2.9931383e+001  4.5900000e+000
  1.1000000e+001  3.0060242e+001  4.6200000e+000
  1.1040000e+001  3.0189101e+001  4.8000000e+000
  1.1080000e+001  3.0317960e+001  4.6700000e+000
  1.1120000e+001  3.0446819e+001  4.6400000e+000
  1.1160000e+001  3.0575678e+001  4.5900000e+000
  1.1200000e+001  3.0704537e+001  4.8500000e+000
  1.1240000e+001  3.0833396e+001  4.5000000e+000
  1.1280000e+001  3.0962255e+001  4.5100000e+000
  1.1320000e+001  3.1091114e+001  4.6800000e+000
  1.1360000e+001  3.1219973e+001  4.7500000e+000
  1.1400000e+001  3.1348832e+001  4.8000000e+000
  1.1440000e+001  3.1477691e+001  4.7400000e+000
  1.1480000e+001  3.1606550e+001  4.6900000e+000
  1.1520000e+001  3.1735409e+001  4.6800000e+000
  1.1560000e+001  3.1864268e+001  4.8300000e+000
  1.1600000e+001  3.1993128e+001  4.7600000e+000
  1.1640000e+001  3.2121987e+001  4.8000000e+000
  1.1680000e+001  3.2250846e+001  4.6100000e+000
  1.1720000e+001  3.2379705e+001  4.5900000e+000
  1.1760000e+001  3.2508564e+001  4.5500000e+000
  1.1800000e+001  3.2637423e+001  4.4700000e+000
  1.1840000e+001  3.2766282e+001  4.6300000e+000
  1.1880000e+001  3.2895141e+001  4.6400000e+000
  1.1920000e+001  3.3024000e+001  4.7000000e+000
  1.1960000e+001  3.3152859e+001  4.6900000e+000
  1.2000000e+001  3.3281718e+001  4.7100000e+000
  1.2040000e+001  3.3410577e+001  4.6500000e+000
  1.2080000e+001  3.3539436e+001  4.5200000e+000
  1.2120000e+001  3.3668295e+001  4.6000000e+000
  1.2160000e+001  3.3797154e+001  4.6900000e+000
  1.2200000e+001  3.3926013e+001  4.5700000e+000
  1.2240000e+001  3.4054872e+001  4.5800000e+000
  1.2280000e+001  3.4183732e+001  4.4400000e+000
  1.2320000e+001  3.4312591e+001  4.6500000e+000
  1.2360000e+001  3.4441450e+001  4.5500000e+000
  1.2400000e+001  3.4570309e+001  4.6100000e+000
  1.2440000e+001  3.4699168e+001  4.5900000e+000
  1.2480000e+001  3.4828027e+001  4.4700000e+000
  1.2500000e+001  3.4892456e+001  4.5600000e+000
  1.2520000e+001  3.4956886e+001  4.5500000e+000
  1.2560000e+001  3.5085745e+001  4.7400000e+000
  1.2600000e+001  3.5214604e+001  4.4900000e+000
  1.2640000e+001  3.5343463e+001  4.3600000e+000
  1.2680000e+001  3.5472322e+001  4.3900000e+000
  1.2700000e+001  3.5536752e+001  4.3800000e+000
  1.2720000e+001  3.5601181e+001  4.2400000e+000
  1.2760000e+001  3.5730040e+001  4.4200000e+000
  1.2800000e+001  3.5858899e+001  4.3800000e+000
  1.2840000e+001  3.5987758e+001  4.3900000e+000
  1.2880000e+001  3.6116617e+001  4.4600000e+000
  1.2920000e+001  3.6245477e+001  4.4600000e+000
  1.2960000e+001  3.6374336e+001  4.5900000e+000
  1.3000000e+001  3.6503195e+001  4.5400000e+000
  1.3040000e+001  3.6632054e+001  4.5100000e+000
  1.3080000e+001  3.6760913e+001  4.3900000e+000
  1.3120000e+001  3.6889772e+001  4.3400000e+000
  1.3160000e+001  3.7018631e+001  4.5500000e+000
  1.3200000e+001  3.7147490e+001  4.3600000e+000
  1.3240000e+001  3.7276349e+001  4.4400000e+000
  1.3280000e+001  3.7405208e+001  4.3800000e+000
  1.3320000e+001  3.7534067e+001  4.2500000e+000
  1.3360000e+001  3.7662926e+001  4.2600000e+000
  1.3400000e+001  3.7791785e+001  4.3100000e+000
  1.3440000e+001  3.7920644e+001  4.2700000e+000
  1.3480000e+001  3.8049503e+001  4.2800000e+000
  1.3520000e+001  3.8178362e+001  4.3200000e+000
  1.3560000e+001  3.8307221e+001  4.2300000e+000
  1.3600000e+001  3.8436081e+001  4.4100000e+000
  1.3640000e+001  3.8564940e+001  4.4500000e+000
  1.3680000e+001  3.8693799e+001  4.4500000e+000
  1.3720000e+001  3.8822658e+001  4.5300000e+000
  1.3760000e+001  3.8951517e+001  4.5200000e+000
  1.3800000e+001  3.9080376e+001  4.5800000e+000
  1.3840000e+001  3.9209235e+001  4.5700000e+000
  1.3880000e+001  3.9338094e+001  4.6400000e+000
  1.3920000e+001  3.9466953e+001  4.6700000e+000
  1.3960000e+001  3.9595812e+001  4.5800000e+000
  1.4000000e+001  3.9724671e+001  4.6500000e+000
  1.4040000e+001  3.9853530e+001  4.7300000e+000
  1.4080000e+001  3.9982389e+001  4.4100000e+000
  1.4120000e+001  4.0111248e+001  4.8200000e+000
  1.4160000e+001  4.0240107e+001  4.6100000e+000
  1.4200000e+001  4.0374407e+001  4.6900000e+000
  1.4240000e+001  4.0517584e+001  4.6900000e+000
  1.4280000e+001  4.0660761e+001  4.6100000e+000
  1.4320000e+001  4.0803937e+001  4.5700000e+000
  1.4360000e+001  4.0947114e+001  4.4900000e+000
  1.4400000e+001  4.1090291e+001  4.5200000e+000
  1.4440000e+001  4.1233468e+001  4.5800000e+000
  1.4480000e+001  4.1376644e+001  4.2000000e+000
  1.4520000e+001  4.1519821e+001  4.6400000e+000
  1.4560000e+001  4.1662998e+001  4.8200000e+000
  1.4600000e+001  4.1806174e+001  4.7500000e+000
  1.4640000e+001  4.1949351e+001  4.6500000e+000
  1.4680000e+001  4.2092528e+001  4.5600000e+000
  1.4720000e+001  4.2235705e+001  4.5300000e+000
  1.4760000e+001  4.2378881e+001  4.7300000e+000
  1.4800000e+001  4.2522058e+001  4.5400000e+000
  1.4840000e+001  4.2665235e+001  4.3800000e+000
  1.4880000e+001  4.2808412e+001  4.4900000e+000
  1.4920000e+001  4.2951588e+001  4.5500000e+000
  1.4960000e+001  4.3094765e+001  4.6500000e+000
  1.5000000e+001  4.3237942e+001  4.4900000e+000
  1.5040000e+001  4.3381119e+001  4.7200000e+000
  1.5080000e+001  4.3524295e+001  4.4300000e+000
  1.5120000e+001  4.3667472e+001  4.7700000e+000
  1.5160000e+001  4.3810649e+001  4.6200000e+000
  1.5200000e+001  4.3953826e+001  4.4800000e+000
  1.5240000e+001  4.4097002e+001  4.4100000e+000
  1.5280000e+001  4.4250201e+001  4.4900000e+000
  1.5320000e+001  4.4411275e+001  4.5000000e+000
  1.5360000e+001  4.4572349e+001  4.4500000e+000
  1.5400000e+001  4.4733423e+001  4.3600000e+000
  1.5440000e+001  4.4894497e+001  4.3900000e+000
  1.5480000e+001  4.5055570e+001  4.3600000e+000
  1.5520000e+001  4.5216644e+001  4.0700000e+000
  1.5560000e+001  4.5377718e+001  4.2300000e+000
  1.5600000e+001  4.5538792e+001  4.2300000e+000
  1.5640000e+001  4.5699866e+001  4.0800000e+000
  1.5680000e+001  4.5860940e+001  4.4100000e+000
  1.5720000e+001  4.6022013e+001  4.2800000e+000
  1.5760000e+001  4.6189960e+001  4.5200000e+000
  1.5800000e+001  4.6361772e+001  4.5400000e+000
  1.5840000e+001  4.6533584e+001  4.4500000e+000
  1.5880000e+001  4.6705396e+001  4.4100000e+000
  1.5920000e+001  4.6877208e+001  4.6700000e+000
  1.5960000e+001  4.7049020e+001  4.4500000e+000
  1.6000000e+001  4.7220832e+001  4.5500000e+000
  1.6040000e+001  4.7392644e+001  4.7100000e+000
  1.6080000e+001  4.7564456e+001  4.6000000e+000
  1.6120000e+001  4.7736268e+001  4.6100000e+000
  1.6160000e+001  4.7908081e+001  4.4800000e+000
  1.6200000e+001  4.8079893e+001  4.5700000e+000
  1.6240000e+001  4.8251705e+001  4.7800000e+000
  1.6280000e+001  4.8423517e+001  4.7400000e+000
  1.6320000e+001  4.8595329e+001  4.6000000e+000
  1.6360000e+001  4.8767141e+001  4.6400000e+000
  1.6400000e+001  4.8938953e+001  4.5300000e+000
  1.6440000e+001  4.9110765e+001  4.4600000e+000
  1.6480000e+001  4.9282577e+001  4.4400000e+000
  1.6520000e+001  4.9454389e+001  4.3800000e+000
  1.6560000e+001  4.9626201e+001  4.5000000e+000
  1.6600000e+001  4.9798013e+001  4.1900000e+000
  1.6640000e+001  4.9969826e+001  4.4200000e+000
  1.6720000e+001  5.0313450e+001  4.3400000e+000
  1.6760000e+001  5.0485262e+001  4.2600000e+000
  1.6800000e+001  5.0657074e+001  4.2100000e+000
  1.6840000e+001  5.0828886e+001  4.4500000e+000
  1.6880000e+001  5.1000698e+001  4.4800000e+000
  1.6920000e+001  5.1172510e+001  4.4200000e+000
  1.6960000e+001  5.1380403e+001  4.4700000e+000
  1.7000000e+001  5.1595168e+001  4.2700000e+000
  1.7040000e+001  5.1809933e+001  4.5500000e+000
  1.7080000e+001  5.2024698e+001  4.4300000e+000
  1.7120000e+001  5.2239463e+001  4.5100000e+000
  1.7160000e+001  5.2454228e+001  4.4800000e+000
  1.7200000e+001  5.2668993e+001  4.3000000e+000
  1.7240000e+001  5.2883758e+001  4.5900000e+000
  1.7270000e+001  5.3044832e+001  4.6000000e+000
  1.7300000e+001  5.3205906e+001  4.6500000e+000
  1.7330000e+001  5.3366980e+001  4.4500000e+000
  1.7360000e+001  5.3528054e+001  4.5800000e+000
  1.7400000e+001  5.3742819e+001  4.5600000e+000
  1.7440000e+001  5.3957584e+001  4.4700000e+000
  1.7470000e+001  5.4118658e+001  4.2800000e+000
  1.7500000e+001  5.4279732e+001  4.4000000e+000
  1.7530000e+001  5.4440805e+001  4.4800000e+000
  1.7570000e+001  5.4655570e+001  4.3200000e+000
  1.7600000e+001  5.4816644e+001  4.1900000e+000
  1.7640000e+001  5.5031409e+001  4.4200000e+000
  1.7680000e+001  5.5246174e+001  4.3600000e+000
  1.7720000e+001  5.5460940e+001  4.1600000e+000
  1.7760000e+001  5.5675705e+001  3.9800000e+000
  1.7800000e+001  5.5890470e+001  4.0500000e+000
  1.7830000e+001  5.6051544e+001  4.4000000e+000
  1.7860000e+001  5.6212617e+001  4.4700000e+000
  1.7900000e+001  5.6427383e+001  4.3200000e+000
  1.7930000e+001  5.6588456e+001  4.4700000e+000
  1.7970000e+001  5.6803221e+001  4.3500000e+000
  1.8000000e+001  5.6964295e+001  4.2800000e+000
  1.8030000e+001  5.7125369e+001  4.6000000e+000
  1.8060000e+001  5.7286443e+001  4.4800000e+000
  1.8100000e+001  5.7501208e+001  4.4000000e+000
  1.8130000e+001  5.7677852e+001  4.4800000e+000
  1.8170000e+001  5.7946309e+001  4.5100000e+000
  1.8200000e+001  5.8147651e+001  4.5200000e+000
  1.8230000e+001  5.8348993e+001  4.6100000e+000
  1.8270000e+001  5.8617450e+001  4.4500000e+000
  1.8300000e+001  5.8818792e+001  4.5000000e+000
  1.8330000e+001  5.9020134e+001  4.5600000e+000
  1.8370000e+001  5.9288591e+001  4.5300000e+000
  1.8400000e+001  5.9489933e+001  4.4300000e+000
  1.8440000e+001  5.9758389e+001  4.6900000e+000
  1.8480000e+001  6.0026846e+001  4.7300000e+000
  1.8520000e+001  6.0295302e+001  4.8000000e+000
  1.8560000e+001  6.0563758e+001  4.7300000e+000
  1.8600000e+001  6.0834362e+001  4.6700000e+000
  1.8640000e+001  6.1120716e+001  4.7100000e+000
  1.8680000e+001  6.1407069e+001  4.7400000e+000
  1.8720000e+001  6.1693423e+001  4.7200000e+000
  1.8760000e+001  6.1979776e+001  4.6700000e+000
  1.8800000e+001  6.2266130e+001  4.5900000e+000
  1.8840000e+001  6.2552483e+001  4.7200000e+000
  1.8880000e+001  6.2838837e+001  4.7700000e+000
  1.8920000e+001  6.3125190e+001  4.6100000e+000
  1.8960000e+001  6.3417987e+001  4.5600000e+000
  1.9000000e+001  6.3740134e+001  4.5900000e+000
  1.9030000e+001  6.3981745e+001  4.5700000e+000
  1.9080000e+001  6.4384430e+001  4.5800000e+000
  1.9120000e+001  6.4706577e+001  4.5400000e+000
  1.9160000e+001  6.5028725e+001  4.5900000e+000
  1.9200000e+001  6.5350872e+001  4.7300000e+000
  1.9240000e+001  6.5673020e+001  4.5900000e+000
  1.9280000e+001  6.5995168e+001  4.6200000e+000
  1.9320000e+001  6.6317315e+001  4.6700000e+000
  1.9360000e+001  6.6639463e+001  4.5900000e+000
  1.9400000e+001  6.6961611e+001  4.4900000e+000
  1.9430000e+001  6.7203579e+001  4.5900000e+000
  1.9480000e+001  6.7651007e+001  4.6900000e+000
  1.9500000e+001  6.7829978e+001  4.4800000e+000
  1.9530000e+001  6.8098434e+001  4.4100000e+000
  1.9570000e+001  6.8456376e+001  4.6600000e+000
  1.9600000e+001  6.8724832e+001  4.4300000e+000
  1.9640000e+001  6.9082774e+001  4.4100000e+000
  1.9670000e+001  6.9351230e+001  4.3300000e+000
  1.9700000e+001  6.9619687e+001  4.3400000e+000
  1.9730000e+001  6.9888143e+001  4.4600000e+000
  1.9770000e+001  7.0246085e+001  4.4500000e+000
  1.9800000e+001  7.0503087e+001  4.3600000e+000
  1.9830000e+001  7.0744698e+001  4.1300000e+000
  1.9870000e+001  7.1066846e+001  4.1400000e+000
  1.9930000e+001  7.1550067e+001  3.9200000e+000
  1.9970000e+001  7.1872215e+001  4.1800000e+000
  2.0000000e+001  7.2113826e+001  4.3400000e+000
  2.0030000e+001  7.2355436e+001  4.4100000e+000
  2.0070000e+001  7.2677584e+001  4.4600000e+000
  2.0110000e+001  7.2999732e+001  4.4100000e+000
  2.0140000e+001  7.3241342e+001  4.2800000e+000
  2.0170000e+001  7.3482953e+001  4.2900000e+000
  2.0200000e+001  7.3724564e+001  4.4200000e+000
  2.0230000e+001  7.3966174e+001  4.1200000e+000
  2.0270000e+001  7.4288322e+001  3.7300000e+000
  2.0300000e+001  7.4529933e+001  3.9000000e+000
  2.0330000e+001  7.4771544e+001  3.9700000e+000
  2.0370000e+001  7.5093691e+001  3.8700000e+000
  2.0400000e+001  7.5335302e+001  4.1500000e+000
  2.0430000e+001  7.5576913e+001  3.9500000e+000
  2.0470000e+001  7.5899060e+001  4.0100000e+000
  2.0500000e+001  7.6140671e+001  4.2300000e+000
  2.0530000e+001  7.6382282e+001  4.1800000e+000
  2.0560000e+001  7.6623893e+001  4.2300000e+000
  2.0600000e+001  7.6946040e+001  4.2100000e+000
  2.0630000e+001  7.7187651e+001  4.2200000e+000
  2.0670000e+001  7.7509799e+001  4.1900000e+000
  2.0700000e+001  7.7751409e+001  4.2500000e+000
  2.0730000e+001  7.7993020e+001  4.0800000e+000
  2.0770000e+001  7.8315168e+001  3.9800000e+000
  2.0800000e+001  7.8556779e+001  4.0000000e+000
  2.0870000e+001  7.9120537e+001  4.1500000e+000
  2.0900000e+001  7.9362148e+001  3.9800000e+000
  2.0930000e+001  7.9603758e+001  4.1100000e+000
  2.0970000e+001  7.9925906e+001  4.0900000e+000
  2.1000000e+001  8.0186130e+001  4.0200000e+000
  2.1030000e+001  8.0454586e+001  3.9500000e+000
  2.1070000e+001  8.0812528e+001  4.0200000e+000
  2.1130000e+001  8.1349441e+001  3.8600000e+000
  2.1170000e+001  8.1707383e+001  3.9900000e+000
  2.1200000e+001  8.1975839e+001  3.6600000e+000
  2.1230000e+001  8.2244295e+001  3.8400000e+000
  2.1270000e+001  8.2602237e+001  3.9500000e+000
  2.1300000e+001  8.2870694e+001  3.6600000e+000
  2.1330000e+001  8.3139150e+001  3.7400000e+000
  2.1370000e+001  8.3497092e+001  3.5800000e+000
  2.1400000e+001  8.3765548e+001  3.6800000e+000
  2.1430000e+001  8.4034004e+001  3.5800000e+000
  2.1470000e+001  8.4391946e+001  3.8000000e+000
  2.1500000e+001  8.4660403e+001  3.8000000e+000
  2.1530000e+001  8.4928859e+001  3.8300000e+000
  2.1570000e+001  8.5286801e+001  3.8700000e+000
  2.1600000e+001  8.5555257e+001  4.0200000e+000
  2.1630000e+001  8.5823714e+001  4.0600000e+000
  2.1670000e+001  8.6181655e+001  4.1500000e+000
  2.1730000e+001  8.6718568e+001  4.1000000e+000
  2.1800000e+001  8.7344966e+001  4.1800000e+000
  2.1830000e+001  8.7613423e+001  4.1900000e+000
  2.1870000e+001  8.7971365e+001  4.1700000e+000
  2.1900000e+001  8.8239821e+001  4.2800000e+000
  2.1930000e+001  8.8508277e+001  4.1700000e+000
  2.1970000e+001  8.8866219e+001  4.2000000e+000
  2.2000000e+001  8.9134676e+001  4.0000000e+000
  2.2030000e+001  8.9403132e+001  4.2300000e+000
  2.2070000e+001  8.9761074e+001  4.0400000e+000
  2.2100000e+001  9.0029530e+001  4.0400000e+000
  2.2130000e+001  9.0297987e+001  3.9100000e+000
  2.2170000e+001  9.0655928e+001  3.9400000e+000
  2.2200000e+001  9.0924385e+001  3.8700000e+000
  2.2230000e+001  9.1192841e+001  3.9700000e+000
  2.2270000e+001  9.1550783e+001  3.9900000e+000
  2.2300000e+001  9.1819239e+001  3.9600000e+000
  2.2330000e+001  9.2087696e+001  4.0000000e+000
  2.2370000e+001  9.2445638e+001  4.0500000e+000
  2.2400000e+001  9.2714094e+001  3.8700000e+000
  2.2430000e+001  9.2982550e+001  3.8400000e+000
  2.2470000e+001  9.3340492e+001  3.9400000e+000
  2.2500000e+001  9.3608949e+001  3.9900000e+000
  2.2530000e+001  9.3877405e+001  3.8000000e+000
  2.2570000e+001  9.4235347e+001  3.6700000e+000
  2.2600000e+001  9.4503803e+001  3.7200000e+000
  2.2630000e+001  9.4772260e+001  3.7400000e+000
  2.2670000e+001  9.5130201e+001  3.7500000e+000
  2.2700000e+001  9.5398658e+001  3.6600000e+000
  2.2730000e+001  9.5667114e+001  3.6500000e+000
  2.2770000e+001  9.6025056e+001  3.8100000e+000
  2.2800000e+001  9.6293512e+001  3.8300000e+000
  2.2830000e+001  9.6561969e+001  3.8300000e+000
  2.2870000e+001  9.6919911e+001  3.7100000e+000
  2.2900000e+001  9.7188367e+001  3.6700000e+000
  2.2930000e+001  9.7456823e+001  3.7800000e+000
  2.2970000e+001  9.7814765e+001  3.9000000e+000
  2.3000000e+001  9.8083221e+001  3.8300000e+000
  2.3030000e+001  9.8351678e+001  3.7000000e+000
  2.3070000e+001  9.8709620e+001  3.7500000e+000
  2.3100000e+001  9.8978076e+001  3.6500000e+000
  2.3130000e+001  9.9246532e+001  3.7700000e+000
  2.3170000e+001  9.9604474e+001  3.7200000e+000
  2.3200000e+001  9.9872931e+001  3.8600000e+000
  2.3230000e+001  1.0014139e+002  3.8200000e+000
  2.3270000e+001  1.0049933e+002  3.8700000e+000
  2.3300000e+001  1.0076779e+002  3.7700000e+000
  2.3330000e+001  1.0103624e+002  3.8400000e+000
  2.3370000e+001  1.0139418e+002  3.8600000e+000
  2.3400000e+001  1.0166264e+002  4.0700000e+000
  2.3440000e+001  1.0202058e+002  3.6100000e+000
  2.3480000e+001  1.0237852e+002  3.5500000e+000
  2.3500000e+001  1.0255749e+002  3.8200000e+000
  2.3520000e+001  1.0273647e+002  3.6400000e+000
  2.3560000e+001  1.0309441e+002  4.0200000e+000
  2.3600000e+001  1.0345235e+002  4.1500000e+000
  2.3640000e+001  1.0381029e+002  4.0900000e+000
  2.3680000e+001  1.0416823e+002  3.9300000e+000
  2.3700000e+001  1.0434720e+002  3.9900000e+000
  2.3720000e+001  1.0452617e+002  4.0000000e+000
  2.3760000e+001  1.0488412e+002  3.9700000e+000
  2.3800000e+001  1.0524206e+002  4.0100000e+000
  2.3840000e+001  1.0560000e+002  3.8900000e+000
  2.3880000e+001  1.0595794e+002  3.8400000e+000
  2.3920000e+001  1.0631588e+002  3.8500000e+000
  2.3960000e+001  1.0667383e+002  4.1100000e+000
  2.4040000e+001  1.0738971e+002  4.2200000e+000
  2.4080000e+001  1.0774765e+002  4.2500000e+000
  2.4120000e+001  1.0810559e+002  4.2600000e+000
  2.4160000e+001  1.0846353e+002  4.0900000e+000
  2.4200000e+001  1.0882577e+002  4.0700000e+000
  2.4240000e+001  1.0925530e+002  4.1500000e+000
  2.4280000e+001  1.0968483e+002  4.1900000e+000
  2.4320000e+001  1.1012295e+002  4.1000000e+000
  2.4360000e+001  1.1065987e+002  4.0300000e+000
  2.4400000e+001  1.1119678e+002  3.9400000e+000
  2.4440000e+001  1.1173369e+002  3.9600000e+000
  2.4480000e+001  1.1227060e+002  3.8900000e+000
  2.4520000e+001  1.1280752e+002  3.8200000e+000
  2.4560000e+001  1.1334443e+002  3.7900000e+000
  2.4600000e+001  1.1388134e+002  3.7800000e+000
  2.4640000e+001  1.1441826e+002  3.9100000e+000
  2.4680000e+001  1.1495517e+002  3.6900000e+000
  2.4720000e+001  1.1549208e+002  3.6900000e+000
  2.4760000e+001  1.1602899e+002  3.6900000e+000
  2.4790000e+001  1.1643168e+002  3.7100000e+000
  2.4840000e+001  1.1710282e+002  3.3600000e+000
  2.4880000e+001  1.1763973e+002  3.4500000e+000
  2.4920000e+001  1.1817664e+002  3.2800000e+000
  2.4960000e+001  1.1871356e+002  3.3400000e+000
  2.5000000e+001  1.1925047e+002  3.2200000e+000
  2.5040000e+001  1.1976591e+002  3.2200000e+000
  2.5080000e+001  1.2019544e+002  3.2700000e+000
  2.5120000e+001  1.2062497e+002  3.2500000e+000
  2.5160000e+001  1.2105450e+002  3.0300000e+000
  2.5200000e+001  1.2148403e+002  3.2200000e+000
  2.5240000e+001  1.2191356e+002  3.1800000e+000
  2.5280000e+001  1.2232591e+002  3.1900000e+000
  2.5320000e+001  1.2268385e+002  3.1100000e+000
  2.5360000e+001  1.2304179e+002  3.1200000e+000
  2.5400000e+001  1.2339973e+002  3.0800000e+000
  2.5440000e+001  1.2375767e+002  3.1200000e+000
  2.5480000e+001  1.2411562e+002  3.0800000e+000
  2.5520000e+001  1.2447356e+002  3.0400000e+000
  2.5560000e+001  1.2483150e+002  3.1600000e+000
  2.5600000e+001  1.2518944e+002  2.9200000e+000
  2.5640000e+001  1.2554738e+002  3.0500000e+000
  2.5680000e+001  1.2590532e+002  3.2300000e+000
  2.5720000e+001  1.2626327e+002  3.1300000e+000
  2.5760000e+001  1.2662121e+002  3.2000000e+000
  2.5800000e+001  1.2697915e+002  3.3700000e+000
  2.5840000e+001  1.2733709e+002  3.5200000e+000
  2.5880000e+001  1.2769503e+002  3.5500000e+000
  2.5920000e+001  1.2805298e+002  3.4900000e+000
  2.5960000e+001  1.2841092e+002  3.6800000e+000
  2.6000000e+001  1.2876886e+002  3.5100000e+000
  2.6040000e+001  1.2912680e+002  3.7000000e+000
  2.6080000e+001  1.2948474e+002  3.6900000e+000
  2.6120000e+001  1.2984268e+002  3.9300000e+000
  2.6160000e+001  1.3020063e+002  3.9500000e+000
  2.6200000e+001  1.3055857e+002  3.9600000e+000
  2.6240000e+001  1.3091651e+002  3.9500000e+000
  2.6280000e+001  1.3127445e+002  4.1100000e+000
  2.6320000e+001  1.3163239e+002  3.9000000e+000
  2.6360000e+001  1.3199034e+002  4.1800000e+000
  2.6400000e+001  1.3234828e+002  4.3400000e+000
  2.6440000e+001  1.3270622e+002  4.4400000e+000
  2.6480000e+001  1.3306416e+002  4.5000000e+000
  2.6520000e+001  1.3342210e+002  4.4100000e+000
  2.6560000e+001  1.3378004e+002  4.5000000e+000
  2.6600000e+001  1.3413799e+002  4.6000000e+000
  2.6630000e+001  1.3440644e+002  4.7300000e+000
  2.6670000e+001  1.3476438e+002  4.8600000e+000
  2.6700000e+001  1.3503284e+002  4.8100000e+000
  2.6730000e+001  1.3530130e+002  4.9600000e+000
  2.6770000e+001  1.3565924e+002  4.9900000e+000
  2.6800000e+001  1.3592770e+002  5.0400000e+000
  2.6830000e+001  1.3619615e+002  5.0700000e+000
  2.6870000e+001  1.3655409e+002  4.9500000e+000
  2.6900000e+001  1.3682255e+002  4.9500000e+000
  2.6930000e+001  1.3709101e+002  4.9700000e+000
  2.6970000e+001  1.3744895e+002  4.9600000e+000
  2.7000000e+001  1.3771740e+002  4.9500000e+000
  2.7030000e+001  1.3798586e+002  5.0300000e+000
  2.7070000e+001  1.3834380e+002  5.1300000e+000
  2.7100000e+001  1.3861226e+002  5.0000000e+000
  2.7130000e+001  1.3888072e+002  5.0100000e+000
  2.7170000e+001  1.3923866e+002  5.0400000e+000
  2.7200000e+001  1.3950711e+002  4.9200000e+000
  2.7240000e+001  1.3986506e+002  5.0300000e+000
  2.7260000e+001  1.4004403e+002  5.0300000e+000
  2.7280000e+001  1.4022300e+002  5.0300000e+000
  2.7320000e+001  1.4058094e+002  4.9000000e+000
  2.7400000e+001  1.4129682e+002  4.8000000e+000
  2.7440000e+001  1.4165477e+002  5.1200000e+000
  2.7480000e+001  1.4201271e+002  4.9400000e+000
  2.7520000e+001  1.4237065e+002  5.0900000e+000
  2.7560000e+001  1.4272859e+002  5.0400000e+000
  2.7600000e+001  1.4308653e+002  4.8800000e+000
  2.7640000e+001  1.4344447e+002  5.0000000e+000
  2.7680000e+001  1.4380242e+002  5.0700000e+000
  2.7800000e+001  1.4487624e+002  4.8400000e+000
  2.8000000e+001  1.4666595e+002  4.8100000e+000
  2.8200000e+001  1.4839409e+002  4.8200000e+000
  2.8400000e+001  1.4997763e+002  4.7900000e+000
  2.8600000e+001  1.5140940e+002  4.6500000e+000
  2.8800000e+001  1.5284116e+002  4.5600000e+000
  2.9000000e+001  1.5427293e+002  4.6500000e+000
  2.9200000e+001  1.5570470e+002  4.8600000e+000
  2.9400000e+001  1.5713647e+002  4.6400000e+000
  2.9600000e+001  1.5856823e+002  4.5700000e+000
  2.9800000e+001  1.6000000e+002  4.6700000e+000
