  1.4000000e-001  1.0000000e-001  3.3900000e+000
  1.9000000e-001  3.7524412e+000  3.6400000e+000
  2.4000000e-001  7.4048825e+000  3.4400000e+000
  2.9000000e-001  1.0697558e+001  4.0800000e+000
  3.4000000e-001  1.3446020e+001  4.3400000e+000
  3.9000000e-001  1.6109259e+001  4.6800000e+000
  4.4000000e-001  1.8671933e+001  4.5900000e+000
  4.9000000e-001  2.1170477e+001  4.9200000e+000
  5.4000000e-001  2.3540759e+001  4.7100000e+000
  5.9000000e-001  2.5638965e+001  4.5700000e+000
  6.4000000e-001  2.7556496e+001  4.6900000e+000
  6.9000000e-001  2.9474028e+001  4.6200000e+000
  7.4000000e-001  3.1391560e+001  4.6000000e+000
  7.9000000e-001  3.3309091e+001  4.5900000e+000
  8.4000000e-001  3.5226623e+001  4.4800000e+000
  8.9000000e-001  3.7144155e+001  4.2500000e+000
  9.4000000e-001  3.9061686e+001  4.3600000e+000
  9.9000000e-001  4.0979218e+001  4.2400000e+000
  1.0400000e+000  4.2896750e+001  4.4100000e+000
  1.1400000e+000  4.6731813e+001  4.2700000e+000
  1.1900000e+000  4.8649345e+001  4.1000000e+000
  1.2400000e+000  5.0566876e+001  4.0900000e+000
  1.2900000e+000  5.2484408e+001  4.4000000e+000
  1.3400000e+000  5.4401939e+001  4.2000000e+000
  1.3900000e+000  5.6319471e+001  4.3100000e+000
  1.4400000e+000  5.8237003e+001  4.4100000e+000
  1.4900000e+000  6.0319016e+001  4.2600000e+000
  1.5900000e+000  6.5215114e+001  4.2100000e+000
  1.6400000e+000  6.7878352e+001  4.2300000e+000
  1.6900000e+000  7.1117702e+001  4.0500000e+000
  1.7400000e+000  7.4952765e+001  3.7300000e+000
  1.7900000e+000  7.9115087e+001  3.8000000e+000
  1.8400000e+000  8.3913178e+001  3.8900000e+000
  1.8900000e+000  8.9239654e+001  3.8200000e+000
  1.9400000e+000  9.4566131e+001  3.9300000e+000
  1.9900000e+000  9.9892681e+001  3.5800000e+000
  2.0400000e+000  1.0500792e+002  3.6500000e+000
  2.0900000e+000  1.0939486e+002  3.7600000e+000
  2.1400000e+000  1.1343913e+002  3.8200000e+000
  2.1900000e+000  1.1734582e+002  3.1500000e+000
  2.2400000e+000  1.2118063e+002  3.2100000e+000
  2.3400000e+000  1.2692864e+002  3.6300000e+000
  2.3900000e+000  1.2970793e+002  4.0700000e+000
  2.4400000e+000  1.3237143e+002  3.9300000e+000
  2.4900000e+000  1.3503481e+002  4.6100000e+000
  2.5400000e+000  1.3769778e+002  4.7700000e+000
  2.6200000e+000  1.4195904e+002  4.5700000e+000
  2.6700000e+000  1.4462252e+002  4.3100000e+000
  2.7200000e+000  1.4728549e+002  4.4700000e+000
  2.7700000e+000  1.4994854e+002  4.4700000e+000
  2.8200000e+000  1.5261205e+002  4.5200000e+000
  2.8700000e+000  1.5527542e+002  4.3600000e+000
  2.9200000e+000  1.5793839e+002  4.3500000e+000
  2.9700000e+000  1.6060155e+002  4.4500000e+000
  3.0200000e+000  1.6326505e+002  4.4500000e+000
  3.0700000e+000  1.6592832e+002  4.2800000e+000
  3.1200000e+000  1.6859129e+002  4.4100000e+000
  3.1700000e+000  1.7119490e+002  4.4900000e+000
  3.2200000e+000  1.7375186e+002  4.1900000e+000
  3.2700000e+000  1.7630820e+002  4.3100000e+000
  3.3200000e+000  1.7886478e+002  4.2300000e+000
  3.3700000e+000  1.8142175e+002  4.3300000e+000
  3.4200000e+000  1.8397871e+002  4.0900000e+000
  3.4700000e+000  1.8653552e+002  4.2900000e+000
  3.5200000e+000  1.8909185e+002  4.3500000e+000
  3.5700000e+000  1.9164859e+002  3.6800000e+000
  3.6200000e+000  1.9420551e+002  4.1100000e+000
  3.6700000e+000  1.9676184e+002  4.2000000e+000
  3.7200000e+000  1.9931848e+002  3.9100000e+000
  3.7700000e+000  2.0187544e+002  3.3700000e+000
  3.8200000e+000  2.0452994e+002  3.5100000e+000
  3.8700000e+000  2.0719292e+002  3.4900000e+000
  3.9200000e+000  2.0985643e+002  3.5600000e+000
  3.9700000e+000  2.1253692e+002  3.7400000e+000
  4.0200000e+000  2.1533321e+002  3.9300000e+000
  4.0500000e+000  2.1701097e+002  3.5900000e+000
  4.1200000e+000  2.2092601e+002  4.2400000e+000
  4.1700000e+000  2.2372268e+002  4.3300000e+000
  4.2200000e+000  2.2654790e+002  4.3800000e+000
  4.2800000e+000  2.3038257e+002  4.4000000e+000
  4.3200000e+000  2.3293953e+002  3.8500000e+000
  4.3700000e+000  2.3613573e+002  3.8200000e+000
  4.4200000e+000  2.3933094e+002  4.0200000e+000
  4.4700000e+000  2.4252714e+002  3.7100000e+000
  4.5200000e+000  2.4572334e+002  4.6400000e+000
  4.5700000e+000  2.4891854e+002  4.4400000e+000
  4.6200000e+000  2.5211475e+002  4.4200000e+000
  4.7200000e+000  2.5827040e+002  4.5900000e+000
  4.7700000e+000  2.6106668e+002  4.4700000e+000
  4.8200000e+000  2.6386296e+002  4.5000000e+000
  4.9200000e+000  2.6945553e+002  4.5900000e+000
  4.9700000e+000  2.7225181e+002  4.4300000e+000
  5.0200000e+000  2.7504809e+002  4.2500000e+000
  5.0700000e+000  2.7784757e+002  4.4800000e+000
  5.1200000e+000  2.8104377e+002  4.1500000e+000
  5.1700000e+000  2.8423997e+002  3.9400000e+000
  5.2200000e+000  2.8743566e+002  3.6900000e+000
  5.2700000e+000  2.9063138e+002  4.1100000e+000
  5.3200000e+000  2.9382758e+002  4.3400000e+000
  5.3700000e+000  2.9702377e+002  4.1600000e+000
  5.4200000e+000  3.0021899e+002  4.0000000e+000
  5.4700000e+000  3.0341519e+002  3.9000000e+000
  5.5000000e+000  3.0533291e+002  3.8300000e+000
  5.6300000e+000  3.1320416e+002  3.4800000e+000
  5.6700000e+000  3.1544150e+002  3.3200000e+000
  5.7300000e+000  3.1879729e+002  3.3500000e+000
  5.7700000e+000  3.2103431e+002  3.3100000e+000
  5.8300000e+000  3.2438985e+002  3.3000000e+000
  5.8700000e+000  3.2662688e+002  3.8500000e+000
  5.9700000e+000  3.3221944e+002  3.7000000e+000
  6.0300000e+000  3.3557498e+002  3.8400000e+000
  6.0800000e+000  3.3837126e+002  3.9300000e+000
  6.1300000e+000  3.4172163e+002  4.6000000e+000
  6.1700000e+000  3.4464351e+002  4.4100000e+000
  6.2300000e+000  3.4902639e+002  4.4900000e+000
  6.2700000e+000  3.5194863e+002  4.4400000e+000
  6.3300000e+000  3.5633200e+002  4.2500000e+000
  6.3700000e+000  3.5925391e+002  4.1900000e+000
  6.4300000e+000  3.6363673e+002  4.2000000e+000
  6.4700000e+000  3.6632324e+002  4.3000000e+000
  6.5300000e+000  3.7010335e+002  4.2500000e+000
  6.5700000e+000  3.7234069e+002  4.1500000e+000
  6.6300000e+000  3.7569670e+002  3.8200000e+000
  6.6700000e+000  3.7787949e+002  4.1800000e+000
  6.7300000e+000  3.8107506e+002  4.1900000e+000
  6.7700000e+000  3.8320571e+002  3.9900000e+000
  6.8300000e+000  3.8640192e+002  3.9200000e+000
  6.8700000e+000  3.8853239e+002  3.9400000e+000
  6.9300000e+000  3.9172796e+002  3.9500000e+000
  6.9700000e+000  3.9385872e+002  3.7300000e+000
  7.0100000e+000  3.9598952e+002  3.9800000e+000
  7.0700000e+000  3.9918529e+002  3.5900000e+000
  7.1600000e+000  4.0397903e+002  3.4400000e+000
  7.2100000e+000  4.0664253e+002  3.6200000e+000
  7.2600000e+000  4.0930559e+002  2.9600000e+000
  7.3100000e+000  4.1196857e+002  3.4000000e+000
  7.3600000e+000  4.1463204e+002  3.5200000e+000
  7.4100000e+000  4.1729125e+002  3.8500000e+000
  7.4600000e+000  4.1984758e+002  4.1400000e+000
  7.5100000e+000  4.2240420e+002  4.2700000e+000
  7.5600000e+000  4.2496116e+002  4.4200000e+000
  7.6100000e+000  4.2751757e+002  4.2900000e+000
  7.6600000e+000  4.3007409e+002  4.7700000e+000
  7.7100000e+000  4.3263105e+002  4.8800000e+000
  7.7600000e+000  4.3518801e+002  4.8600000e+000
  7.8600000e+000  4.4030122e+002  4.9400000e+000
  7.9600000e+000  4.4541486e+002  4.4500000e+000
  8.0100000e+000  4.4797120e+002  4.7400000e+000
  8.1100000e+000  4.5286101e+002  4.6100000e+000
  8.1600000e+000  4.5525816e+002  4.4700000e+000
  8.2100000e+000  4.5765532e+002  4.4600000e+000
  8.2600000e+000  4.6005199e+002  4.4200000e+000
  8.3100000e+000  4.6244862e+002  4.4200000e+000
  8.3600000e+000  4.6484577e+002  4.5300000e+000
  8.4100000e+000  4.6724292e+002  4.3100000e+000
  8.4600000e+000  4.6963943e+002  4.3000000e+000
  8.5100000e+000  4.7203623e+002  4.2800000e+000
  8.5600000e+000  4.7443338e+002  4.2600000e+000
  8.6100000e+000  4.7683051e+002  4.2700000e+000
  8.6600000e+000  4.7922687e+002  4.1500000e+000
  8.7100000e+000  4.8162384e+002  4.1800000e+000
  8.7600000e+000  4.8402099e+002  3.9000000e+000
  8.8100000e+000  4.8645507e+002  3.8400000e+000
  8.8600000e+000  4.8901140e+002  4.0300000e+000
  8.9100000e+000  4.9163760e+002  3.7500000e+000
  9.0100000e+000  4.9696421e+002  3.3800000e+000
  9.0600000e+000  4.9962718e+002  3.9000000e+000
  9.1100000e+000  5.0229061e+002  3.4300000e+000
  9.2100000e+000  5.0774562e+002  4.0900000e+000
  9.2600000e+000  5.1054190e+002  4.0200000e+000
  9.3100000e+000  5.1351254e+002  4.1700000e+000
  9.3600000e+000  5.1707549e+002  3.7500000e+000
  9.4100000e+000  5.2072784e+002  3.8000000e+000
  9.4600000e+000  5.2438019e+002  3.6000000e+000
  9.5600000e+000  5.3168507e+002  3.8300000e+000
  9.6100000e+000  5.3533787e+002  4.1800000e+000
  9.6600000e+000  5.3899059e+002  3.8400000e+000
  9.7100000e+000  5.4264295e+002  4.0600000e+000
  9.7600000e+000  5.4629530e+002  4.1500000e+000
  9.8100000e+000  5.4994765e+002  4.1100000e+000
  9.8600000e+000  5.5360000e+002  4.0000000e+000
  9.9100000e+000  5.5691297e+002  4.0800000e+000
  1.0070000e+001  5.6644784e+002  3.7300000e+000
  1.0120000e+001  5.6924444e+002  3.5800000e+000
  1.0170000e+001  5.7204072e+002  3.6900000e+000
  1.0220000e+001  5.7483700e+002  3.3400000e+000
  1.0270000e+001  5.7763329e+002  3.3500000e+000
  1.0320000e+001  5.8042957e+002  3.5600000e+000
  1.0370000e+001  5.8322591e+002  3.6100000e+000
  1.0420000e+001  5.8602259e+002  4.0300000e+000
  1.0470000e+001  5.8881926e+002  3.4600000e+000
  1.0520000e+001  5.9161569e+002  3.7800000e+000
  1.0570000e+001  5.9441198e+002  3.6700000e+000
  1.0620000e+001  5.9724505e+002  3.4700000e+000
  1.0670000e+001  6.0044080e+002  3.9700000e+000
  1.0720000e+001  6.0363646e+002  3.6800000e+000
  1.0770000e+001  6.0683266e+002  3.5100000e+000
  1.0820000e+001  6.1002886e+002  3.4500000e+000
  1.0870000e+001  6.1322406e+002  3.3600000e+000
  1.0920000e+001  6.1642027e+002  3.6400000e+000
  1.0970000e+001  6.1968033e+002  3.7000000e+000
  1.1020000e+001  6.2333268e+002  4.6400000e+000
  1.1070000e+001  6.2698503e+002  4.7600000e+000
  1.1120000e+001  6.3063738e+002  4.4900000e+000
  1.1170000e+001  6.3428973e+002  4.7700000e+000
  1.1220000e+001  6.3794208e+002  4.4800000e+000
  1.1270000e+001  6.4159443e+002  4.5500000e+000
  1.1370000e+001  6.4889914e+002  4.6300000e+000
  1.1420000e+001  6.5255162e+002  4.4800000e+000
  1.1470000e+001  6.5620442e+002  4.4300000e+000
  1.1510000e+001  6.5912666e+002  4.4100000e+000
  1.1610000e+001  6.6557286e+002  4.5200000e+000
  1.1660000e+001  6.6862829e+002  4.3800000e+000
  1.1710000e+001  6.7142457e+002  4.2400000e+000
  1.1760000e+001  6.7422085e+002  4.1400000e+000
  1.1910000e+001  6.8260982e+002  4.2500000e+000
  1.1960000e+001  6.8540649e+002  4.3900000e+000
  1.2010000e+001  6.8820317e+002  4.2600000e+000
  1.2060000e+001  6.9099954e+002  3.5700000e+000
  1.2110000e+001  6.9379583e+002  3.3300000e+000
  1.2210000e+001  6.9938839e+002  3.7000000e+000
  1.2310000e+001  7.0498123e+002  3.9700000e+000
  1.2410000e+001  7.1064810e+002  3.9000000e+000
  1.2460000e+001  7.1384330e+002  4.2400000e+000
  1.2510000e+001  7.1703951e+002  4.5400000e+000
  1.2560000e+001  7.2023571e+002  4.4600000e+000
  1.2610000e+001  7.2343091e+002  4.4100000e+000
  1.2660000e+001  7.2662711e+002  4.2100000e+000
  1.2710000e+001  7.3004957e+002  4.1300000e+000
  1.2760000e+001  7.3370192e+002  3.9500000e+000
  1.2860000e+001  7.4100662e+002  4.0500000e+000
  1.2910000e+001  7.4465897e+002  4.2500000e+000
  1.2960000e+001  7.4831132e+002  4.0800000e+000
  1.3010000e+001  7.5196367e+002  4.1100000e+000
  1.3160000e+001  7.6262514e+002  4.0400000e+000
  1.3210000e+001  7.6582134e+002  4.0900000e+000
  1.3260000e+001  7.6901754e+002  3.7900000e+000
  1.3310000e+001  7.7221320e+002  4.1400000e+000
  1.3360000e+001  7.7540895e+002  3.5000000e+000
  1.3410000e+001  7.7860515e+002  3.1400000e+000
  1.3460000e+001  7.8180132e+002  3.4800000e+000
  1.3510000e+001  7.8499656e+002  3.2600000e+000
  1.3560000e+001  7.8853396e+002  3.7200000e+000
  1.3610000e+001  7.9218631e+002  4.3900000e+000
  1.3660000e+001  7.9593680e+002  4.3800000e+000
  1.3710000e+001  7.9977224e+002  4.0100000e+000
  1.3760000e+001  8.0360708e+002  4.0600000e+000
  1.3810000e+001  8.0750222e+002  4.3800000e+000
  1.3860000e+001  8.1149738e+002  4.3700000e+000
  1.3910000e+001  8.1549184e+002  4.2200000e+000
  1.3960000e+001  8.1971284e+002  3.7600000e+000
  1.4010000e+001  8.2459564e+002  3.8100000e+000
  1.4060000e+001  8.2992230e+002  3.7800000e+000
  1.4110000e+001  8.3524865e+002  3.2200000e+000
  1.4210000e+001  8.4590165e+002  3.7000000e+000
  1.4260000e+001  8.5122810e+002  3.6000000e+000
  1.4310000e+001  8.5655466e+002  3.6000000e+000
  1.4360000e+001  8.6188100e+002  3.6500000e+000
  1.4410000e+001  8.6720767e+002  4.0900000e+000
  1.4460000e+001  8.7253390e+002  4.3800000e+000
  1.4510000e+001  8.7786068e+002  4.4700000e+000
  1.4560000e+001  8.8318680e+002  4.4500000e+000
  1.4610000e+001  8.8851369e+002  4.3800000e+000
  1.4660000e+001  8.9383970e+002  4.2500000e+000
  1.4710000e+001  8.9916665e+002  3.9300000e+000
  1.4760000e+001  9.0449270e+002  4.2000000e+000
  1.4810000e+001  9.0973873e+002  4.0000000e+000
  1.4860000e+001  9.1425549e+002  3.8800000e+000
  1.5060000e+001  9.3130045e+002  3.7400000e+000
  1.5160000e+001  9.3982265e+002  3.7000000e+000
  1.5210000e+001  9.4408332e+002  3.5200000e+000
  1.5260000e+001  9.4834486e+002  3.3000000e+000
  1.5360000e+001  9.5686707e+002  3.3200000e+000
  1.5410000e+001  9.6120538e+002  4.0000000e+000
  1.5460000e+001  9.6599887e+002  4.1800000e+000
  1.5510000e+001  9.7079299e+002  3.8900000e+000
  1.5560000e+001  9.7558632e+002  3.6000000e+000
  1.5610000e+001  9.8038059e+002  3.7500000e+000
  1.5660000e+001  9.8517390e+002  4.0100000e+000
  1.5710000e+001  9.8996820e+002  3.9600000e+000
  1.5760000e+001  9.9466003e+002  3.4300000e+000
  1.5820000e+001  9.9977268e+002  3.8400000e+000
  1.5860000e+001  1.0031814e+003  3.9300000e+000
  1.5910000e+001  1.0074430e+003  4.0100000e+000
  1.5940000e+001  1.0100000e+003  3.9000000e+000
