  2.5000000e-002  0.0000000e+000  3.0850000e+000
  4.5000000e-002  8.7143509e-001  3.3710000e+000
  6.5000000e-002  1.7428660e+000  3.3960000e+000
  8.5000000e-002  2.6143009e+000  3.4460000e+000
  1.0000000e-001  3.2678743e+000  3.3820000e+000
  1.4500000e-001  5.1297010e+000  3.3050000e+000
  2.0000000e-001  7.2265865e+000  3.5560000e+000
  2.5000000e-001  9.1328461e+000  3.6820000e+000
  3.0000000e-001  1.1020578e+001  3.5980000e+000
  3.1000000e-001  1.1383677e+001  3.9400000e+000
  3.5000000e-001  1.2836071e+001  4.2450000e+000
  4.0000000e-001  1.4651564e+001  4.2930000e+000
  4.1000000e-001  1.5014662e+001  4.3600000e+000
  4.5000000e-001  1.6411866e+001  4.9000000e+000
  5.0000000e-001  1.8154727e+001  4.6740000e+000
  5.5000000e-001  1.9818836e+001  4.7080000e+000
  6.0000000e-001  2.1435799e+001  4.8930000e+000
  6.5000000e-001  2.2888193e+001  4.8790000e+000
  7.0000000e-001  2.4340587e+001  4.6910000e+000
  7.1000000e-001  2.4631066e+001  4.7950000e+000
  7.5000000e-001  2.5792966e+001  4.8540000e+000
  8.0000000e-001  2.7245347e+001  4.7890000e+000
  9.0000000e-001  3.0150135e+001  4.6830000e+000
  1.0000000e+000  3.3054887e+001  4.6660000e+000
  1.1000000e+000  3.5959798e+001  4.4630000e+000
  1.2000000e+000  3.8864396e+001  4.4970000e+000
  1.3000000e+000  4.1769285e+001  4.5140000e+000
  1.3500000e+000  4.3221584e+001  4.2110000e+000
  1.4000000e+000  4.4711285e+001  4.2160000e+000
  1.5000000e+000  4.8042125e+001  4.3250000e+000
  1.5500000e+000  4.9785055e+001  4.0450000e+000
  1.6000000e+000  5.1567076e+001  4.3310000e+000
  1.6500000e+000  5.3382450e+001  4.0560000e+000
  1.7000000e+000  5.5232388e+001  4.0480000e+000
  1.7500000e+000  5.7785651e+001  4.1440000e+000
  1.8000000e+000  6.0540832e+001  4.7310000e+000
  1.8500000e+000  6.3897095e+001  4.2600000e+000
  1.9000000e+000  6.7528424e+001  4.2850000e+000
  1.9500000e+000  7.1159172e+001  4.0260000e+000
  2.0000000e+000  7.4789920e+001  4.0700000e+000
  2.0500000e+000  7.8211564e+001  3.9370000e+000
  2.1000000e+000  8.1479427e+001  3.6840000e+000
  2.1500000e+000  8.4402978e+001  3.6490000e+000
  2.2000000e+000  8.7176095e+001  3.9030000e+000
  2.2500000e+000  8.9888980e+001  3.7480000e+000
  2.3000000e+000  9.2503119e+001  3.5500000e+000
  2.3500000e+000  9.5109888e+001  3.7300000e+000
  2.4450000e+000  9.9840232e+001  3.7570000e+000
  2.5000000e+000  1.0251450e+002  3.3520000e+000
  2.5500000e+000  1.0469360e+002  3.4670000e+000
  2.6000000e+000  1.0687187e+002  3.9580000e+000
  2.6550000e+000  1.0926793e+002  3.8170000e+000
  2.7000000e+000  1.1122878e+002  3.6110000e+000
  2.7500000e+000  1.1332053e+002  3.8340000e+000
  2.8500000e+000  1.1713335e+002  3.1280000e+000
  2.9000000e+000  1.1903975e+002  3.0760000e+000
  2.9500000e+000  1.2094585e+002  3.1790000e+000
  2.9980000e+000  1.2277572e+002  3.1810000e+000
  3.1000000e+000  1.2666442e+002  3.3550000e+000
  3.1500000e+000  1.2857083e+002  3.8910000e+000
  3.2000000e+000  1.3047724e+002  3.5110000e+000
  3.2500000e+000  1.3258939e+002  3.7580000e+000
  3.3000000e+000  1.3520352e+002  4.5550000e+000
  3.3500000e+000  1.3784612e+002  4.5960000e+000
  3.3900000e+000  1.4017018e+002  4.7070000e+000
  3.4000000e+000  1.4075119e+002  4.4410000e+000
  3.4450000e+000  1.4364754e+002  4.5940000e+000
  3.5100000e+000  1.4835291e+002  4.5140000e+000
  3.6000000e+000  1.5488919e+002  4.5050000e+000
  3.6500000e+000  1.5852009e+002  4.5750000e+000
  3.7000000e+000  1.6215160e+002  4.4540000e+000
  3.7550000e+000  1.6612672e+002  4.1080000e+000
  3.8000000e+000  1.6901893e+002  4.2680000e+000
  3.9000000e+000  1.7482864e+002  4.2080000e+000
  3.9550000e+000  1.7802370e+002  4.4340000e+000
  4.1000000e+000  1.8644761e+002  4.2100000e+000
  4.1500000e+000  1.8935221e+002  4.5390000e+000
  4.2000000e+000  1.9254844e+002  4.4050000e+000
  4.2250000e+000  1.9435973e+002  3.8300000e+000
  4.3000000e+000  1.9980584e+002  3.2360000e+000
  4.3500000e+000  2.0343695e+002  3.2760000e+000
  4.4000000e+000  2.0730205e+002  3.3770000e+000
  4.4500000e+000  2.1265449e+002  3.4810000e+000
  4.5000000e+000  2.1810126e+002  3.4370000e+000
  4.5550000e+000  2.2409273e+002  3.9090000e+000
  4.6000000e+000  2.2899399e+002  3.5440000e+000
  4.6550000e+000  2.3484837e+002  3.7010000e+000
  4.7100000e+000  2.3904680e+002  3.5730000e+000
  4.7450000e+000  2.4158827e+002  3.8530000e+000
  4.8000000e+000  2.4558251e+002  4.2690000e+000
  4.8500000e+000  2.4921344e+002  4.0840000e+000
  4.9900000e+000  2.5937985e+002  4.4780000e+000
  5.1000000e+000  2.6736798e+002  4.4630000e+000
  5.2000000e+000  2.7463029e+002  4.2370000e+000
  5.2500000e+000  2.7803638e+002  3.8020000e+000
  5.3500000e+000  2.8381128e+002  3.5330000e+000
  5.4000000e+000  2.8653403e+002  3.7200000e+000
  5.5000000e+000  2.9176791e+002  3.9190000e+000
  5.6000000e+000  2.9675801e+002  4.1450000e+000
  5.6930000e+000  3.0138894e+002  3.8660000e+000
  5.8000000e+000  3.0665106e+002  4.0650000e+000
  5.9100000e+000  3.1144364e+002  3.3850000e+000
  6.0000000e+000  3.1536541e+002  3.6160000e+000
  6.1000000e+000  3.1972251e+002  4.1470000e+000
  6.1900000e+000  3.2364395e+002  3.2230000e+000
  6.3000000e+000  3.2843727e+002  3.0030000e+000
  6.4000000e+000  3.3246363e+002  3.3100000e+000
  6.4500000e+000  3.3436974e+002  3.6910000e+000
  6.5500000e+000  3.3818224e+002  4.1840000e+000
  6.5950000e+000  3.3989801e+002  4.5610000e+000
  6.7000000e+000  3.4390127e+002  4.6570000e+000
  6.7950000e+000  3.4752287e+002  4.3490000e+000
  6.9050000e+000  3.5171678e+002  4.4320000e+000
  6.9850000e+000  3.5476704e+002  4.6070000e+000
  7.1100000e+000  3.5931646e+002  4.6060000e+000
  7.2000000e+000  3.6245825e+002  4.5460000e+000
  7.3050000e+000  3.6611835e+002  4.2830000e+000
  7.3500000e+000  3.6768687e+002  4.5570000e+000
  7.4500000e+000  3.7110487e+002  4.3630000e+000
  7.5500000e+000  3.7437275e+002  4.2890000e+000
  7.6500000e+000  3.7764092e+002  4.0370000e+000
  7.8500000e+000  3.8366610e+002  3.9860000e+000
  7.9500000e+000  3.8628042e+002  4.0320000e+000
  8.0700000e+000  3.8941770e+002  4.0120000e+000
  8.1600000e+000  3.9177049e+002  4.3190000e+000
  8.2500000e+000  3.9412323e+002  3.8100000e+000
  8.3400000e+000  3.9647638e+002  3.6640000e+000
  8.4600000e+000  3.9961338e+002  3.2800000e+000
  8.5400000e+000  4.0170493e+002  2.9370000e+000
  8.6700000e+000  4.0510337e+002  2.8210000e+000
  8.7600000e+000  4.0756556e+002  2.8920000e+000
  8.8500000e+000  4.1042063e+002  3.1150000e+000
  9.0400000e+000  4.1711732e+002  3.6560000e+000
  9.1400000e+000  4.2084080e+002  3.9310000e+000
  9.2500000e+000  4.2503423e+002  4.2270000e+000
  9.3500000e+000  4.2986372e+002  4.7230000e+000
  9.4600000e+000  4.3534135e+002  5.0750000e+000
  9.5400000e+000  4.3932507e+002  4.5860000e+000
  9.6300000e+000  4.4380652e+002  4.3500000e+000
  1.0040000e+001  4.6036799e+002  4.3210000e+000
  1.0140000e+001  4.6417971e+002  4.3900000e+000
  1.0200000e+001  4.6646670e+002  4.2940000e+000
  1.0240000e+001  4.6793607e+002  4.0690000e+000
  1.0350000e+001  4.7190365e+002  4.3760000e+000
  1.0445000e+001  4.7521612e+002  4.0560000e+000
  1.0670000e+001  4.8305817e+002  4.1760000e+000
  1.0740000e+001  4.8549687e+002  3.5320000e+000
  1.0860000e+001  4.8968155e+002  3.2730000e+000
  1.1040000e+001  4.9595523e+002  3.8370000e+000
  1.1240000e+001  5.0306495e+002  3.5780000e+000
  1.1340000e+001  5.0682490e+002  3.7960000e+000
  1.1440000e+001  5.1068200e+002  4.0410000e+000
  1.1540000e+001  5.1508359e+002  4.2510000e+000
  1.1640000e+001  5.2006255e+002  3.8460000e+000
  1.1745000e+001  5.2529046e+002  3.7520000e+000
  1.1940000e+001  5.3499944e+002  4.2520000e+000
  1.2010000e+001  5.3848471e+002  4.4100000e+000
  1.2010000e+001  5.3848471e+002  4.5510000e+000
  1.2140000e+001  5.4495863e+002  4.3790000e+000
  1.2350000e+001  5.5442743e+002  3.8770000e+000
  1.2440000e+001  5.5785948e+002  4.0790000e+000
  1.2620000e+001  5.6441279e+002  3.7890000e+000
  1.2710000e+001  5.6767855e+002  4.2480000e+000
  1.2920000e+001  5.7530438e+002  3.3150000e+000
  1.3000000e+001  5.7832117e+002  3.2830000e+000
  1.3220000e+001  5.8796140e+002  4.2780000e+000
  1.3300000e+001  5.9203349e+002  4.0400000e+000
  1.3420000e+001  5.9842529e+002  3.8600000e+000
  1.3510000e+001  6.0355229e+002  3.4900000e+000
  1.3610000e+001  6.0936244e+002  3.4680000e+000
  1.3710000e+001  6.1529831e+002  3.3700000e+000
  1.3810000e+001  6.2239011e+002  4.3190000e+000
  1.4030000e+001  6.3836808e+002  4.2260000e+000
  1.4110000e+001  6.4410439e+002  4.1790000e+000
  1.4230000e+001  6.5119614e+002  4.0890000e+000
  1.4310000e+001  6.5549272e+002  3.9230000e+000
  1.4410000e+001  6.6065761e+002  3.7720000e+000
  1.4510000e+001  6.6564007e+002  3.9090000e+000
  1.4620000e+001  6.7025884e+002  3.9690000e+000
  1.4720000e+001  6.7407283e+002  3.9780000e+000
  1.4850000e+001  6.7881355e+002  4.1210000e+000
  1.5050000e+001  6.8596601e+002  3.8410000e+000
  1.5140000e+001  6.8896641e+002  3.4600000e+000
  1.5250000e+001  6.9214416e+002  3.8920000e+000
  1.5340000e+001  6.9449784e+002  3.5510000e+000
  1.5450000e+001  6.9737237e+002  3.4940000e+000
  1.5560000e+001  7.0024865e+002  3.4520000e+000
  1.5660000e+001  7.0286217e+002  3.3330000e+000
  1.5760000e+001  7.0547778e+002  3.8540000e+000
  1.5870000e+001  7.0835359e+002  3.8200000e+000
