  1.0000000e-002  1.0000000e-001  3.3900000e+000
  1.1000000e-001  4.3174167e+000  3.2300000e+000
  1.5000000e-001  5.9417526e+000  3.4900000e+000
  2.1000000e-001  8.3421248e+000  3.5000000e+000
  2.4000000e-001  9.4808282e+000  3.9100000e+000
  3.1000000e-001  1.1957144e+001  4.2400000e+000
  3.4000000e-001  1.2897124e+001  4.0100000e+000
  3.5000000e-001  1.3200780e+001  4.6000000e+000
  4.1000000e-001  1.5022716e+001  4.2200000e+000
  4.4000000e-001  1.5933684e+001  4.1300000e+000
  5.1000000e-001  1.8059269e+001  4.7000000e+000
  5.4000000e-001  1.8970226e+001  4.8300000e+000
  6.0000000e-001  2.0873945e+001  4.7300000e+000
  6.4000000e-001  2.2277547e+001  4.8500000e+000
  7.0000000e-001  2.4554954e+001  4.6000000e+000
  7.4000000e-001  2.6073225e+001  4.5400000e+000
  8.1000000e-001  2.8730224e+001  4.4300000e+000
  8.4000000e-001  2.9868941e+001  4.5300000e+000
  9.1000000e-001  3.2525915e+001  4.3400000e+000
  9.4000000e-001  3.3664618e+001  4.5000000e+000
  1.0100000e+000  3.6321527e+001  4.3100000e+000
  1.1100000e+000  4.0117458e+001  4.4500000e+000
  1.1400000e+000  4.1256128e+001  4.3200000e+000
  1.2100000e+000  4.3913025e+001  4.3100000e+000
  1.2400000e+000  4.5051695e+001  4.5600000e+000
  1.3100000e+000  4.7708592e+001  4.2200000e+000
  1.3400000e+000  4.8847262e+001  4.4300000e+000
  1.4100000e+000  5.1504317e+001  4.2100000e+000
  1.4400000e+000  5.2643153e+001  4.4500000e+000
  1.5400000e+000  5.6438776e+001  4.4400000e+000
  1.6100000e+000  5.9095673e+001  4.3300000e+000
  1.7100000e+000  6.3028296e+001  4.4700000e+000
  1.7500000e+000  6.4661980e+001  4.3400000e+000
  1.8100000e+000  6.7192397e+001  4.4900000e+000
  1.8400000e+000  6.8457606e+001  4.6800000e+000
  1.9100000e+000  7.1548097e+001  4.6300000e+000
  1.9400000e+000  7.2876628e+001  4.6200000e+000
  2.0100000e+000  7.6237114e+001  3.9000000e+000
  2.0600000e+000  7.9129082e+001  3.8800000e+000
  2.1100000e+000  8.2021049e+001  3.9800000e+000
  2.1400000e+000  8.3756247e+001  3.9800000e+000
  2.2100000e+000  8.7805060e+001  3.8000000e+000
  2.2400000e+000  8.9540264e+001  3.9500000e+000
  2.4100000e+000  9.9372825e+001  3.7200000e+000
  2.5100000e+000  1.0515677e+002  3.8900000e+000
  2.5400000e+000  1.0689212e+002  3.8300000e+000
  2.6100000e+000  1.1094119e+002  3.9700000e+000
  2.6300000e+000  1.1209793e+002  3.8500000e+000
  2.7100000e+000  1.1672488e+002  3.6600000e+000
  2.7500000e+000  1.1881269e+002  3.1500000e+000
  2.8100000e+000  1.2148932e+002  3.0700000e+000
  2.8400000e+000  1.2281784e+002  3.2100000e+000
  2.9100000e+000  1.2591779e+002  3.3200000e+000
  3.0100000e+000  1.3034652e+002  3.7100000e+000
  3.0500000e+000  1.3211777e+002  4.3800000e+000
  3.1100000e+000  1.3477437e+002  4.5000000e+000
  3.1400000e+000  1.3610268e+002  4.8000000e+000
  3.2100000e+000  1.3920253e+002  4.7900000e+000
  3.2400000e+000  1.4053115e+002  4.7200000e+000
  3.3100000e+000  1.4363123e+002  4.6700000e+000
  3.3400000e+000  1.4495975e+002  4.8000000e+000
  3.4100000e+000  1.4805963e+002  4.6200000e+000
  3.4400000e+000  1.4938815e+002  4.9100000e+000
  3.5100000e+000  1.5248775e+002  4.5900000e+000
  3.5400000e+000  1.5381615e+002  4.7100000e+000
  3.6100000e+000  1.5691589e+002  4.6200000e+000
  3.6400000e+000  1.5824441e+002  4.7800000e+000
  3.7100000e+000  1.6134429e+002  4.6000000e+000
  3.7400000e+000  1.6267281e+002  4.7000000e+000
  3.8400000e+000  1.6710122e+002  4.5100000e+000
  3.9100000e+000  1.7057829e+002  4.5100000e+000
  3.9400000e+000  1.7209652e+002  4.4100000e+000
  4.0400000e+000  1.7715765e+002  4.4100000e+000
  4.1400000e+000  1.8221834e+002  4.4400000e+000
  4.2100000e+000  1.8576126e+002  4.4600000e+000
  4.2400000e+000  1.8727913e+002  4.3600000e+000
  4.3100000e+000  1.9082200e+002  4.3100000e+000
  4.3400000e+000  1.9234016e+002  3.7600000e+000
  4.4100000e+000  1.9559633e+002  3.5000000e+000
  4.4300000e+000  1.9648193e+002  3.6300000e+000
  4.5100000e+000  2.0002436e+002  3.5800000e+000
  4.6100000e+000  2.0445276e+002  3.5400000e+000
  4.6400000e+000  2.0578128e+002  3.8200000e+000
  4.7100000e+000  2.0888117e+002  3.8500000e+000
  4.7500000e+000  2.1065253e+002  3.6800000e+000
  4.8100000e+000  2.1330943e+002  3.7000000e+000
  4.8500000e+000  2.1508063e+002  3.9200000e+000
  4.9100000e+000  2.1773743e+002  3.6700000e+000
  4.9400000e+000  2.1906594e+002  4.1900000e+000
  5.0100000e+000  2.2216582e+002  4.0000000e+000
  5.0400000e+000  2.2349435e+002  4.2600000e+000
  5.1100000e+000  2.2659442e+002  4.0700000e+000
  5.1400000e+000  2.2792304e+002  3.9700000e+000
  5.2100000e+000  2.3102291e+002  4.0100000e+000
  5.2400000e+000  2.3235122e+002  4.0000000e+000
  5.3100000e+000  2.3545059e+002  3.6200000e+000
  5.3400000e+000  2.3677905e+002  3.6500000e+000
  5.4100000e+000  2.3987916e+002  3.4300000e+000
  5.4400000e+000  2.4120778e+002  3.8300000e+000
  5.5100000e+000  2.4430773e+002  3.7100000e+000
  5.5500000e+000  2.4607910e+002  4.0100000e+000
  5.6100000e+000  2.4880487e+002  3.5400000e+000
  5.6500000e+000  2.5107343e+002  4.6300000e+000
  5.7100000e+000  2.5454414e+002  4.1500000e+000
  5.7500000e+000  2.5689758e+002  4.6200000e+000
  5.8100000e+000  2.6054112e+002  4.2100000e+000
  5.8500000e+000  2.6297034e+002  4.4900000e+000
  5.9100000e+000  2.6661429e+002  4.3500000e+000
  5.9400000e+000  2.6843627e+002  4.6200000e+000
  6.0100000e+000  2.7268755e+002  4.0100000e+000
  6.0500000e+000  2.7511686e+002  4.3900000e+000
  6.1100000e+000  2.7876060e+002  4.0200000e+000
  6.2100000e+000  2.8483347e+002  3.8200000e+000
  6.3100000e+000  2.9090673e+002  3.9700000e+000
  6.3300000e+000  2.9212138e+002  4.0900000e+000
  6.4100000e+000  2.9697999e+002  4.1000000e+000
  6.4500000e+000  2.9940930e+002  4.1400000e+000
  6.5100000e+000  3.0305324e+002  3.9700000e+000
  6.5300000e+000  3.0426775e+002  4.1200000e+000
  6.6100000e+000  3.0907804e+002  3.6900000e+000
  6.6500000e+000  3.1139152e+002  3.7000000e+000
  6.7500000e+000  3.1678908e+002  3.7200000e+000
  6.8100000e+000  3.1944569e+002  3.3500000e+000
  6.8500000e+000  3.2121676e+002  3.4900000e+000
  6.9100000e+000  3.2387381e+002  3.1100000e+000
  6.9400000e+000  3.2520243e+002  3.2000000e+000
  7.0100000e+000  3.2830252e+002  3.2700000e+000
  7.0500000e+000  3.3007388e+002  3.1800000e+000
  7.1100000e+000  3.3273092e+002  3.3500000e+000
  7.1500000e+000  3.3450225e+002  3.6500000e+000
  7.2100000e+000  3.3715905e+002  4.1200000e+000
  7.2500000e+000  3.3893025e+002  4.2400000e+000
  7.3100000e+000  3.4188016e+002  4.3700000e+000
  7.3400000e+000  3.4361526e+002  4.6300000e+000
  7.4100000e+000  3.4766384e+002  4.6000000e+000
  7.4500000e+000  3.4997760e+002  4.4400000e+000
  7.5100000e+000  3.5344831e+002  4.4300000e+000
  7.6100000e+000  3.5923221e+002  4.4000000e+000
  7.6300000e+000  3.6038895e+002  4.4200000e+000
  7.7100000e+000  3.6501590e+002  4.3900000e+000
  7.7500000e+000  3.6732937e+002  4.2300000e+000
  7.8100000e+000  3.7079986e+002  4.0600000e+000
  7.8500000e+000  3.7311367e+002  4.2700000e+000
  7.9100000e+000  3.7658420e+002  4.0200000e+000
  7.9400000e+000  3.7831916e+002  4.1100000e+000
  8.0100000e+000  3.8236741e+002  4.0100000e+000
  8.0500000e+000  3.8468085e+002  4.1800000e+000
  8.1100000e+000  3.8815106e+002  3.6500000e+000
  8.1400000e+000  3.8986077e+002  4.0400000e+000
  8.2100000e+000  3.9326368e+002  3.5400000e+000
  8.2500000e+000  3.9503504e+002  3.6700000e+000
  8.3100000e+000  3.9769208e+002  3.6000000e+000
  8.3500000e+000  3.9946352e+002  3.3100000e+000
  8.4100000e+000  4.0212076e+002  2.9200000e+000
  8.4500000e+000  4.0389225e+002  3.2300000e+000
  8.5100000e+000  4.0654899e+002  3.0300000e+000
  8.5400000e+000  4.0787729e+002  3.1900000e+000
  8.6100000e+000  4.1097677e+002  3.0900000e+000
  8.6400000e+000  4.1230539e+002  3.4200000e+000
  8.7100000e+000  4.1540550e+002  3.1900000e+000
  8.7300000e+000  4.1629125e+002  3.5200000e+000
  8.8100000e+000  4.1983399e+002  3.9100000e+000
  8.9100000e+000  4.2426225e+002  4.0800000e+000
  8.9400000e+000  4.2559065e+002  4.6800000e+000
  9.0100000e+000  4.2869025e+002  4.2200000e+000
  9.0500000e+000  4.3070970e+002  4.8500000e+000
  9.1100000e+000  4.3374584e+002  4.8700000e+000
  9.1400000e+000  4.3526461e+002  4.9200000e+000
  9.2100000e+000  4.3880686e+002  4.4200000e+000
  9.2400000e+000  4.4032535e+002  4.7700000e+000
  9.3100000e+000  4.4386800e+002  4.6500000e+000
  9.3400000e+000  4.4538619e+002  4.8900000e+000
  9.4100000e+000  4.4892882e+002  4.4200000e+000
  9.4500000e+000  4.5095347e+002  4.5400000e+000
  9.5100000e+000  4.5399010e+002  4.1000000e+000
  9.5400000e+000  4.5550802e+002  4.6700000e+000
  9.6100000e+000  4.5883909e+002  4.3200000e+000
  9.6500000e+000  4.6061045e+002  4.3800000e+000
  9.7100000e+000  4.6326749e+002  4.2400000e+000
  9.7500000e+000  4.6503897e+002  4.5500000e+000
  9.8100000e+000  4.6769621e+002  4.4700000e+000
  9.8500000e+000  4.6946770e+002  4.3400000e+000
  9.9100000e+000  4.7212431e+002  4.3600000e+000
  9.9500000e+000  4.7389538e+002  4.3100000e+000
  1.0010000e+001  4.7655236e+002  4.3000000e+000
  1.0050000e+001  4.7832411e+002  4.0500000e+000
  1.0110000e+001  4.8098174e+002  4.3400000e+000
  1.0150000e+001  4.8275292e+002  4.0700000e+000
  1.0250000e+001  4.8718004e+002  3.3000000e+000
  1.0310000e+001  4.8983750e+002  3.6100000e+000
  1.0350000e+001  4.9160934e+002  3.2100000e+000
  1.0410000e+001  4.9433188e+002  3.7300000e+000
  1.0510000e+001  5.0006663e+002  3.7200000e+000
  1.0540000e+001  5.0181146e+002  3.5100000e+000
  1.0610000e+001  5.0606374e+002  4.0900000e+000
  1.0650000e+001  5.0849361e+002  4.2700000e+000
  1.0710000e+001  5.1213828e+002  4.1400000e+000
  1.0750000e+001  5.1456532e+002  4.0800000e+000
  1.0810000e+001  5.1820702e+002  3.9000000e+000
  1.0850000e+001  5.2063689e+002  3.9000000e+000
  1.0910000e+001  5.2428170e+002  3.8700000e+000
  1.0950000e+001  5.2671157e+002  4.0800000e+000
  1.1010000e+001  5.3046831e+002  3.8300000e+000
  1.1110000e+001  5.3732446e+002  4.2700000e+000
  1.1140000e+001  5.3960114e+002  4.4500000e+000
  1.1210000e+001  5.4491338e+002  4.3900000e+000
  1.1250000e+001  5.4794895e+002  4.5000000e+000
  1.1340000e+001  5.5478657e+002  4.3200000e+000
  1.1410000e+001  5.5996422e+002  3.8800000e+000
  1.1450000e+001  5.6266477e+002  4.1600000e+000
  1.1550000e+001  5.6941055e+002  3.8600000e+000
  1.1550000e+001  5.6941055e+002  4.1400000e+000
  1.1610000e+001  5.7346094e+002  3.7900000e+000
  1.1650000e+001  5.7615686e+002  3.8100000e+000
  1.1710000e+001  5.8020747e+002  3.8900000e+000
  1.1810000e+001  5.8695354e+002  3.9900000e+000
  1.1850000e+001  5.8965393e+002  3.9800000e+000
  1.1910000e+001  5.9370532e+002  3.9800000e+000
  1.1940000e+001  5.9572726e+002  3.9200000e+000
  1.1940000e+001  5.9572726e+002  3.9300000e+000
  1.2010000e+001  6.0045074e+002  3.9100000e+000
  1.2050000e+001  6.0298545e+002  3.8300000e+000
  1.2050000e+001  6.0298545e+002  3.6800000e+000
  1.2100000e+001  6.0609716e+002  3.8200000e+000
  1.2140000e+001  6.0852703e+002  3.9200000e+000
  1.2140000e+001  6.0852703e+002  3.8500000e+000
  1.2200000e+001  6.1217184e+002  3.8600000e+000
  1.2340000e+001  6.2041812e+002  4.1600000e+000
  1.2440000e+001  6.2619897e+002  4.8800000e+000
  1.2610000e+001  6.3517144e+002  4.9000000e+000
  1.2650000e+001  6.3719542e+002  4.8700000e+000
  1.2650000e+001  6.3719542e+002  4.7600000e+000
  1.2710000e+001  6.4023496e+002  4.8700000e+000
  1.2750000e+001  6.4225879e+002  4.8000000e+000
  1.2750000e+001  6.4225879e+002  4.8400000e+000
  1.2810000e+001  6.4529375e+002  4.5700000e+000
  1.2910000e+001  6.5035544e+002  4.5200000e+000
  1.2940000e+001  6.5187426e+002  4.6200000e+000
  1.2940000e+001  6.5187426e+002  4.7300000e+000
  1.3010000e+001  6.5541642e+002  4.4600000e+000
  1.3040000e+001  6.5693414e+002  4.5600000e+000
  1.3110000e+001  6.6047522e+002  4.3500000e+000
  1.3140000e+001  6.6199802e+002  4.8200000e+000
  1.3210000e+001  6.6553916e+002  4.3400000e+000
  1.3250000e+001  6.6756283e+002  4.4000000e+000
  1.3250000e+001  6.6756283e+002  4.6100000e+000
  1.3310000e+001  6.7059933e+002  4.2900000e+000
  1.3340000e+001  6.7211809e+002  4.4400000e+000
  1.3340000e+001  6.7211809e+002  4.5000000e+000
  1.3410000e+001  6.7565915e+002  4.3600000e+000
  1.3440000e+001  6.7717949e+002  4.4000000e+000
  1.3450000e+001  6.7768709e+002  4.4000000e+000
  1.3510000e+001  6.8072112e+002  4.0500000e+000
  1.3610000e+001  6.8581707e+002  4.0400000e+000
  1.3640000e+001  6.8755088e+002  3.9300000e+000
  1.3710000e+001  6.9159642e+002  3.5700000e+000
  1.3740000e+001  6.9333092e+002  3.6900000e+000
  1.3810000e+001  6.9737984e+002  3.5200000e+000
  1.3840000e+001  6.9911509e+002  3.5900000e+000
  1.3910000e+001  7.0316454e+002  3.5800000e+000
  1.3940000e+001  7.0490004e+002  3.7700000e+000
  1.4010000e+001  7.0845660e+002  4.4700000e+000
  1.4040000e+001  7.0978474e+002  3.9800000e+000
  1.4110000e+001  7.1288372e+002  4.7400000e+000
  1.4210000e+001  7.1712408e+002  5.1700000e+000
  1.4240000e+001  7.1838949e+002  4.4900000e+000
  1.4310000e+001  7.2134119e+002  5.0700000e+000
  1.4340000e+001  7.2260607e+002  4.6000000e+000
  1.4410000e+001  7.2555709e+002  5.0000000e+000
  1.4440000e+001  7.2682228e+002  4.2700000e+000
  1.4510000e+001  7.2977617e+002  4.3400000e+000
  1.4540000e+001  7.3104185e+002  4.0100000e+000
  1.4610000e+001  7.3399355e+002  4.1400000e+000
  1.4640000e+001  7.3527073e+002  4.0700000e+000
  1.4710000e+001  7.3836920e+002  4.1100000e+000
  1.4740000e+001  7.3969712e+002  4.2100000e+000
  1.4810000e+001  7.4307172e+002  4.0600000e+000
  1.4840000e+001  7.4480697e+002  4.2700000e+000
  1.4910000e+001  7.4885589e+002  4.2300000e+000
  1.4940000e+001  7.5063268e+002  4.3600000e+000
  1.5010000e+001  7.5488495e+002  4.5100000e+000
  1.5050000e+001  7.5731483e+002  4.3100000e+000
  1.5110000e+001  7.6095963e+002  4.5500000e+000
  1.5140000e+001  7.6278204e+002  4.3200000e+000
  1.5140000e+001  7.6278204e+002  4.2300000e+000
  1.5210000e+001  7.6703239e+002  4.2500000e+000
  1.5240000e+001  7.6885267e+002  4.0900000e+000
  1.5310000e+001  7.7310292e+002  4.0000000e+000
  1.5410000e+001  7.7917760e+002  4.0700000e+000
  1.5440000e+001  7.8100000e+002  4.0100000e+000
