  0.0000000e+000  0.0000000e+000  3.2000000e+000
  1.0000000e-001  1.7923362e+000  3.1600000e+000
  2.0000000e-001  3.5846724e+000  3.1500000e+000
  2.0000000e-001  3.5846724e+000  3.1900000e+000
  3.0000000e-001  5.3770087e+000  3.4600000e+000
  4.0000000e-001  7.0324134e+000  3.5100000e+000
  5.0000000e-001  8.6455150e+000  3.6000000e+000
  6.0000000e-001  1.0258610e+001  3.5800000e+000
  7.0000000e-001  1.1871717e+001  4.3700000e+000
  8.0000000e-001  1.3243216e+001  4.2900000e+000
  9.0000000e-001  1.4318613e+001  4.4800000e+000
  1.0000000e+000  1.5394016e+001  4.4800000e+000
  1.1000000e+000  1.6469432e+001  4.8400000e+000
  1.2000000e+000  1.7544849e+001  4.9100000e+000
  1.3000000e+000  1.8620198e+001  4.9200000e+000
  1.4000000e+000  1.9695609e+001  4.7900000e+000
  1.5000000e+000  2.0771038e+001  4.7500000e+000
  1.6000000e+000  2.1846459e+001  4.9000000e+000
  1.7000000e+000  2.2921807e+001  4.7900000e+000
  1.8000000e+000  2.3997215e+001  4.6800000e+000
  1.9000000e+000  2.5178324e+001  4.9200000e+000
  1.9000000e+000  2.5178324e+001  4.8100000e+000
  2.0000000e+000  2.6752038e+001  4.8700000e+000
  2.0000000e+000  2.6752038e+001  4.5800000e+000
  2.1000000e+000  2.8365121e+001  4.5300000e+000
  2.2000000e+000  2.9978263e+001  4.4300000e+000
  2.3000000e+000  3.1591406e+001  4.4600000e+000
  2.4000000e+000  3.3204452e+001  4.4900000e+000
  2.5000000e+000  3.4817529e+001  4.5100000e+000
  2.6000000e+000  3.6430672e+001  4.5300000e+000
  2.7000000e+000  3.8043814e+001  4.3300000e+000
  2.8000000e+000  3.9656866e+001  4.4800000e+000
  2.9000000e+000  4.1269938e+001  4.3100000e+000
  3.0000000e+000  4.2883081e+001  4.4300000e+000
  3.1000000e+000  4.4496223e+001  4.5600000e+000
  3.2000000e+000  4.6109280e+001  4.2800000e+000
  3.3000000e+000  4.7722347e+001  4.4400000e+000
  3.4000000e+000  4.9335489e+001  4.2900000e+000
  3.5000000e+000  5.0948632e+001  4.2600000e+000
  3.6000000e+000  5.2561693e+001  4.3600000e+000
  3.7000000e+000  5.4233047e+001  4.2200000e+000
  3.8000000e+000  5.6141120e+001  4.2300000e+000
  3.9000000e+000  5.8255632e+001  4.6600000e+000
  4.0000000e+000  6.0496052e+001  4.6900000e+000
  4.1000000e+000  6.3399457e+001  4.6500000e+000
  4.2000000e+000  6.6652818e+001  4.5500000e+000
  4.3000000e+000  7.0040915e+001  4.3200000e+000
  4.4000000e+000  7.3625587e+001  4.1800000e+000
  4.5000000e+000  7.7436668e+001  3.8200000e+000
  4.6000000e+000  8.1902148e+001  3.8100000e+000
  4.7000000e+000  8.6382988e+001  4.0700000e+000
  4.8000000e+000  9.0863829e+001  4.1800000e+000
  4.9000000e+000  9.5344669e+001  3.9500000e+000
  5.0000000e+000  9.9825510e+001  3.9400000e+000
  5.1000000e+000  1.0430635e+002  4.0000000e+000
  5.2000000e+000  1.0878719e+002  3.9300000e+000
  5.3000000e+000  1.1326803e+002  3.9300000e+000
  5.4000000e+000  1.1720553e+002  3.7400000e+000
  5.5000000e+000  1.2067217e+002  3.6200000e+000
  5.6000000e+000  1.2397253e+002  3.4000000e+000
  5.7000000e+000  1.2714472e+002  4.1100000e+000
  5.8000000e+000  1.2955411e+002  3.7200000e+000
  5.9000000e+000  1.3190648e+002  4.3000000e+000
  6.0000000e+000  1.3425892e+002  4.1300000e+000
  6.1000000e+000  1.3661140e+002  4.6500000e+000
  6.2000000e+000  1.3913734e+002  4.7000000e+000
  6.2000000e+000  1.3913734e+002  5.0500000e+000
  6.2000000e+000  1.3913734e+002  4.7200000e+000
  6.2000000e+000  1.3913734e+002  4.8100000e+000
  6.3000000e+000  1.4220093e+002  4.9400000e+000
  6.4000000e+000  1.4527345e+002  4.6500000e+000
  6.5000000e+000  1.4834598e+002  4.5900000e+000
  6.6000000e+000  1.5141853e+002  4.6900000e+000
  6.7000000e+000  1.5449122e+002  4.6000000e+000
  6.8000000e+000  1.5756385e+002  4.8200000e+000
  6.9000000e+000  1.6063637e+002  4.7300000e+000
  7.1000000e+000  1.6678142e+002  4.4700000e+000
  7.2000000e+000  1.6985403e+002  4.7200000e+000
  7.4000000e+000  1.7599929e+002  4.4900000e+000
  7.6000000e+000  1.8226166e+002  4.4400000e+000
  7.8000000e+000  1.8897945e+002  4.5400000e+000
  8.0000000e+000  1.9727573e+002  3.9900000e+000
  8.1000000e+000  2.0175657e+002  4.0600000e+000
  8.2000000e+000  2.0623741e+002  3.6900000e+000
  8.3000000e+000  2.1071825e+002  3.3600000e+000
  8.4000000e+000  2.1519909e+002  3.7100000e+000
  8.5000000e+000  2.1967993e+002  4.0700000e+000
  8.6000000e+000  2.2392944e+002  4.5000000e+000
  8.7000000e+000  2.2752472e+002  4.2900000e+000
  8.8000000e+000  2.3110939e+002  4.1400000e+000
  8.9000000e+000  2.3469406e+002  3.9100000e+000
  9.0000000e+000  2.3827873e+002  3.5600000e+000
  9.1000000e+000  2.4183603e+002  3.7200000e+000
  9.2000000e+000  2.4519098e+002  4.3400000e+000
  9.3000000e+000  2.4841702e+002  4.7400000e+000
  9.4000000e+000  2.5153644e+002  4.5100000e+000
  9.5000000e+000  2.5460912e+002  4.5100000e+000
  9.6000000e+000  2.5737150e+002  4.5000000e+000
  9.7000000e+000  2.6005995e+002  4.6200000e+000
  9.8000000e+000  2.6274839e+002  4.4100000e+000
  9.9000000e+000  2.6543686e+002  4.5900000e+000
  1.0000000e+001  2.6812616e+002  3.6700000e+000
  1.0100000e+001  2.7081435e+002  4.4800000e+000
  1.0200000e+001  2.7383803e+002  4.4600000e+000
  1.0400000e+001  2.8013505e+002  4.1800000e+000
  1.0500000e+001  2.8336205e+002  3.8000000e+000
  1.0600000e+001  2.8662764e+002  3.7200000e+000
  1.0800000e+001  2.9361962e+002  4.3000000e+000
  1.1000000e+001  3.0078897e+002  4.0700000e+000
  1.1200000e+001  3.0876397e+002  3.8800000e+000
  1.1400000e+001  3.1772565e+002  3.8500000e+000
  1.1500000e+001  3.2220649e+002  3.8700000e+000
  1.1600000e+001  3.2668733e+002  3.1600000e+000
  1.1700000e+001  3.3071381e+002  3.6800000e+000
  1.1800000e+001  3.3414648e+002  3.9600000e+000
  1.2000000e+001  3.3974871e+002  4.6500000e+000
  1.2100000e+001  3.4210152e+002  4.8500000e+000
  1.2200000e+001  3.4438127e+002  4.8100000e+000
  1.2300000e+001  3.4662169e+002  4.8100000e+000
  1.2400000e+001  3.4886211e+002  4.6000000e+000
  1.2600000e+001  3.5334295e+002  4.5400000e+000
  1.2800000e+001  3.5782379e+002  4.4600000e+000
  1.3000000e+001  3.6230464e+002  4.4300000e+000
  1.3200000e+001  3.6678548e+002  4.2400000e+000
  1.3400000e+001  3.7126632e+002  4.3000000e+000
  1.3600000e+001  3.7574716e+002  4.1300000e+000
  1.3800000e+001  3.8022800e+002  4.2000000e+000
  1.4000000e+001  3.8470884e+002  4.0600000e+000
  1.4200000e+001  3.8918968e+002  3.9000000e+000
  1.4400000e+001  3.9367052e+002  3.9400000e+000
  1.4500000e+001  3.9591094e+002  3.7900000e+000
  1.4600000e+001  3.9815136e+002  3.5200000e+000
  1.4700000e+001  4.0039178e+002  3.4300000e+000
  1.4800000e+001  4.0263220e+002  3.1600000e+000
  1.4900000e+001  4.0487262e+002  3.1600000e+000
  1.5000000e+001  4.0711304e+002  3.3500000e+000
  1.5100000e+001  4.0935346e+002  3.4000000e+000
  1.5200000e+001  4.1159388e+002  3.2300000e+000
  1.5300000e+001  4.1383430e+002  3.5700000e+000
  1.5400000e+001  4.1607472e+002  3.6300000e+000
  1.5600000e+001  4.2055556e+002  4.0500000e+000
  1.5800000e+001  4.2515486e+002  4.2200000e+000
  1.5900000e+001  4.2750766e+002  4.4700000e+000
  1.6000000e+001  4.3016130e+002  4.8500000e+000
  1.6100000e+001  4.3284917e+002  4.8200000e+000
  1.6180000e+001  4.3500000e+002  5.0900000e+000
  1.6180000e+001  4.3500000e+002  4.9800000e+000
