  0.0000000e+000  2.8750000e+000  3.4500000e+000
  5.0000000e-002  3.5870273e+000  3.4800000e+000
  1.1000000e-001  4.4414600e+000  3.3100000e+000
  1.4000000e-001  4.8686742e+000  3.4300000e+000
  1.7000000e-001  5.2958870e+000  3.2700000e+000
  2.2000000e-001  6.0079084e+000  3.4000000e+000
  2.5000000e-001  6.4351221e+000  3.3900000e+000
  2.8000000e-001  6.8623385e+000  3.2900000e+000
  3.2500000e-001  7.5031631e+000  3.5600000e+000
  3.8500000e-001  8.3575958e+000  3.5600000e+000
  4.1500000e-001  8.7848121e+000  3.5200000e+000
  4.4500000e-001  9.2120285e+000  3.5300000e+000
  4.4600000e-001  9.2262691e+000  3.5500000e+000
  4.7500000e-001  9.6392449e+000  3.4600000e+000
  4.7600000e-001  9.6534854e+000  3.5900000e+000
  5.0500000e-001  1.0034076e+001  3.4800000e+000
  5.1000000e-001  1.0097367e+001  3.5600000e+000
  5.2000000e-001  1.0223949e+001  3.7900000e+000
  5.3500000e-001  1.0413823e+001  3.4600000e+000
  5.4000000e-001  1.0477114e+001  3.6500000e+000
  5.5000000e-001  1.0603696e+001  3.7400000e+000
  5.6500000e-001  1.0793570e+001  3.8500000e+000
  5.7000000e-001  1.0856861e+001  4.0800000e+000
  5.8000000e-001  1.0977599e+001  3.8500000e+000
  5.9500000e-001  1.1148484e+001  3.6900000e+000
  6.0000000e-001  1.1205446e+001  3.8500000e+000
  6.1000000e-001  1.1319370e+001  3.9500000e+000
  6.2500000e-001  1.1490256e+001  3.8700000e+000
  6.3000000e-001  1.1547218e+001  3.7000000e+000
  6.4000000e-001  1.1661141e+001  3.8500000e+000
  6.5500000e-001  1.1832027e+001  3.4200000e+000
  6.6000000e-001  1.1888989e+001  4.0700000e+000
  6.7000000e-001  1.2002913e+001  3.7900000e+000
  6.8500000e-001  1.2173799e+001  3.9800000e+000
  6.9000000e-001  1.2230760e+001  4.0600000e+000
  7.0000000e-001  1.2344684e+001  4.2400000e+000
  7.1500000e-001  1.2515570e+001  3.9000000e+000
  7.2000000e-001  1.2572532e+001  4.3100000e+000
  7.3000000e-001  1.2686456e+001  3.9800000e+000
  7.4500000e-001  1.2857341e+001  3.8700000e+000
  7.5000000e-001  1.2914303e+001  4.2300000e+000
  7.6000000e-001  1.3028227e+001  3.9900000e+000
  7.7500000e-001  1.3199113e+001  3.8900000e+000
  7.8000000e-001  1.3256075e+001  4.3500000e+000
  7.9000000e-001  1.3369998e+001  4.4800000e+000
  8.0500000e-001  1.3540884e+001  4.3800000e+000
  8.1000000e-001  1.3597846e+001  4.4000000e+000
  8.2000000e-001  1.3711770e+001  4.2500000e+000
  8.3500000e-001  1.3882656e+001  4.1000000e+000
  8.4000000e-001  1.3939617e+001  4.0500000e+000
  8.5000000e-001  1.4053541e+001  4.2100000e+000
  8.6500000e-001  1.4224427e+001  4.2500000e+000
  8.7000000e-001  1.4281389e+001  4.4700000e+000
  8.8000000e-001  1.4395313e+001  4.5100000e+000
  8.9500000e-001  1.4566203e+001  4.1600000e+000
  9.0000000e-001  1.4623167e+001  4.1300000e+000
  9.1000000e-001  1.4737094e+001  4.5600000e+000
  9.2500000e-001  1.4907984e+001  4.4400000e+000
  9.3000000e-001  1.4964947e+001  4.5800000e+000
  9.4000000e-001  1.5078874e+001  4.6300000e+000
  9.5500000e-001  1.5249764e+001  4.7300000e+000
  9.6000000e-001  1.5306728e+001  4.5400000e+000
  9.7000000e-001  1.5420654e+001  4.8400000e+000
  9.8500000e-001  1.5591545e+001  4.6400000e+000
  1.0200000e+000  1.5990288e+001  4.5200000e+000
  1.0250000e+000  1.6047252e+001  4.8400000e+000
  1.0400000e+000  1.6198444e+001  4.6700000e+000
  1.0500000e+000  1.6293375e+001  5.0700000e+000
  1.0550000e+000  1.6340841e+001  4.9100000e+000
  1.0700000e+000  1.6483238e+001  4.8100000e+000
  1.0800000e+000  1.6578170e+001  4.5900000e+000
  1.0850000e+000  1.6625636e+001  4.9200000e+000
  1.1000000e+000  1.6749429e+001  4.9300000e+000
  1.1100000e+000  1.6825376e+001  4.6500000e+000
  1.1150000e+000  1.6863350e+001  4.8300000e+000
  1.1200000e+000  1.6901324e+001  4.7400000e+000
  1.1400000e+000  1.7053220e+001  4.9500000e+000
  1.1450000e+000  1.7091193e+001  4.7900000e+000
  1.1600000e+000  1.7205115e+001  5.1900000e+000
  1.1700000e+000  1.7281063e+001  4.7000000e+000
  1.1750000e+000  1.7319036e+001  5.2200000e+000
  1.1900000e+000  1.7432958e+001  5.0500000e+000
  1.2050000e+000  1.7546880e+001  5.2000000e+000
  1.2100000e+000  1.7584853e+001  5.0000000e+000
  1.2350000e+000  1.7774723e+001  5.0800000e+000
  1.2400000e+000  1.7812696e+001  5.1100000e+000
  1.2500000e+000  1.7888648e+001  5.0400000e+000
  1.2650000e+000  1.8002577e+001  4.9900000e+000
  1.2700000e+000  1.8040554e+001  5.0400000e+000
  1.2800000e+000  1.8116507e+001  5.0000000e+000
  1.2950000e+000  1.8230436e+001  5.1500000e+000
  1.3000000e+000  1.8268412e+001  5.1700000e+000
  1.3100000e+000  1.8344365e+001  5.0300000e+000
  1.3230000e+000  1.8443103e+001  5.1300000e+000
  1.3550000e+000  1.8686152e+001  5.0000000e+000
  1.3850000e+000  1.8914010e+001  4.9800000e+000
  1.4150000e+000  1.9141857e+001  4.8700000e+000
  1.4450000e+000  1.9369700e+001  5.1200000e+000
  1.4750000e+000  1.9597543e+001  5.1400000e+000
  1.5250000e+000  1.9977282e+001  4.9600000e+000
  1.5650000e+000  2.0281073e+001  4.9500000e+000
  1.5950000e+000  2.0508916e+001  5.0700000e+000
  1.6250000e+000  2.0736759e+001  5.1000000e+000
  1.6550000e+000  2.0964602e+001  4.8900000e+000
  1.6850000e+000  2.1192445e+001  5.0500000e+000
  1.7150000e+000  2.1420298e+001  4.9900000e+000
  1.7450000e+000  2.1648156e+001  5.0000000e+000
  1.7750000e+000  2.1876014e+001  4.8900000e+000
  1.8050000e+000  2.2103872e+001  4.8900000e+000
  1.8350000e+000  2.2331730e+001  4.9600000e+000
  1.8650000e+000  2.2559579e+001  4.9600000e+000
  1.8950000e+000  2.2787422e+001  4.9800000e+000
  1.9250000e+000  2.3015265e+001  4.9300000e+000
  1.9550000e+000  2.3243109e+001  4.9300000e+000
  1.9850000e+000  2.3470952e+001  5.1200000e+000
  2.0150000e+000  2.3729738e+001  4.9600000e+000
  2.0450000e+000  2.4014533e+001  4.9700000e+000
  2.0750000e+000  2.4329210e+001  4.9400000e+000
  2.1050000e+000  2.4670998e+001  4.8700000e+000
  2.1340000e+000  2.5001392e+001  4.9600000e+000
  2.1650000e+000  2.5354572e+001  5.0500000e+000
  2.1950000e+000  2.5696359e+001  4.9100000e+000
  2.2250000e+000  2.6038136e+001  4.7800000e+000
  2.2550000e+000  2.6379900e+001  4.9200000e+000
  2.2850000e+000  2.6721665e+001  5.0600000e+000
  2.3150000e+000  2.7063430e+001  4.9200000e+000
  2.3450000e+000  2.7405194e+001  4.8300000e+000
  2.3750000e+000  2.7746959e+001  4.7600000e+000
  2.3760000e+000  2.7758351e+001  4.6800000e+000
  2.4050000e+000  2.8088723e+001  4.8100000e+000
  2.4060000e+000  2.8100116e+001  4.8100000e+000
  2.4350000e+000  2.8430488e+001  4.8100000e+000
  2.4650000e+000  2.8772253e+001  4.8700000e+000
  2.4950000e+000  2.9114017e+001  4.7600000e+000
  2.5250000e+000  2.9455791e+001  4.8400000e+000
  2.5550000e+000  2.9797578e+001  4.7300000e+000
  2.5850000e+000  3.0139365e+001  4.6200000e+000
  2.6150000e+000  3.0481152e+001  4.5500000e+000
  2.6450000e+000  3.0822939e+001  4.5300000e+000
  2.6750000e+000  3.1164719e+001  4.6900000e+000
  2.7050000e+000  3.1506484e+001  4.6400000e+000
  2.7350000e+000  3.1848248e+001  4.6700000e+000
  2.7650000e+000  3.2190013e+001  4.6300000e+000
  2.7950000e+000  3.2531778e+001  4.3500000e+000
  2.8250000e+000  3.2873542e+001  4.5600000e+000
  2.8550000e+000  3.3215307e+001  4.5200000e+000
  2.8850000e+000  3.3557071e+001  4.5900000e+000
  2.9150000e+000  3.3898836e+001  4.5600000e+000
  2.9450000e+000  3.4240601e+001  4.6500000e+000
  2.9740000e+000  3.4570978e+001  4.6300000e+000
  3.0050000e+000  3.4924158e+001  4.6200000e+000
  3.0350000e+000  3.5265945e+001  4.5300000e+000
  3.0670000e+000  3.5630518e+001  4.6000000e+000
  3.0950000e+000  3.5949520e+001  4.6400000e+000
  3.1250000e+000  3.6291302e+001  4.7400000e+000
  3.1550000e+000  3.6633067e+001  4.5500000e+000
  3.1850000e+000  3.6974832e+001  4.7300000e+000
  3.2150000e+000  3.7316596e+001  4.5200000e+000
  3.2450000e+000  3.7658361e+001  4.1700000e+000
  3.2750000e+000  3.8000125e+001  4.5500000e+000
  3.3050000e+000  3.8341890e+001  4.5000000e+000
  3.3350000e+000  3.8683655e+001  4.4900000e+000
  3.3650000e+000  3.9025419e+001  4.4100000e+000
  3.3950000e+000  3.9367184e+001  4.5900000e+000
  3.4250000e+000  3.9708951e+001  4.4900000e+000
  3.4550000e+000  4.0050738e+001  4.6500000e+000
  3.4850000e+000  4.0392525e+001  4.6300000e+000
  3.5150000e+000  4.0734312e+001  4.7100000e+000
  3.5750000e+000  4.1417886e+001  4.4700000e+000
  3.6050000e+000  4.1759650e+001  4.5300000e+000
  3.6350000e+000  4.2101415e+001  4.5300000e+000
  3.6650000e+000  4.2443180e+001  4.5800000e+000
  3.6950000e+000  4.2784944e+001  4.6200000e+000
  3.7550000e+000  4.3468473e+001  4.5900000e+000
  3.9350000e+000  4.5593418e+001  4.5200000e+000
  3.9650000e+000  4.5973165e+001  4.5300000e+000
  3.9950000e+000  4.6352911e+001  4.6600000e+000
  4.0550000e+000  4.7112405e+001  4.3400000e+000
  4.0850000e+000  4.7534931e+001  4.2900000e+000
  4.1150000e+000  4.7962158e+001  4.3600000e+000
  4.1450000e+000  4.8389385e+001  4.2600000e+000
  4.1750000e+000  4.8816612e+001  4.5400000e+000
  4.2350000e+000  4.9671066e+001  4.5400000e+000
  4.2650000e+000  5.0098293e+001  4.4800000e+000
  4.2950000e+000  5.0525520e+001  4.4900000e+000
  4.3250000e+000  5.0976245e+001  4.5100000e+000
  4.3550000e+000  5.1431931e+001  4.5400000e+000
  4.3850000e+000  5.1887617e+001  4.6100000e+000
  4.4150000e+000  5.2343303e+001  4.5700000e+000
  4.4450000e+000  5.2798990e+001  4.5500000e+000
  4.4750000e+000  5.3254676e+001  4.4500000e+000
  4.5150000e+000  5.3862257e+001  4.4500000e+000
  4.5250000e+000  5.4014153e+001  4.4200000e+000
  4.5300000e+000  5.4090100e+001  4.0600000e+000
  4.5600000e+000  5.4545787e+001  4.2000000e+000
  4.5900000e+000  5.5001473e+001  4.3300000e+000
  4.6200000e+000  5.5457176e+001  4.3100000e+000
  4.6500000e+000  5.5912892e+001  4.4000000e+000
  4.6800000e+000  5.6368608e+001  4.1400000e+000
  4.7100000e+000  5.6824325e+001  4.4800000e+000
  4.7400000e+000  5.7280041e+001  4.4600000e+000
  4.7700000e+000  5.7735742e+001  4.4400000e+000
  4.8000000e+000  5.8191428e+001  4.7000000e+000
  4.8300000e+000  5.8647114e+001  4.6900000e+000
  4.8600000e+000  5.9102800e+001  4.6000000e+000
  4.8900000e+000  5.9558486e+001  4.5100000e+000
  4.9200000e+000  6.0014173e+001  4.6900000e+000
  4.9500000e+000  6.0469859e+001  4.6200000e+000
  4.9800000e+000  6.0925545e+001  4.5300000e+000
  5.0100000e+000  6.1381231e+001  4.6500000e+000
  5.0700000e+000  6.2292616e+001  4.6300000e+000
  5.1300000e+000  6.3204049e+001  4.6900000e+000
  5.1600000e+000  6.3659765e+001  4.6100000e+000
  5.1900000e+000  6.4115481e+001  4.5700000e+000
  5.2200000e+000  6.4578323e+001  4.6600000e+000
  5.2500000e+000  6.5053006e+001  4.6100000e+000
  5.2800000e+000  6.5527690e+001  4.5600000e+000
  5.3100000e+000  6.6002373e+001  4.5800000e+000
  5.3400000e+000  6.6477057e+001  4.6600000e+000
  5.3700000e+000  6.6951741e+001  4.6000000e+000
  5.4000000e+000  6.7433993e+001  4.4700000e+000
  5.4650000e+000  6.8513883e+001  4.6300000e+000
  5.4950000e+000  6.9012294e+001  4.5900000e+000
  5.5250000e+000  6.9510705e+001  4.4800000e+000
  5.5550000e+000  7.0009116e+001  4.4500000e+000
  5.5850000e+000  7.0507527e+001  4.4100000e+000
  5.6150000e+000  7.1005938e+001  4.4500000e+000
  5.6450000e+000  7.1533570e+001  4.4700000e+000
  5.6850000e+000  7.2352815e+001  4.5000000e+000
  5.7150000e+000  7.3003789e+001  4.3300000e+000
  5.7450000e+000  7.3654763e+001  4.1800000e+000
  5.7750000e+000  7.4305737e+001  4.2000000e+000
  5.8050000e+000  7.4956711e+001  4.2600000e+000
  5.8350000e+000  7.5607686e+001  4.3800000e+000
  5.8650000e+000  7.6258660e+001  4.3400000e+000
  5.8950000e+000  7.6931400e+001  4.1800000e+000
  5.9250000e+000  7.7614974e+001  4.2200000e+000
  5.9550000e+000  7.8298549e+001  4.1700000e+000
  5.9850000e+000  7.8982123e+001  4.1300000e+000
  6.0150000e+000  7.9665697e+001  4.0500000e+000
  6.0450000e+000  8.0366906e+001  4.0300000e+000
  6.0750000e+000  8.1078892e+001  4.0400000e+000
  6.1050000e+000  8.1790878e+001  3.9900000e+000
  6.1350000e+000  8.2502864e+001  3.9400000e+000
  6.1650000e+000  8.3214885e+001  4.0300000e+000
  6.1950000e+000  8.3926930e+001  4.0300000e+000
  6.2250000e+000  8.4638975e+001  4.1700000e+000
  6.2550000e+000  8.5351020e+001  4.1200000e+000
  6.2850000e+000  8.6063064e+001  4.2900000e+000
  6.3150000e+000  8.6775109e+001  4.3200000e+000
  6.3450000e+000  8.7487154e+001  4.3600000e+000
  6.3700000e+000  8.8080525e+001  4.4000000e+000
  6.3750000e+000  8.8199199e+001  4.4300000e+000
  6.4000000e+000  8.8792550e+001  4.1700000e+000
  6.4050000e+000  8.8911214e+001  4.2300000e+000
  6.4300000e+000  8.9504536e+001  4.2300000e+000
  6.4350000e+000  8.9623200e+001  4.3500000e+000
  6.4600000e+000  9.0216522e+001  4.3600000e+000
  6.4650000e+000  9.0335187e+001  4.3300000e+000
  6.5000000e+000  9.1165837e+001  3.9700000e+000
  6.5050000e+000  9.1284501e+001  4.1200000e+000
  6.5350000e+000  9.2034620e+001  4.0900000e+000
  6.5650000e+000  9.2794114e+001  4.0600000e+000
  6.5950000e+000  9.3553608e+001  4.1900000e+000
  6.6250000e+000  9.4386687e+001  4.1300000e+000
  6.6550000e+000  9.5241211e+001  4.0300000e+000
  6.6850000e+000  9.6167405e+001  4.0100000e+000
  6.7150000e+000  9.7116772e+001  4.0400000e+000
  6.7450000e+000  9.8066139e+001  4.0500000e+000
  6.7750000e+000  9.9015506e+001  4.0700000e+000
  6.8050000e+000  9.9964873e+001  3.9800000e+000
  6.8350000e+000  1.0091424e+002  4.1700000e+000
  6.8650000e+000  1.0186361e+002  4.2400000e+000
  6.9000000e+000  1.0297120e+002  4.2000000e+000
  6.9200000e+000  1.0360411e+002  4.2900000e+000
  6.9300000e+000  1.0392057e+002  4.2100000e+000
  6.9500000e+000  1.0455348e+002  4.2900000e+000
  6.9600000e+000  1.0486994e+002  4.1400000e+000
  6.9900000e+000  1.0581930e+002  4.3200000e+000
  7.0100000e+000  1.0645222e+002  4.5200000e+000
  7.0200000e+000  1.0676867e+002  4.3100000e+000
  7.0300000e+000  1.0708513e+002  4.2900000e+000
  7.0500000e+000  1.0771804e+002  4.3900000e+000
  7.0600000e+000  1.0803449e+002  4.3400000e+000
  7.0800000e+000  1.0866741e+002  4.4800000e+000
  7.1000000e+000  1.0930032e+002  4.3900000e+000
  7.1100000e+000  1.0961677e+002  4.1500000e+000
  7.1200000e+000  1.0993323e+002  3.8900000e+000
  7.1300000e+000  1.1024968e+002  4.3700000e+000
  7.1400000e+000  1.1056614e+002  4.1300000e+000
  7.1500000e+000  1.1088259e+002  4.1400000e+000
  7.1600000e+000  1.1119905e+002  4.0100000e+000
  7.1800000e+000  1.1183196e+002  4.0500000e+000
  7.1900000e+000  1.1214842e+002  3.8600000e+000
  7.2000000e+000  1.1246487e+002  4.0100000e+000
  7.2100000e+000  1.1278133e+002  3.7600000e+000
  7.2200000e+000  1.1309778e+002  3.9900000e+000
  7.2300000e+000  1.1341424e+002  3.9800000e+000
  7.2400000e+000  1.1373070e+002  3.4800000e+000
  7.2500000e+000  1.1404715e+002  3.7800000e+000
  7.2600000e+000  1.1436361e+002  3.7700000e+000
  7.2700000e+000  1.1468006e+002  3.5800000e+000
  7.2800000e+000  1.1499652e+002  3.6100000e+000
  7.3000000e+000  1.1562943e+002  3.7100000e+000
  7.3100000e+000  1.1594589e+002  3.3500000e+000
  7.3200000e+000  1.1626234e+002  4.0700000e+000
  7.3300000e+000  1.1657880e+002  4.0000000e+000
  7.3310000e+000  1.1661044e+002  4.0000000e+000
  7.3600000e+000  1.1752816e+002  3.5500000e+000
  7.3610000e+000  1.1755981e+002  3.5500000e+000
  7.3800000e+000  1.1816108e+002  3.3900000e+000
  7.3810000e+000  1.1819272e+002  3.5200000e+000
  7.3820000e+000  1.1822437e+002  3.4700000e+000
  7.4000000e+000  1.1879399e+002  3.4100000e+000
  7.4010000e+000  1.1882563e+002  3.4100000e+000
  7.4100000e+000  1.1911044e+002  3.2800000e+000
  7.4200000e+000  1.1942690e+002  3.4700000e+000
  7.4300000e+000  1.1974335e+002  3.3600000e+000
  7.4310000e+000  1.1977500e+002  3.3600000e+000
  7.4400000e+000  1.2005981e+002  3.1000000e+000
  7.4500000e+000  1.2037627e+002  3.7600000e+000
  7.4600000e+000  1.2069272e+002  3.4700000e+000
  7.4610000e+000  1.2072437e+002  3.4700000e+000
  7.4700000e+000  1.2100918e+002  3.1700000e+000
  7.4800000e+000  1.2132557e+002  3.4200000e+000
  7.5000000e+000  1.2189516e+002  3.4200000e+000
  7.5010000e+000  1.2192364e+002  3.4200000e+000
  7.5100000e+000  1.2217995e+002  3.0500000e+000
  7.5200000e+000  1.2246475e+002  3.1800000e+000
  7.5300000e+000  1.2274954e+002  3.2300000e+000
  7.5310000e+000  1.2277802e+002  3.3200000e+000
  7.5400000e+000  1.2303434e+002  3.2000000e+000
  7.5500000e+000  1.2331913e+002  3.2300000e+000
  7.5600000e+000  1.2360393e+002  3.5900000e+000
  7.5610000e+000  1.2363240e+002  3.5900000e+000
  7.5700000e+000  1.2388872e+002  3.1000000e+000
  7.5800000e+000  1.2417351e+002  3.3500000e+000
  7.6000000e+000  1.2474310e+002  3.4100000e+000
  7.6010000e+000  1.2477158e+002  3.4100000e+000
  7.6100000e+000  1.2502794e+002  3.1200000e+000
  7.6300000e+000  1.2559762e+002  3.3500000e+000
  7.6310000e+000  1.2562611e+002  3.3500000e+000
  7.6400000e+000  1.2588246e+002  3.1900000e+000
  7.6500000e+000  1.2616731e+002  3.4200000e+000
  7.6600000e+000  1.2645215e+002  3.4500000e+000
  7.6700000e+000  1.2673695e+002  3.3100000e+000
  7.7000000e+000  1.2759133e+002  3.5800000e+000
  7.7100000e+000  1.2787613e+002  3.4300000e+000
  7.7200000e+000  1.2816092e+002  3.5100000e+000
  7.7300000e+000  1.2844572e+002  3.5300000e+000
  7.7310000e+000  1.2847420e+002  3.5300000e+000
  7.7400000e+000  1.2873051e+002  3.7000000e+000
  7.7500000e+000  1.2901530e+002  3.9800000e+000
  7.7600000e+000  1.2930010e+002  4.1000000e+000
  7.7610000e+000  1.2932858e+002  4.1000000e+000
  7.7700000e+000  1.2958489e+002  3.9300000e+000
  7.8000000e+000  1.3038494e+002  4.2300000e+000
  7.8010000e+000  1.3041025e+002  4.2300000e+000
  7.8300000e+000  1.3114443e+002  4.0000000e+000
  7.8310000e+000  1.3116975e+002  4.0000000e+000
  7.8400000e+000  1.3139759e+002  4.2500000e+000
  7.8600000e+000  1.3190392e+002  4.4800000e+000
  7.8610000e+000  1.3192924e+002  4.4800000e+000
  7.8700000e+000  1.3215709e+002  4.3900000e+000
  7.9100000e+000  1.3307781e+002  4.6500000e+000
  7.9400000e+000  1.3376138e+002  4.3800000e+000
  7.9600000e+000  1.3421710e+002  4.4200000e+000
  7.9610000e+000  1.3423989e+002  4.4200000e+000
  7.9700000e+000  1.3444496e+002  4.7900000e+000
  8.0000000e+000  1.3512853e+002  4.8500000e+000
  8.0100000e+000  1.3535639e+002  4.5500000e+000
  8.0300000e+000  1.3579340e+002  3.8800000e+000
  8.0310000e+000  1.3581238e+002  3.8800000e+000
  8.0400000e+000  1.3598323e+002  4.4700000e+000
  8.0600000e+000  1.3635192e+002  4.2000000e+000
  8.0610000e+000  1.3636854e+002  4.2000000e+000
  8.0700000e+000  1.3651807e+002  4.2100000e+000
  8.1000000e+000  1.3701650e+002  4.7300000e+000
  8.1010000e+000  1.3703311e+002  4.7300000e+000
  8.1100000e+000  1.3718264e+002  4.4900000e+000
  8.1300000e+000  1.3751493e+002  4.8700000e+000
  8.1310000e+000  1.3753155e+002  4.8700000e+000
  8.1400000e+000  1.3768108e+002  4.1500000e+000
  8.1600000e+000  1.3801336e+002  4.6600000e+000
  8.1700000e+000  1.3817951e+002  4.2300000e+000
  8.2000000e+000  1.3867794e+002  4.7700000e+000
  8.2100000e+000  1.3884408e+002  4.9300000e+000
  8.2300000e+000  1.3917637e+002  5.3300000e+000
  8.2400000e+000  1.3934251e+002  4.1400000e+000
  8.2600000e+000  1.3967480e+002  5.2200000e+000
  8.2610000e+000  1.3969142e+002  5.2200000e+000
  8.3000000e+000  1.4033750e+002  4.9800000e+000
  8.3300000e+000  1.4081218e+002  5.0700000e+000
  8.3600000e+000  1.4128687e+002  4.9000000e+000
  8.4000000e+000  1.4191978e+002  4.4200000e+000
  8.4300000e+000  1.4239446e+002  4.9400000e+000
  8.4600000e+000  1.4286915e+002  4.9100000e+000
  8.5000000e+000  1.4350206e+002  4.9100000e+000
  8.5700000e+000  1.4460965e+002  5.0100000e+000
  8.6100000e+000  1.4524256e+002  5.0500000e+000
  8.6400000e+000  1.4571725e+002  4.8800000e+000
  8.6700000e+000  1.4618625e+002  4.9200000e+000
  8.7100000e+000  1.4679383e+002  4.9600000e+000
  8.7400000e+000  1.4724952e+002  4.8600000e+000
  8.7700000e+000  1.4770520e+002  4.8200000e+000
  8.8100000e+000  1.4831279e+002  4.9100000e+000
  8.8400000e+000  1.4876847e+002  4.8600000e+000
  8.9100000e+000  1.4983174e+002  4.8700000e+000
  9.0350000e+000  1.5173050e+002  4.8400000e+000
  9.1100000e+000  1.5286979e+002  4.8100000e+000
  9.1400000e+000  1.5332549e+002  4.8200000e+000
  9.1700000e+000  1.5378117e+002  4.7700000e+000
  9.2100000e+000  1.5438875e+002  4.7500000e+000
  9.2700000e+000  1.5530013e+002  4.8100000e+000
  9.3400000e+000  1.5636339e+002  4.9200000e+000
  9.4100000e+000  1.5742666e+002  4.8900000e+000
  9.4400000e+000  1.5788237e+002  5.0800000e+000
  9.4700000e+000  1.5833809e+002  5.1100000e+000
  9.5000000e+000  1.5879380e+002  4.7000000e+000
  9.5400000e+000  1.5940142e+002  4.8900000e+000
  9.5800000e+000  1.6000903e+002  4.6800000e+000
  9.6100000e+000  1.6046472e+002  4.8600000e+000
  9.6400000e+000  1.6092041e+002  4.8200000e+000
  9.6700000e+000  1.6137609e+002  4.7000000e+000
  9.7700000e+000  1.6289505e+002  4.5300000e+000
  9.8100000e+000  1.6350263e+002  4.5100000e+000
  9.8700000e+000  1.6441400e+002  4.8900000e+000
  9.9100000e+000  1.6504531e+002  4.8500000e+000
  9.9400000e+000  1.6551992e+002  4.6900000e+000
  9.9700000e+000  1.6599452e+002  4.5400000e+000
  1.0070000e+001  1.6757658e+002  4.6600000e+000
  1.0170000e+001  1.6915886e+002  4.6100000e+000
  1.0270000e+001  1.7074114e+002  4.4300000e+000
  1.0300000e+001  1.7121582e+002  4.3700000e+000
  1.0440000e+001  1.7343101e+002  4.3700000e+000
  1.0515000e+001  1.7461772e+002  4.5000000e+000
  1.0540000e+001  1.7501329e+002  4.5400000e+000
  1.0570000e+001  1.7548797e+002  4.5400000e+000
  1.0610000e+001  1.7612948e+002  4.6000000e+000
  1.0670000e+001  1.7712659e+002  4.5400000e+000
  1.0710000e+001  1.7779133e+002  4.6300000e+000
  1.0740000e+001  1.7828988e+002  4.7300000e+000
  1.0770000e+001  1.7878844e+002  4.6200000e+000
  1.0810000e+001  1.7945318e+002  4.4800000e+000
  1.0840000e+001  1.7995173e+002  4.5100000e+000
  1.0870000e+001  1.8051774e+002  4.4600000e+000
  1.0910000e+001  1.8138104e+002  4.6000000e+000
  1.0940000e+001  1.8203198e+002  4.6000000e+000
  1.0970000e+001  1.8268292e+002  4.6400000e+000
  1.0995000e+001  1.8322538e+002  4.6800000e+000
  1.1040000e+001  1.8420179e+002  4.7100000e+000
  1.1070000e+001  1.8485274e+002  4.5800000e+000
  1.1110000e+001  1.8574931e+002  4.7200000e+000
  1.1140000e+001  1.8643293e+002  4.6000000e+000
  1.1170000e+001  1.8711655e+002  4.6700000e+000
  1.1210000e+001  1.8802804e+002  4.6700000e+000
  1.1240000e+001  1.8871623e+002  4.4900000e+000
  1.1270000e+001  1.8942787e+002  4.5500000e+000
  1.1310000e+001  1.9037671e+002  4.3300000e+000
  1.1340000e+001  1.9108835e+002  4.4000000e+000
  1.1370000e+001  1.9182203e+002  4.1200000e+000
  1.1410000e+001  1.9283524e+002  4.1400000e+000
  1.1440000e+001  1.9359515e+002  4.0400000e+000
  1.1470000e+001  1.9442686e+002  4.1200000e+000
  1.1510000e+001  1.9557282e+002  3.9600000e+000
  1.1540000e+001  1.9652271e+002  3.9800000e+000
  1.1570000e+001  1.9747260e+002  4.2200000e+000
  1.1610000e+001  1.9873872e+002  3.8000000e+000
  1.1640000e+001  1.9968757e+002  3.9300000e+000
  1.1670000e+001  2.0063641e+002  3.7000000e+000
  1.1710000e+001  2.0190226e+002  3.6700000e+000
  1.1740000e+001  2.0285215e+002  3.7700000e+000
  1.1770000e+001  2.0380204e+002  4.2700000e+000
  1.1810000e+001  2.0506752e+002  4.1700000e+000
  1.1840000e+001  2.0601636e+002  3.9500000e+000
  1.1870000e+001  2.0696521e+002  4.0100000e+000
  1.1910000e+001  2.0823169e+002  3.8900000e+000
  1.1940000e+001  2.0918158e+002  3.9100000e+000
  1.1970000e+001  2.1013119e+002  3.7500000e+000
  1.2025000e+001  2.1187074e+002  3.8500000e+000
  1.2070000e+001  2.1329460e+002  3.7100000e+000
  1.2110000e+001  2.1456112e+002  3.7900000e+000
  1.2140000e+001  2.1551101e+002  3.7200000e+000
  1.2170000e+001  2.1637649e+002  3.7700000e+000
  1.2210000e+001  2.1749692e+002  3.8900000e+000
  1.2240000e+001  2.1825683e+002  4.0200000e+000
  1.2270000e+001  2.1901674e+002  4.0200000e+000
  1.2310000e+001  2.2002954e+002  3.9400000e+000
  1.2340000e+001  2.2078861e+002  4.2600000e+000
  1.2370000e+001  2.2154769e+002  4.5800000e+000
  1.2410000e+001  2.2256046e+002  4.5800000e+000
  1.2440000e+001  2.2332037e+002  4.7100000e+000
  1.2470000e+001  2.2408029e+002  4.6800000e+000
  1.2510000e+001  2.2509257e+002  4.6200000e+000
  1.2540000e+001  2.2585165e+002  4.5200000e+000
  1.2570000e+001  2.2661079e+002  4.5100000e+000
  1.2610000e+001  2.2762401e+002  4.5000000e+000
  1.2640000e+001  2.2838392e+002  4.4800000e+000
  1.2690000e+001  2.2964956e+002  4.4200000e+000
  1.2820000e+001  2.3319480e+002  4.3100000e+000
  1.2840000e+001  2.3382806e+002  4.1700000e+000
  1.2870000e+001  2.3477795e+002  3.9400000e+000
  1.2910000e+001  2.3610297e+002  3.8900000e+000
  1.2940000e+001  2.3732698e+002  3.6700000e+000
  1.2970000e+001  2.3875025e+002  3.6100000e+000
  1.3010000e+001  2.4047566e+002  3.6800000e+000
  1.3040000e+001  2.4150063e+002  4.0100000e+000
  1.3070000e+001  2.4244948e+002  3.7800000e+000
  1.3110000e+001  2.4371460e+002  4.0100000e+000
  1.3140000e+001  2.4457710e+002  4.3700000e+000
  1.3170000e+001  2.4543106e+002  4.2300000e+000
  1.3210000e+001  2.4645463e+002  4.8700000e+000
  1.3240000e+001  2.4721454e+002  4.5500000e+000
  1.3270000e+001  2.4796507e+002  4.7800000e+000
  1.3310000e+001  2.4891470e+002  4.8300000e+000
  1.3340000e+001  2.4962692e+002  4.8000000e+000
  1.3410000e+001  2.5126475e+002  4.7800000e+000
  1.3440000e+001  2.5194792e+002  4.8800000e+000
  1.3470000e+001  2.5263109e+002  4.7700000e+000
  1.3510000e+001  2.5354198e+002  4.6600000e+000
  1.3511000e+001  2.5356475e+002  4.7500000e+000
  1.3540000e+001  2.5422164e+002  4.9100000e+000
  1.3570000e+001  2.5487289e+002  4.6800000e+000
  1.3610000e+001  2.5574122e+002  4.5500000e+000
  1.3640000e+001  2.5639247e+002  4.7400000e+000
  1.3670000e+001  2.5704372e+002  4.7400000e+000
  1.3710000e+001  2.5791206e+002  4.6700000e+000
  1.3740000e+001  2.5856331e+002  4.7900000e+000
  1.3770000e+001  2.5915611e+002  4.7000000e+000
  1.3810000e+001  2.5991518e+002  4.6900000e+000
  1.3840000e+001  2.6048449e+002  4.6900000e+000
  1.3870000e+001  2.6105380e+002  4.6500000e+000
  1.3910000e+001  2.6181349e+002  4.6000000e+000
  1.3940000e+001  2.6238408e+002  4.7400000e+000
  1.3970000e+001  2.6293115e+002  4.6800000e+000
  1.4000000e+001  2.6342950e+002  4.7700000e+000
  1.4030000e+001  2.6392785e+002  4.7100000e+000
  1.4070000e+001  2.6459231e+002  4.7100000e+000
  1.4110000e+001  2.6525678e+002  4.7300000e+000
  1.4140000e+001  2.6575513e+002  4.6100000e+000
  1.4170000e+001  2.6625348e+002  4.7600000e+000
  1.4210000e+001  2.6691794e+002  4.6700000e+000
  1.4240000e+001  2.6741629e+002  4.7900000e+000
  1.4270000e+001  2.6791464e+002  4.7500000e+000
  1.4310000e+001  2.6857911e+002  4.6600000e+000
  1.4340000e+001  2.6907746e+002  4.7700000e+000
  1.4370000e+001  2.6957580e+002  4.8100000e+000
  1.4410000e+001  2.7024027e+002  4.6800000e+000
  1.4510000e+001  2.7205660e+002  4.4900000e+000
  1.4540000e+001  2.7262591e+002  4.5500000e+000
  1.4570000e+001  2.7319521e+002  4.4400000e+000
  1.4610000e+001  2.7395429e+002  4.5400000e+000
  1.4640000e+001  2.7452442e+002  4.6100000e+000
  1.4670000e+001  2.7509480e+002  4.6000000e+000
  1.4710000e+001  2.7585388e+002  4.6200000e+000
  1.4740000e+001  2.7642318e+002  4.4300000e+000
  1.4770000e+001  2.7699249e+002  4.5300000e+000
  1.4810000e+001  2.7775166e+002  4.4100000e+000
  1.4840000e+001  2.7832277e+002  4.2600000e+000
  1.4870000e+001  2.7889208e+002  4.2300000e+000
  1.4910000e+001  2.7965116e+002  4.3000000e+000
  1.4940000e+001  2.8022046e+002  4.1500000e+000
  1.4970000e+001  2.8078977e+002  4.0800000e+000
  1.5010000e+001  2.8155008e+002  4.0300000e+000
  1.5040000e+001  2.8212005e+002  4.0000000e+000
  1.5070000e+001  2.8268936e+002  3.9300000e+000
  1.5110000e+001  2.8344843e+002  4.0200000e+000
  1.5140000e+001  2.8401774e+002  3.9100000e+000
  1.5170000e+001  2.8458705e+002  4.0300000e+000
  1.5210000e+001  2.8534802e+002  4.0000000e+000
  1.5240000e+001  2.8591733e+002  4.0200000e+000
  1.5270000e+001  2.8648663e+002  4.1000000e+000
  1.5310000e+001  2.8724571e+002  3.8800000e+000
  1.5370000e+001  2.8838535e+002  3.9100000e+000
  1.5410000e+001  2.8914530e+002  4.0000000e+000
  1.5440000e+001  2.8971460e+002  4.0600000e+000
  1.5470000e+001  2.9028391e+002  4.2000000e+000
  1.5510000e+001  2.9104299e+002  4.2400000e+000
  1.5540000e+001  2.9161258e+002  4.3600000e+000
  1.5570000e+001  2.9218350e+002  4.2500000e+000
  1.5610000e+001  2.9294257e+002  4.3600000e+000
  1.5640000e+001  2.9351188e+002  4.3500000e+000
  1.5670000e+001  2.9408119e+002  4.3800000e+000
  1.5710000e+001  2.9484026e+002  4.4200000e+000
  1.5740000e+001  2.9541101e+002  4.4100000e+000
  1.5770000e+001  2.9598078e+002  4.4700000e+000
  1.5800000e+001  2.9655008e+002  4.1700000e+000
  1.5830000e+001  2.9711939e+002  4.4600000e+000
  1.5900000e+001  2.9844785e+002  4.1500000e+000
  1.5940000e+001  2.9920875e+002  4.4900000e+000
  1.5970000e+001  2.9977805e+002  4.1900000e+000
  1.6010000e+001  3.0053713e+002  4.1600000e+000
  1.6011000e+001  3.0055611e+002  4.3300000e+000
  1.6020000e+001  3.0072690e+002  4.2800000e+000
  1.6040000e+001  3.0110644e+002  4.2700000e+000
  1.6070000e+001  3.0167574e+002  4.1300000e+000
  1.6100000e+001  3.0224627e+002  4.0300000e+000
  1.6110000e+001  3.0243667e+002  4.1200000e+000
  1.6140000e+001  3.0308575e+002  4.1100000e+000
  1.6170000e+001  3.0373670e+002  4.1200000e+000
  1.6200000e+001  3.0438764e+002  3.9700000e+000
  1.6210000e+001  3.0460462e+002  4.1900000e+000
  1.6240000e+001  3.0525557e+002  4.2100000e+000
  1.6270000e+001  3.0590651e+002  4.1000000e+000
  1.6300000e+001  3.0655745e+002  3.9400000e+000
  1.6310000e+001  3.0677443e+002  4.0900000e+000
  1.6340000e+001  3.0742538e+002  4.1400000e+000
  1.6370000e+001  3.0807632e+002  4.1400000e+000
  1.6400000e+001  3.0872726e+002  3.8100000e+000
  1.6410000e+001  3.0894425e+002  3.8700000e+000
  1.6440000e+001  3.0959519e+002  4.0500000e+000
  1.6470000e+001  3.1024613e+002  3.8700000e+000
  1.6500000e+001  3.1089708e+002  3.8000000e+000
  1.6510000e+001  3.1111406e+002  3.8700000e+000
  1.6540000e+001  3.1176500e+002  3.9500000e+000
  1.6570000e+001  3.1241594e+002  4.1400000e+000
  1.6600000e+001  3.1306689e+002  3.6600000e+000
  1.6610000e+001  3.1328387e+002  4.0400000e+000
  1.6640000e+001  3.1393481e+002  3.9500000e+000
  1.6670000e+001  3.1458575e+002  3.9300000e+000
  1.6700000e+001  3.1523670e+002  4.0000000e+000
  1.6701000e+001  3.1525840e+002  4.0100000e+000
  1.6740000e+001  3.1610462e+002  4.0700000e+000
  1.6770000e+001  3.1675557e+002  4.1200000e+000
  1.6800000e+001  3.1740651e+002  4.0400000e+000
  1.6801000e+001  3.1742821e+002  4.0000000e+000
  1.6840000e+001  3.1827443e+002  4.0200000e+000
  1.6870000e+001  3.1892538e+002  3.9000000e+000
  1.6900000e+001  3.1957632e+002  3.7900000e+000
  1.6920000e+001  3.2001028e+002  3.7500000e+000
  1.6940000e+001  3.2044425e+002  3.9500000e+000
  1.6970000e+001  3.2109519e+002  3.6300000e+000
  1.7000000e+001  3.2174613e+002  3.6900000e+000
  1.7015000e+001  3.2207160e+002  3.6000000e+000
  1.7100000e+001  3.2391594e+002  3.1900000e+000
  1.7120000e+001  3.2434991e+002  3.4800000e+000
  1.7140000e+001  3.2478387e+002  3.2700000e+000
  1.7170000e+001  3.2543481e+002  3.4800000e+000
  1.7200000e+001  3.2608605e+002  3.2500000e+000
  1.7210000e+001  3.2630314e+002  3.2600000e+000
  1.7240000e+001  3.2695439e+002  3.2600000e+000
  1.7270000e+001  3.2760564e+002  3.3100000e+000
  1.7300000e+001  3.2825689e+002  3.1800000e+000
  1.7310000e+001  3.2847397e+002  3.3600000e+000
  1.7340000e+001  3.2912522e+002  3.3300000e+000
  1.7370000e+001  3.2977647e+002  3.4700000e+000
  1.7400000e+001  3.3042755e+002  3.3200000e+000
  1.7410000e+001  3.3064453e+002  3.3000000e+000
  1.7500000e+001  3.3259736e+002  3.2700000e+000
  1.7530000e+001  3.3324830e+002  3.4500000e+000
  1.7570000e+001  3.3411623e+002  3.7100000e+000
  1.7600000e+001  3.3475248e+002  3.7000000e+000
  1.7620000e+001  3.3513201e+002  4.0200000e+000
  1.7640000e+001  3.3551155e+002  3.8300000e+000
  1.7690000e+001  3.3646040e+002  4.0500000e+000
  1.7700000e+001  3.3665017e+002  3.9200000e+000
  1.7740000e+001  3.3741076e+002  4.2400000e+000
  1.7770000e+001  3.3798045e+002  4.2100000e+000
  1.7800000e+001  3.3854975e+002  4.6200000e+000
  1.7810000e+001  3.3873952e+002  4.3600000e+000
  1.7840000e+001  3.3930883e+002  4.3500000e+000
  1.7870000e+001  3.3987814e+002  4.4500000e+000
  1.7900000e+001  3.4044760e+002  4.2600000e+000
  1.7910000e+001  3.4063800e+002  4.4600000e+000
  1.7940000e+001  3.4120842e+002  4.5100000e+000
  1.7970000e+001  3.4177772e+002  4.6600000e+000
  1.8000000e+001  3.4234703e+002  4.3400000e+000
  1.8020000e+001  3.4272657e+002  4.7000000e+000
  1.8040000e+001  3.4310611e+002  4.7300000e+000
  1.8070000e+001  3.4367541e+002  4.7900000e+000
  1.8100000e+001  3.4424603e+002  4.5800000e+000
  1.8110000e+001  3.4443639e+002  4.7300000e+000
