  2.0000000e-001  1.0189114e+001  4.3500000e+000
  3.8000000e-001  1.8150940e+001  5.0600000e+000
  4.9000000e-001  2.0897573e+001  5.0900000e+000
  5.9000000e-001  2.2694799e+001  5.1100000e+000
  8.5000000e-001  2.7367655e+001  4.7100000e+000
  9.9000000e-001  2.9883782e+001  4.9300000e+000
  1.1000000e+000  3.1860743e+001  4.7400000e+000
  1.2500000e+000  3.4556609e+001  4.7800000e+000
  1.3900000e+000  3.7072862e+001  4.6300000e+000
  1.7000000e+000  4.2644256e+001  4.4600000e+000
  1.8500000e+000  4.5340091e+001  4.4500000e+000
  1.9800000e+000  4.7676632e+001  4.5500000e+000
  2.1000000e+000  4.9936360e+001  4.5800000e+000
  2.1900000e+000  5.2349434e+001  4.4400000e+000
  2.3000000e+000  5.5314962e+001  4.6200000e+000
  2.3900000e+000  5.7741175e+001  4.5800000e+000
  2.6900000e+000  6.5828879e+001  4.5800000e+000
  2.7200000e+000  6.6637631e+001  4.4100000e+000
  2.7500000e+000  6.7446383e+001  4.5600000e+000
  2.8100000e+000  6.9063794e+001  4.3800000e+000
  2.8400000e+000  6.9872607e+001  4.4100000e+000
  2.9000000e+000  7.1553323e+001  4.3400000e+000
  2.9600000e+000  7.3508705e+001  4.4200000e+000
  3.0000000e+000  7.4970905e+001  3.5400000e+000
  3.0200000e+000  7.5719745e+001  3.5100000e+000
  3.0500000e+000  7.6864980e+001  4.0400000e+000
  3.0800000e+000  7.8392705e+001  3.7000000e+000
  3.1000000e+000  7.9471010e+001  3.6800000e+000
  3.1100000e+000  8.0010163e+001  3.8300000e+000
  3.1400000e+000  8.1719517e+001  3.6300000e+000
  3.1700000e+000  8.3565807e+001  3.9100000e+000
  3.2000000e+000  8.5667913e+001  3.7700000e+000
  3.2600000e+000  9.0161036e+001  4.1700000e+000
  3.3000000e+000  9.3156500e+001  4.1500000e+000
  3.3200000e+000  9.4654195e+001  4.1700000e+000
  3.3500000e+000  9.6900730e+001  4.3600000e+000
  3.3800000e+000  9.9147328e+001  3.9100000e+000
  3.4000000e+000  1.0064493e+002  4.2800000e+000
  3.4400000e+000  1.0364041e+002  4.1000000e+000
  3.4500000e+000  1.0438938e+002  4.1400000e+000
  3.4700000e+000  1.0588708e+002  4.3000000e+000
  3.5000000e+000  1.0813322e+002  4.1400000e+000
  3.5300000e+000  1.1038013e+002  3.7300000e+000
  3.5500000e+000  1.1187777e+002  4.0500000e+000
  3.5600000e+000  1.1262648e+002  4.0500000e+000
  3.6200000e+000  1.1711985e+002  3.8900000e+000
  3.6500000e+000  1.1936676e+002  3.4300000e+000
  3.6800000e+000  1.2161302e+002  3.3700000e+000
  3.7000000e+000  1.2306344e+002  3.2100000e+000
  3.7500000e+000  1.2620565e+002  3.3800000e+000
  3.7800000e+000  1.2787367e+002  4.4000000e+000
  3.8000000e+000  1.2895207e+002  4.3800000e+000
  3.8300000e+000  1.3050739e+002  4.2100000e+000
  3.8500000e+000  1.3130110e+002  4.2700000e+000
  3.8800000e+000  1.3242416e+002  4.1800000e+000
  3.9500000e+000  1.3499064e+002  4.5600000e+000
  4.0000000e+000  1.3678802e+002  5.1500000e+000
  4.0100000e+000  1.3714743e+002  4.5000000e+000
  4.0400000e+000  1.3822569e+002  5.0200000e+000
  4.0700000e+000  1.3924293e+002  5.0700000e+000
  4.1000000e+000  1.4025369e+002  5.0900000e+000
  4.1300000e+000  1.4126510e+002  4.9600000e+000
  4.1400000e+000  1.4160223e+002  4.9700000e+000
  4.1600000e+000  1.4227624e+002  4.9300000e+000
  4.1900000e+000  1.4328707e+002  4.7600000e+000
  4.2000000e+000  1.4362400e+002  5.2000000e+000
  4.2200000e+000  1.4429775e+002  4.9700000e+000
  4.2500000e+000  1.4530838e+002  4.8300000e+000
  4.2800000e+000  1.4631979e+002  5.1700000e+000
  4.3100000e+000  1.4733103e+002  4.7600000e+000
  4.3400000e+000  1.4834186e+002  5.0300000e+000
  4.3600000e+000  1.4901570e+002  4.7000000e+000
  4.3700000e+000  1.4935257e+002  4.6800000e+000
  4.4100000e+000  1.5068177e+002  4.7600000e+000
  4.4400000e+000  1.5158100e+002  4.7500000e+000
  4.4700000e+000  1.5240137e+002  4.1000000e+000
  4.5200000e+000  1.5374914e+002  4.2100000e+000
  4.5600000e+000  1.5482723e+002  4.1000000e+000
  4.6200000e+000  1.5644509e+002  4.9600000e+000
  4.6800000e+000  1.5806267e+002  4.5100000e+000
  4.7100000e+000  1.5887133e+002  4.4900000e+000
  4.7500000e+000  1.5994942e+002  4.8000000e+000
  4.7600000e+000  1.6021894e+002  4.8600000e+000
  4.7700000e+000  1.6048851e+002  4.7500000e+000
  4.8000000e+000  1.6129754e+002  4.6800000e+000
  4.8300000e+000  1.6210657e+002  4.8200000e+000
  4.8700000e+000  1.6318485e+002  4.7800000e+000
  4.8900000e+000  1.6372397e+002  4.6400000e+000
  4.9200000e+000  1.6453257e+002  4.6000000e+000
  4.9500000e+000  1.6534114e+002  4.7000000e+000
  4.9700000e+000  1.6590677e+002  4.6700000e+000
  4.9800000e+000  1.6620652e+002  4.6200000e+000
  5.0100000e+000  1.6710548e+002  4.5500000e+000
  5.0300000e+000  1.6770445e+002  4.6500000e+000
  5.0400000e+000  1.6800843e+002  4.6300000e+000
  5.0700000e+000  1.6901926e+002  4.5000000e+000
  5.1000000e+000  1.7003002e+002  4.5100000e+000
  5.1300000e+000  1.7104065e+002  4.5500000e+000
  5.1600000e+000  1.7205174e+002  4.5400000e+000
  5.1900000e+000  1.7306315e+002  4.4700000e+000
  5.2200000e+000  1.7407405e+002  4.4300000e+000
  5.2500000e+000  1.7506888e+002  4.4100000e+000
  5.2800000e+000  1.7596733e+002  4.5700000e+000
  5.3100000e+000  1.7678987e+002  5.0400000e+000
  5.3400000e+000  1.7759890e+002  4.6700000e+000
  5.3700000e+000  1.7840761e+002  4.4600000e+000
  5.4000000e+000  1.7921617e+002  4.4300000e+000
  5.4500000e+000  1.8056393e+002  4.3200000e+000
  5.4600000e+000  1.8083350e+002  4.3400000e+000
  5.4900000e+000  1.8164232e+002  4.4100000e+000
  5.5200000e+000  1.8245135e+002  4.2200000e+000
  5.5500000e+000  1.8326028e+002  4.6300000e+000
  5.5800000e+000  1.8406884e+002  4.5800000e+000
  5.6100000e+000  1.8487742e+002  4.6300000e+000
  5.6400000e+000  1.8568611e+002  4.5500000e+000
  5.6700000e+000  1.8649480e+002  4.3500000e+000
  5.7000000e+000  1.8730380e+002  4.6600000e+000
  5.7300000e+000  1.8811283e+002  4.5800000e+000
  5.9600000e+000  1.9606764e+002  3.8400000e+000
  5.9700000e+000  1.9644200e+002  3.9900000e+000
  6.0000000e+000  1.9762147e+002  3.7500000e+000
  6.0200000e+000  1.9840779e+002  3.7200000e+000
  6.0300000e+000  1.9880094e+002  3.8400000e+000
  6.0600000e+000  1.9998042e+002  3.6100000e+000
  6.0900000e+000  2.0115995e+002  3.7600000e+000
  6.1200000e+000  2.0233954e+002  4.2100000e+000
  6.1500000e+000  2.0351912e+002  3.9500000e+000
  6.1800000e+000  2.0469870e+002  4.1600000e+000
  6.2100000e+000  2.0587817e+002  4.1500000e+000
  6.2400000e+000  2.0705764e+002  4.0200000e+000
  6.2700000e+000  2.0823712e+002  4.1000000e+000
  6.3000000e+000  2.0952648e+002  3.9800000e+000
  6.3300000e+000  2.1087429e+002  3.9800000e+000
  6.3600000e+000  2.1223471e+002  4.0300000e+000
  6.3900000e+000  2.1377530e+002  3.9800000e+000
  6.4200000e+000  2.1531589e+002  3.6900000e+000
  6.4500000e+000  2.1686026e+002  3.6700000e+000
  6.4800000e+000  2.1847786e+002  3.9200000e+000
  6.5100000e+000  2.2009546e+002  4.2200000e+000
  6.5400000e+000  2.2171264e+002  4.3300000e+000
  6.5700000e+000  2.2332977e+002  4.5500000e+000
  6.6000000e+000  2.2499718e+002  4.5200000e+000
  6.6100000e+000  2.2555894e+002  4.5700000e+000
  6.6300000e+000  2.2668396e+002  4.5900000e+000
  6.6600000e+000  2.2848087e+002  4.3400000e+000
  6.6900000e+000  2.3044014e+002  4.5100000e+000
  6.7200000e+000  2.3265443e+002  4.6400000e+000
  6.7500000e+000  2.3524517e+002  3.8600000e+000
  6.7800000e+000  2.3843163e+002  3.8300000e+000
  6.8100000e+000  2.4075040e+002  4.5200000e+000
  6.8400000e+000  2.4275131e+002  4.5600000e+000
  6.8700000e+000  2.4450279e+002  4.6200000e+000
  6.9000000e+000  2.4612039e+002  4.5500000e+000
  6.9300000e+000  2.4771166e+002  4.5800000e+000
  6.9900000e+000  2.5012679e+002  4.2700000e+000
  7.0200000e+000  2.5130626e+002  4.6600000e+000
  7.0500000e+000  2.5247345e+002  4.4000000e+000
  7.0800000e+000  2.5359652e+002  4.3500000e+000
  7.1100000e+000  2.5471959e+002  4.5100000e+000
  7.1400000e+000  2.5584290e+002  4.3900000e+000
  7.1700000e+000  2.5696635e+002  4.5400000e+000
  7.2000000e+000  2.5808981e+002  4.4800000e+000
  7.2600000e+000  2.6033671e+002  4.5200000e+000
  7.2900000e+000  2.6145999e+002  4.3800000e+000
  7.3200000e+000  2.6258306e+002  4.6900000e+000
  7.3500000e+000  2.6370612e+002  4.5500000e+000
  7.3800000e+000  2.6482953e+002  4.4300000e+000
  7.4100000e+000  2.6595298e+002  4.5500000e+000
  7.4400000e+000  2.6707633e+002  4.5800000e+000
  7.4700000e+000  2.6819939e+002  4.4800000e+000
  7.5000000e+000  2.6932246e+002  4.6300000e+000
  7.5300000e+000  2.7044580e+002  4.6600000e+000
  7.5600000e+000  2.7156925e+002  4.6900000e+000
  7.5900000e+000  2.7269893e+002  4.6300000e+000
  7.6200000e+000  2.7387852e+002  4.7100000e+000
  7.6500000e+000  2.7505811e+002  4.5200000e+000
  7.6800000e+000  2.7623769e+002  4.5700000e+000
  7.7100000e+000  2.7741701e+002  4.5100000e+000
  7.7400000e+000  2.7859619e+002  4.2400000e+000
  7.7700000e+000  2.7977538e+002  4.1100000e+000
  7.8000000e+000  2.8095462e+002  4.0100000e+000
  7.8300000e+000  2.8213409e+002  3.9900000e+000
  7.8600000e+000  2.8331357e+002  4.0400000e+000
  7.8900000e+000  2.8449304e+002  3.9500000e+000
  7.9200000e+000  2.8567260e+002  4.0300000e+000
  7.9500000e+000  2.8685218e+002  4.0200000e+000
  7.9800000e+000  2.8803177e+002  4.1000000e+000
  8.0100000e+000  2.8926420e+002  4.1200000e+000
  8.0400000e+000  2.9085072e+002  4.0700000e+000
  8.0700000e+000  2.9246856e+002  4.0500000e+000
  8.1000000e+000  2.9413492e+002  4.1500000e+000
  8.1300000e+000  2.9582077e+002  4.2400000e+000
  8.1600000e+000  2.9793944e+002  4.2000000e+000
  8.1900000e+000  3.0111412e+002  4.2500000e+000
  8.2200000e+000  3.0448407e+002  3.9500000e+000
  8.2500000e+000  3.0785316e+002  3.9600000e+000
  8.2800000e+000  3.1122404e+002  3.4200000e+000
  8.3100000e+000  3.1459351e+002  4.1300000e+000
  8.3400000e+000  3.1796360e+002  3.6500000e+000
  8.4000000e+000  3.2470287e+002  3.4600000e+000
  8.4300000e+000  3.2807292e+002  3.5100000e+000
  8.4900000e+000  3.3440262e+002  4.3800000e+000
  8.5200000e+000  3.3663356e+002  4.5700000e+000
  8.5500000e+000  3.3860872e+002  4.0500000e+000
  8.5800000e+000  3.4040640e+002  4.8600000e+000
  8.6100000e+000  3.4220337e+002  4.8900000e+000
  8.6400000e+000  3.4400076e+002  4.8100000e+000
  8.6700000e+000  3.4579818e+002  5.0100000e+000
  8.7000000e+000  3.4759512e+002  4.8800000e+000
  8.7300000e+000  3.4939280e+002  4.8600000e+000
  8.7600000e+000  3.5118990e+002  4.5700000e+000
  8.7900000e+000  3.5293655e+002  4.8700000e+000
  8.8200000e+000  3.5462151e+002  5.2100000e+000
  8.8500000e+000  3.5630629e+002  4.6100000e+000
  8.8800000e+000  3.5799100e+002  4.5500000e+000
  8.9400000e+000  3.6136133e+002  4.4300000e+000
  8.9700000e+000  3.6304571e+002  4.3500000e+000
  9.0300000e+000  3.6641588e+002  4.6200000e+000
  9.0600000e+000  3.6810069e+002  4.4800000e+000
  9.0900000e+000  3.6978543e+002  4.6700000e+000
  9.1400000e+000  3.7259369e+002  4.6200000e+000
  9.1800000e+000  3.7483997e+002  4.3600000e+000
  9.2400000e+000  3.7821034e+002  3.9300000e+000
  9.2700000e+000  3.7989533e+002  4.0400000e+000
  9.3000000e+000  3.8160317e+002  3.9200000e+000
  9.3300000e+000  3.8340008e+002  3.9500000e+000
  9.3600000e+000  3.8519698e+002  4.3000000e+000
  9.3900000e+000  3.8699437e+002  4.1100000e+000
  9.4200000e+000  3.8879180e+002  3.8700000e+000
  9.4500000e+000  3.9058873e+002  3.9300000e+000
  9.4600000e+000  3.9118795e+002  3.9400000e+000
  9.4800000e+000  3.9238641e+002  3.7700000e+000
  9.5100000e+000  3.9418352e+002  3.8000000e+000
  9.5300000e+000  3.9538154e+002  3.7900000e+000
  9.5400000e+000  3.9598077e+002  3.6400000e+000
  9.5700000e+000  3.9777833e+002  3.2700000e+000
  9.6000000e+000  3.9957524e+002  3.3500000e+000
  9.6300000e+000  4.0137281e+002  3.1900000e+000
  9.6600000e+000  4.0317005e+002  3.1400000e+000
  9.6900000e+000  4.0496696e+002  3.2600000e+000
  9.7200000e+000  4.0676387e+002  3.1000000e+000
  9.7500000e+000  4.0856153e+002  3.1300000e+000
  9.7800000e+000  4.1035868e+002  3.0000000e+000
  9.8100000e+000  4.1215589e+002  3.2200000e+000
  9.8400000e+000  4.1395350e+002  3.2900000e+000
  9.8700000e+000  4.1575041e+002  3.2900000e+000
  9.9000000e+000  4.1754793e+002  3.7200000e+000
  9.9300000e+000  4.1934522e+002  3.7300000e+000
  9.9600000e+000  4.2114230e+002  3.8700000e+000
  9.9900000e+000  4.2293998e+002  4.1000000e+000
  1.0020000e+001  4.2463323e+002  4.1300000e+000
  1.0030000e+001  4.2519480e+002  4.4900000e+000
  1.0050000e+001  4.2630437e+002  4.5500000e+000
  1.0080000e+001  4.2792122e+002  4.8400000e+000
  1.0100000e+001  4.2899911e+002  4.8000000e+000
  1.0110000e+001  4.2953478e+002  5.0400000e+000
  1.0140000e+001  4.3107589e+002  5.1100000e+000
  1.0170000e+001  4.3261699e+002  5.1800000e+000
  1.0200000e+001  4.3415303e+002  5.1100000e+000
  1.0230000e+001  4.3549969e+002  5.2300000e+000
  1.0260000e+001  4.3684770e+002  5.0900000e+000
  1.0290000e+001  4.3819743e+002  5.0700000e+000
  1.0320000e+001  4.3954517e+002  5.0300000e+000
  1.0350000e+001  4.4089183e+002  5.0100000e+000
  1.0370000e+001  4.4179167e+002  5.2100000e+000
  1.0380000e+001  4.4223859e+002  5.0800000e+000
  1.0410000e+001  4.4358860e+002  4.8700000e+000
  1.0440000e+001  4.4493731e+002  4.8900000e+000
  1.0470000e+001  4.4628397e+002  4.8800000e+000
  1.0500000e+001  4.4763063e+002  4.6900000e+000
  1.0520000e+001  4.4853140e+002  4.8000000e+000
  1.0530000e+001  4.4902885e+002  4.8400000e+000
  1.0590000e+001  4.5210766e+002  4.6100000e+000
  1.0620000e+001  4.5366545e+002  4.7700000e+000
  1.0650000e+001  4.5528480e+002  4.3200000e+000
  1.0680000e+001  4.5690903e+002  4.7800000e+000
  1.0710000e+001  4.5859204e+002  4.7100000e+000
  1.0740000e+001  4.6031492e+002  4.6500000e+000
  1.0770000e+001  4.6211182e+002  4.6100000e+000
  1.0800000e+001  4.6390873e+002  4.3800000e+000
  1.0850000e+001  4.6690458e+002  4.4400000e+000
  1.0890000e+001  4.6930059e+002  4.3700000e+000
  1.0920000e+001  4.7109827e+002  4.3100000e+000
  1.0950000e+001  4.7289527e+002  4.4600000e+000
  1.0980000e+001  4.7469263e+002  4.5700000e+000
  1.1010000e+001  4.7649008e+002  4.4100000e+000
  1.1040000e+001  4.7828699e+002  4.3300000e+000
  1.1070000e+001  4.8008467e+002  4.1800000e+000
  1.1100000e+001  4.8188180e+002  3.7700000e+000
  1.1130000e+001  4.8367871e+002  3.7900000e+000
  1.1180000e+001  4.8667417e+002  3.5800000e+000
  1.1220000e+001  4.8907043e+002  3.5400000e+000
  1.1250000e+001  4.9086776e+002  3.4600000e+000
  1.1280000e+001  4.9266525e+002  3.0900000e+000
  1.1310000e+001  4.9446215e+002  3.8100000e+000
  1.1340000e+001  4.9647770e+002  3.6000000e+000
  1.1370000e+001  4.9854812e+002  4.0200000e+000
  1.1400000e+001  5.0079426e+002  3.8800000e+000
  1.1430000e+001  5.0304111e+002  3.8800000e+000
  1.1460000e+001  5.0528802e+002  3.7900000e+000
  1.1490000e+001  5.0753466e+002  3.7300000e+000
  1.1520000e+001  5.0978084e+002  4.0700000e+000
  1.1550000e+001  5.1202774e+002  4.1700000e+000
  1.1580000e+001  5.1427406e+002  4.3000000e+000
  1.1610000e+001  5.1652056e+002  4.4100000e+000
  1.1640000e+001  5.1876733e+002  4.0600000e+000
  1.1670000e+001  5.2101346e+002  4.1600000e+000
  1.1700000e+001  5.2326028e+002  3.3300000e+000
  1.1730000e+001  5.2550673e+002  3.9500000e+000
  1.1740000e+001  5.2625544e+002  4.0200000e+000
  1.1790000e+001  5.3000000e+002  3.9500000e+000
