 -0.159791 0.173614 -0.166236 -1.68254 2.24171 1.63488 1.5267 0.485639 0.104314 -4.51378
 -0.878723 -0.479852 -0.117257 -1.33307 2.29589 1.38519 1.34199 0.482876 0.0947156 -4.51493
 -0.0498021 0.209175 -0.0080479 -0.901974 2.28895 1.14645 1.1639 0.480109 0.0851973 -4.51608
 -0.29266 -0.0669302 0.0461002 -0.416734 2.22622 0.918467 0.992336 0.477339 0.0757585 -4.51723
 -0.373115 -0.0604895 -0.0588751 0.0951824 2.11303 0.701055 0.827207 0.474564 0.0663992 -4.51838
 -0.107895 0.472071 -0.344656 0.606176 1.95472 0.494026 0.668423 0.471785 0.0571191 -4.51953
 -1.24854 -0.30228 -0.628255 1.08727 1.75662 0.297192 0.515894 0.469001 0.0479179 -4.52069
 -1.27835 -0.228653 -0.554446 1.50489 1.52406 0.110365 0.36953 0.466212 0.0387955 -4.52185
 -0.893593 -0.0956515 -0.000409503 1.81989 1.26238 -0.0666429 0.22924 0.463418 0.0297515 -4.52301
 -0.549601 0.0903911 0.614671 1.98981 0.97696 -0.234019 0.0949342 0.460618 0.0207859 -4.52417
 -0.489932 0.604868 0.734284 1.97973 0.673288 -0.391951 -0.0334779 0.457811 0.0118984 -4.52534
 -2.27597 0.0254051 0.326824 1.77921 0.357095 -0.540627 -0.156086 0.454998 0.00308875 -4.52651
 -4.43821 -0.805189 -0.0344072 1.40836 0.0344899 -0.680235 -0.272982 0.452178 -0.00564327 -4.52768
 -4.54069 0.0745277 0.061736 0.910682 -0.288139 -0.810962 -0.384254 0.449351 -0.0142979 -4.52885
 -5.01617 0.435103 0.296698 0.351752 -0.604269 -0.932996 -0.489994 0.446516 -0.0228753 -4.53003
 -6.45462 0.299519 0.157875 -0.192164 -0.907284 -1.04652 -0.590291 0.443673 -0.0313757 -4.5312
 -8.39505 -0.276709 -0.298258 -0.649305 -1.19048 -1.15174 -0.685236 0.440821 -0.0397994 -4.53239
 -9.36898 -0.225777 -0.592348 -0.96333 -1.44709 -1.24882 -0.77492 0.437961 -0.0481465 -4.53357
 -9.44981 0.105888 -0.462665 -1.102 -1.67044 -1.33796 -0.859431 0.435092 -0.0564174 -4.53475
 -9.49934 0.0268337 -0.0676494 -1.07491 -1.85439 -1.41934 -0.938862 0.432214 -0.0646121 -4.53594
 -9.34178 0.0187159 0.292602 -0.929132 -1.99414 -1.49316 -1.0133 0.429325 -0.072731 -4.53713
 -9.20375 -0.0453966 0.421756 -0.726698 -2.08668 -1.55961 -1.08284 0.426427 -0.0807742 -4.53833
 -9.12118 0.186995 0.282386 -0.522668 -2.13092 -1.61886 -1.14757 0.423517 -0.0887419 -4.53952
 -9.73468 -0.12047 -0.0161794 -0.350971 -2.12776 -1.6711 -1.20758 0.420597 -0.0966345 -4.54072
 -9.82346 -0.0743644 -0.248398 -0.22086 -2.07996 -1.71654 -1.26295 0.417666 -0.104452 -4.54192
 -9.63409 0.0755893 -0.262575 -0.129417 -1.99183 -1.75537 -1.31379 0.414723 -0.112195 -4.54312
 -9.53698 -0.105708 -0.0948493 -0.0708088 -1.86896 -1.78777 -1.36018 0.411769 -0.119863 -4.54433
 -9.14402 -0.0306368 0.114007 -0.0405209 -1.7178 -1.81394 -1.40221 0.408802 -0.127457 -4.54554
 -8.73347 0.19288 0.2228 -0.0359039 -1.54532 -1.8341 -1.43997 0.405822 -0.134977 -4.54675
 -8.95082 -0.103608 0.161162 -0.0502856 -1.35876 -1.84847 -1.47356 0.402829 -0.142423 -4.54796
 -8.9569 -0.0781785 0.0102832 -0.0655511 -1.16527 -1.85729 -1.50305 0.399823 -0.149795 -4.54917
 -8.7042 0.130619 -0.129604 -0.0577534 -0.971616 -1.86082 -1.52855 0.396803 -0.157094 -4.55039
 -8.73217 0.0144074 -0.21193 -0.0073248 -0.783809 -1.85936 -1.55013 0.393769 -0.16432 -4.55161
 -8.80387 -0.294515 -0.208323 0.0869893 -0.606918 -1.85323 -1.56791 0.39072 -0.171472 -4.55283
 -7.63938 0.554183 -0.134927 0.203209 -0.444926 -1.84279 -1.58195 0.387657 -0.178552 -4.55406
 -8.14333 -0.434292 0.0297157 0.301642 -0.300654 -1.82849 -1.59236 0.384579 -0.18556 -4.55528
 -7.52814 -0.235202 0.310799 0.339688 -0.175596 -1.81084 -1.59922 0.381484 -0.192495 -4.55651
 -6.54559 0.580719 0.489235 0.291902 -0.0696186 -1.79045 -1.60262 0.378375 -0.199358 -4.55775
 -7.24063 0.0437998 0.292182 0.162423 0.0192243 -1.76807 -1.60266 0.375248 -0.206149 -4.55898
 -8.13546 -0.365521 -0.135109 -0.00973032 0.0945149 -1.74452 -1.59942 0.372105 -0.212868 -4.56022
 -7.98603 0.168154 -0.400842 -0.168913 0.160859 -1.72068 -1.593 0.368946 -0.219516 -4.56146
 -8.50927 -0.358435 -0.391982 -0.26729 0.223022 -1.69742 -1.58348 0.365769 -0.226092 -4.5627
 -7.28801 0.665293 -0.285811 -0.284615 0.285223 -1.6756 -1.57096 0.362574 -0.232598 -4.56394
 -8.09255 -0.442008 -0.119059 -0.235823 0.350605 -1.65601 -1.55552 0.359361 -0.239033 -4.56519
 -7.52962 -0.41731 0.234473 -0.161238 0.421127 -1.63933 -1.53726 0.356129 -0.245397 -4.56644
 -6.14246 0.480838 0.587716 -0.103102 0.497434 -1.62612 -1.51626 0.352879 -0.251691 -4.56769
 -6.2744 0.363588 0.481069 -0.0846112 0.578644 -1.61678 -1.49262 0.34961 -0.257915 -4.56895
 -7.40003 -0.337315 -0.0791384 -0.10274 0.662159 -1.61151 -1.46642 0.346321 -0.264069 -4.5702
 -7.69522 -0.227122 -0.555898 -0.133093 0.743774 -1.6104 -1.43777 0.343013 -0.270153 -4.57146
 -7.21177 0.144797 -0.530787 -0.147183 0.818076 -1.61343 -1.40673 0.339684 -0.276168 -4.57272
 -7.17554 -0.323985 -0.0450197 -0.128063 0.879044 -1.62053 -1.37342 0.336335 -0.282113 -4.57399
 -6.00941 0.185001 0.494671 -0.0715272 0.920573 -1.63158 -1.33791 0.332965 -0.28799 -4.57525
 -5.53388 0.401002 0.58122 0.0218459 0.936947 -1.6464 -1.30029 0.329573 -0.293797 -4.57652
 -6.51029 -0.204761 0.0989656 0.148447 0.92351 -1.66477 -1.26067 0.32616 -0.299536 -4.57779
 -6.7705 -0.00801552 -0.499025 0.301311 0.876809 -1.68635 -1.21912 0.322725 -0.305207 -4.57907
 -7.19581 -0.350064 -0.670216 0.46566 0.794895 -1.71069 -1.17574 0.319267 -0.31081 -4.58034
 -6.2666 0.145962 -0.274873 0.613005 0.677829 -1.73722 -1.13061 0.315787 -0.316345 -4.58162
 -5.93835 -0.0774075 0.343817 0.697741 0.528126 -1.76526 -1.08383 0.312284 -0.321812 -4.5829
 -5.33176 0.401791 0.686832 0.672711 0.351097 -1.79408 -1.03548 0.308757 -0.327211 -4.58419
 -6.3324 -0.0511674 0.495804 0.512936 0.154952 -1.82294 -0.985666 0.305206 -0.332544 -4.58547
 -7.23833 -0.0338192 -0.0278273 0.238537 -0.0497505 -1.85107 -0.934463 0.301632 -0.337809 -4.58676
 -8.01344 0.123102 -0.406353 -0.0964662 -0.251315 -1.87771 -0.881964 0.298033 -0.343007 -4.58806
 -9.33518 -0.779344 -0.322874 -0.425249 -0.437779 -1.9021 -0.828259 0.294409 -0.348139 -4.58935
 -7.91893 0.717389 0.0268915 -0.682816 -0.597325 -1.92348 -0.773438 0.290759 -0.353205 -4.59065
 -8.72487 0.0215822 0.12865 -0.821783 -0.718994 -1.94108 -0.71759 0.287084 -0.358204 -4.59194
 -9.25984 -0.275744 -0.100896 -0.822928 -0.794252 -1.95415 -0.660809 0.283384 -0.363138 -4.59324
 -9.18119 -0.0671021 -0.31654 -0.693123 -0.819103 -1.96204 -0.603181 0.279656 -0.368005 -4.59455
 -8.46761 0.26548 -0.276173 -0.463165 -0.794476 -1.96438 -0.544782 0.275903 -0.372808 -4.59585
 -8.53785 -0.476978 -0.00151487 -0.184864 -0.724302 -1.96109 -0.485673 0.272122 -0.377545 -4.59716
 -7.29701 0.104525 0.273638 0.0808612 -0.613757 -1.95236 -0.425895 0.268314 -0.382217 -4.59847
 -6.13259 0.793835 0.278594 0.278061 -0.468674 -1.9386 -0.365485 0.264478 -0.386824 -4.59979
 -7.30622 -0.571947 0.0955887 0.367768 -0.295653 -1.92033 -0.30447 0.260614 -0.391366 -4.6011
 -7.29693 -0.728474 0.0889442 0.339405 -0.102522 -1.89815 -0.242877 0.256721 -0.395844 -4.60242
 -5.46701 0.767151 0.242713 0.215546 0.101621 -1.87266 -0.18073 0.2528 -0.400258 -4.60374
 -5.74566 0.504366 0.169914 0.0440004 0.306737 -1.84452 -0.118051 0.24885 -0.404609 -4.60507
 -7.2587 -0.840784 -0.137322 -0.115084 0.50252 -1.81435 -0.0548607 0.24487 -0.408895 -4.60639
 -6.17929 0.235602 -0.354327 -0.202643 0.679376 -1.78281 0.00882077 0.24086 -0.413118 -4.60772
 -6.12755 0.08637 -0.392959 -0.178155 0.829413 -1.75051 0.0729734 0.23682 -0.417277 -4.60905
 -5.85976 -0.0297355 -0.37091 -0.033496 0.94726 -1.71808 0.137575 0.232749 -0.421374 -4.61039
 -5.34235 0.111106 -0.294131 0.197541 1.03001 -1.68607 0.202596 0.228648 -0.425408 -4.61172
 -5.0158 -0.344598 -0.037898 0.446149 1.07627 -1.65495 0.267997 0.224515 -0.429379 -4.61306
 -3.94255 0.109703 0.383753 0.631558 1.08548 -1.62503 0.333716 0.220351 -0.433288 -4.6144
 -3.20912 0.359474 0.688779 0.684183 1.05796 -1.59647 0.399672 0.216155 -0.437134 -4.61575
 -4.01776 -0.327959 0.644314 0.568198 0.996228 -1.56918 0.465753 0.211926 -0.440919 -4.61709
 -4.13351 0.271671 0.268513 0.303465 0.905826 -1.54294 0.531826 0.207665 -0.444642 -4.61844
 -5.20875 0.10761 -0.241801 -0.0405864 0.79437 -1.51747 0.597737 0.203372 -0.448303 -4.61979
 -6.35324 -0.382699 -0.564694 -0.376074 0.670088 -1.49246 0.663321 0.199045 -0.451903 -4.62114
 -6.25877 -0.0793524 -0.48915 -0.622852 0.541131 -1.46753 0.728405 0.194686 -0.455442 -4.6225
 -5.92392 0.102591 -0.18366 -0.729851 0.414869 -1.44218 0.792812 0.190292 -0.458921 -4.62386
 -5.50662 0.343688 0.0173215 -0.685059 0.296546 -1.41565 0.856358 0.185866 -0.462338 -4.62522
 -6.06774 -0.384934 0.0220028 -0.514662 0.188068 -1.38683 0.918858 0.181405 -0.465695 -4.62658
 -5.37704 0.07742 0.0165821 -0.269326 0.0883111 -1.35427 0.980123 0.17691 -0.468992 -4.62795
 -5.12681 0.0292897 0.111408 -0.00667081 -0.00558074 -1.31628 1.03997 0.17238 -0.472229 -4.62932
 -4.80263 -0.0136854 0.220043 0.225459 -0.0976612 -1.27104 1.0982 0.167816 -0.475407 -4.63069
 -4.45802 0.0947447 0.217944 0.397782 -0.192877 -1.21678 1.15463 0.163217 -0.478525 -4.63206
 -4.65347 -0.0265204 0.0556011 0.502561 -0.296607 -1.15179 1.20908 0.158583 -0.481583 -4.63344
 -4.81762 -0.0302649 -0.173275 0.547543 -0.413892 -1.07456 1.26137 0.153914 -0.484583 -4.63482
 -4.89819 -0.00248306 -0.25519 0.547086 -0.54851 -0.983921 1.31133 0.149209 -0.487523 -4.6362
 -4.94454 -0.20417 -0.0664455 0.514045 -0.702052 -0.87923 1.35881 0.144468 -0.490405 -4.63758
 -4.46656 0.0823621 0.239085 0.457081 -0.87357 -0.760444 1.40366 0.139691 -0.493229 -4.63897
 -4.30437 0.241598 0.294717 0.382667 -1.05946 -0.628087 1.44575 0.134878 -0.495994 -4.64036
 -4.84152 0.180285 -0.0479386 0.293972 -1.25337 -0.483098 1.48496 0.130028 -0.498702 -4.64175
 -5.89298 -0.375381 -0.43017 0.188479 -1.44679 -0.326657 1.52119 0.125142 -0.501351 -4.64314
 -5.80889 -0.234255 -0.362244 0.0569663 -1.6297 -0.160058 1.5543 0.120218 -0.503944 -4.64454
 -5.1597 -0.0526241 0.163676 -0.112673 -1.79128 0.01535 1.58417 0.115257 -0.506478 -4.64594
 -4.61215 0.353271 0.573444 -0.327252 -1.92077 0.198188 1.61069 0.110259 -0.508956 -4.64734
 -4.61431 0.633772 0.385043 -0.579022 -2.00808 0.387056 1.63373 0.105223 -0.511377 -4.64874
 -6.35189 -0.446992 -0.162687 -0.833892 -2.04416 0.58052 1.65317 0.100149 -0.513741 -4.65015
 -6.90573 -0.797315 -0.437104 -1.04229 -2.02119 0.777058 1.66889 0.0950368 -0.516049 -4.65156
 -5.15598 0.651058 -0.251651 -1.1586 -1.93324 0.974984 1.68076 0.0898862 -0.518301 -4.65297
 -5.00023 0.1582 -0.0230968 -1.16046 -1.77789 1.17242 1.68867 0.084697 -0.520497 -4.65438
 -4.86283 -0.248805 0.0210704 -1.05066 -1.55695 1.3673 1.69249 0.0794688 -0.522637 -4.6558
 -4.04001 -0.157335 0.05172 -0.853607 -1.27588 1.55746 1.69211 0.0742015 -0.524721 -4.65722
 -2.9097 0.228032 0.100952 -0.604114 -0.942821 1.7407 1.6874 0.0688948 -0.52675 -4.65864
 -2.34025 0.00135739 0.0514371 -0.340015 -0.567661 1.91483 1.67824 0.0635485 -0.528724 -4.66006
 -1.80625 -0.120959 -0.0337218 -0.094032 -0.161326 2.07764 1.66452 0.0581623 -0.530643 -4.66149
 -1.12418 -0.194539 -0.0126565 0.107772 0.264588 2.22691 1.64612 0.0527361 -0.532508 -4.66292
 0.264628 0.379214 0.0682315 0.246181 0.697811 2.36044 1.62294 0.0472695 -0.534318 -4.66435
 0.304891 -0.0579142 0.0720808 0.310513 1.1252 2.476 1.59486 0.0417624 -0.536074 -4.66578
 0.754503 -0.124305 0.0508544 0.305551 1.53255 2.57135 1.56182 0.0362148 -0.537775 -4.66722
 1.43113 0.0795186 0.132605 0.258441 1.90471 2.64424 1.52373 0.0306264 -0.539424 -4.66866
 1.58062 -0.128529 0.275181 0.22181 2.22605 2.6924 1.48056 0.0249973 -0.541018 -4.6701
 1.97952 0.0598755 0.225947 0.262228 2.48178 2.71356 1.43229 0.0193275 -0.542559 -4.67154
 2.08368 0.316454 -0.206529 0.433796 2.65965 2.70552 1.37894 0.0136173 -0.544048 -4.67299
 1.52464 0.0799051 -0.84309 0.747698 2.75114 2.66644 1.32063 0.00786676 -0.545483 -4.67444
 0.917881 -0.590006 -1.09728 1.16465 2.75068 2.59562 1.25755 0.00207604 -0.546865 -4.67589
 2.08334 -0.165618 -0.521386 1.60416 2.65418 2.49413 1.18999 -0.00375466 -0.548195 -4.67734
 3.36015 0.150259 0.564873 1.95067 2.45951 2.36437 1.11825 -0.00962519 -0.549473 -4.6788
 3.99937 0.455142 1.33129 2.07939 2.16929 2.20924 1.04265 -0.0155354 -0.550699 -4.68026
 2.90032 0.258841 1.24773 1.89605 1.79412 2.03176 0.963512 -0.0214851 -0.551874 -4.68172
 0.516619 -0.224564 0.523785 1.40964 1.35213 1.83497 0.881156 -0.0274741 -0.552996 -4.68319
 -1.75618 -0.259665 -0.230116 0.709128 0.864947 1.62191 0.795903 -0.0335022 -0.554067 -4.68465
 -3.57794 -0.0633736 -0.621387 -0.0842634 0.354883 1.3956 0.708071 -0.0395694 -0.555088 -4.68612
 -4.75811 0.493246 -0.725418 -0.837924 -0.155717 1.1591 0.617981 -0.0456753 -0.556057 -4.68759
 -6.99137 -0.367321 -0.709218 -1.43647 -0.644509 0.915429 0.525954 -0.05182 -0.556975 -4.68907
 -7.73481 -0.110792 -0.533799 -1.80808 -1.08941 0.667628 0.432308 -0.0580031 -0.557844 -4.69055
 -8.22958 -0.0129151 -0.219114 -1.93013 -1.47036 0.418733 0.337366 -0.0642245 -0.558661 -4.69203
 -8.18242 0.279985 0.019241 -1.82509 -1.77258 0.17178 0.241446 -0.0704841 -0.559429 -4.69351
 -8.9856 -0.226226 0.0618288 -1.5477 -1.98822 -0.0702134 0.144868 -0.0767817 -0.560148 -4.69499
 -8.74808 0.10834 0.0352042 -1.1675 -2.11539 -0.304347 0.0479534 -0.0831171 -0.560816 -4.69648
 -8.9016 -0.144022 0.0639854 -0.752913 -2.15667 -0.528026 -0.0489783 -0.0894901 -0.561435 -4.69797
 -8.49149 0.0896388 0.152261 -0.362442 -2.11793 -0.739094 -0.145607 -0.0959007 -0.562005 -4.69946
 -8.33252 0.0870597 0.211439 -0.0333052 -2.00829 -0.93581 -0.241612 -0.102349 -0.562527 -4.70096
 -8.41126 -0.106072 0.169416 0.223108 -1.83982 -1.1168 -0.336675 -0.108834 -0.562999 -4.70246
 -8.23004 0.0624062 0.0308455 0.418323 -1.62724 -1.28098 -0.430474 -0.115356 -0.563423 -4.70396
 -8.3804 -0.0763689 -0.130788 0.573667 -1.38655 -1.42746 -0.522691 -0.121914 -0.563799 -4.70546
 -8.17719 0.0285549 -0.231707 0.70479 -1.13319 -1.55557 -0.613013 -0.12851 -0.564127 -4.70696
 -7.9262 0.112822 -0.215732 0.809351 -0.88028 -1.66474 -0.701137 -0.135142 -0.564407 -4.70847
 -8.12029 -0.357452 -0.0351485 0.866285 -0.63791 -1.75459 -0.786768 -0.14181 -0.564639 -4.70998
 -7.0092 0.435471 0.217717 0.845345 -0.413314 -1.82501 -0.869629 -0.148514 -0.564824 -4.71149
 -7.53126 -0.133251 0.347931 0.722956 -0.211157 -1.87624 -0.949452 -0.155255 -0.564962 -4.71301
 -7.69725 -0.0613314 0.308181 0.502059 -0.0335438 -1.90902 -1.02598 -0.162031 -0.565053 -4.71453
 -7.86318 -0.00487864 0.161348 0.21932 0.119452 -1.92446 -1.09898 -0.168843 -0.565098 -4.71605
 -8.30202 0.147286 -0.0722949 -0.0625759 0.248881 -1.92392 -1.16821 -0.17569 -0.565095 -4.71757
 -8.9176 -0.0781798 -0.342748 -0.277795 0.356596 -1.90893 -1.23346 -0.182573 -0.565047 -4.7191
 -9.08561 -0.0353912 -0.502865 -0.376449 0.445202 -1.88117 -1.29451 -0.189491 -0.564953 -4.72062
 -8.97046 -0.0816558 -0.401794 -0.345864 0.517482 -1.84245 -1.35118 -0.196443 -0.564812 -4.72216
 -8.82295 -0.418357 -0.0661296 -0.215794 0.57617 -1.79466 -1.40327 -0.203431 -0.564627 -4.72369
 -7.13018 0.761419 0.254757 -0.0462961 0.623512 -1.73967 -1.4506 -0.210453 -0.564395 -4.72522
 -7.48437 0.027661 0.35745 0.094405 0.661543 -1.67924 -1.49302 -0.217509 -0.564119 -4.72676
 -8.3027 -0.819718 0.36559 0.153516 0.69206 -1.61501 -1.53038 -0.2246 -0.563798 -4.7283
 -6.82037 0.61393 0.367722 0.115905 0.716315 -1.54843 -1.56256 -0.231724 -0.563432 -4.72985
 -7.46519 0.252305 0.144393 0.00849472 0.735108 -1.48076 -1.58944 -0.238882 -0.563022 -4.73139
 -8.5547 -0.318485 -0.301317 -0.113198 0.74891 -1.41311 -1.61094 -0.246073 -0.562567 -4.73294
 -8.55678 -0.075315 -0.571358 -0.192871 0.757707 -1.34631 -1.62702 -0.253296 -0.562068 -4.73449
 -8.32538 -0.00683592 -0.4022 -0.195696 0.760607 -1.28096 -1.63764 -0.26055 -0.561526 -4.73605
 -7.92981 -0.16539 0.0369247 -0.126808 0.755591 -1.21741 -1.64281 -0.267834 -0.560939 -4.7376
 -6.96782 0.337329 0.348512 -0.0220917 0.739887 -1.15577 -1.64257 -0.275147 -0.56031 -4.73916
 -7.08223 0.15045 0.278477 0.0725143 0.710501 -1.09599 -1.63701 -0.282487 -0.559637 -4.74073
 -7.62359 -0.152293 0.0437345 0.121264 0.664539 -1.03784 -1.62624 -0.289852 -0.558922 -4.74229
 -8.11905 -0.725457 0.0605438 0.113898 0.599602 -0.981002 -1.61045 -0.297238 -0.558163 -4.74386
 -6.3749 0.958731 0.222797 0.0722197 0.514151 -0.925015 -1.58982 -0.304643 -0.557363 -4.74543
 -7.7536 -0.252807 0.0787986 0.0343149 0.40773 -0.869384 -1.56456 -0.312063 -0.55652 -4.747
 -8.21525 -0.224655 -0.335332 0.0323215 0.281299 -0.813579 -1.53491 -0.319494 -0.555634 -4.74857
 -7.81956 0.406525 -0.579395 0.0773104 0.137434 -0.757062 -1.5011 -0.326932 -0.554707 -4.75015
 -8.79209 -0.798501 -0.304755 0.152384 -0.0197195 -0.699314 -1.46337 -0.334374 -0.553739 -4.75173
 -7.02403 0.328072 0.315876 0.214218 -0.184639 -0.639855 -1.42196 -0.341813 -0.552729 -4.75331
 -6.51728 0.581295 0.694613 0.211747 -0.350794 -0.57824 -1.3771 -0.349247 -0.551678 -4.7549
 -7.76699 -0.381076 0.513413 0.114453 -0.511046 -0.514078 -1.32905 -0.356672 -0.550586 -4.75648
 -8.14541 -0.0845026 0.0691431 -0.062932 -0.658057 -0.447035 -1.27803 -0.364081 -0.549453 -4.75807
 -8.58941 -0.0445493 -0.241131 -0.269227 -0.784795 -0.376854 -1.22429 -0.371472 -0.54828 -4.75967
 -8.76762 0.0370877 -0.349352 -0.430953 -0.884906 -0.303373 -1.16805 -0.37884 -0.547066 -4.76126
 -8.80714 0.0706664 -0.407369 -0.479881 -0.953146 -0.226553 -1.10955 -0.386181 -0.545813 -4.76286
 -8.75958 0.0340768 -0.495445 -0.38505 -0.98653 -0.14651 -1.04901 -0.393489 -0.544519 -4.76446
 -8.36427 -0.007761 -0.453219 -0.167846 -0.984992 -0.0635176 -0.98664 -0.40076 -0.543186 -4.76606
 -7.93157 -0.482124 -0.0309173 0.101127 -0.950529 0.0220213 -0.92265 -0.407991 -0.541814 -4.76767
 -6.35548 0.0336293 0.608497 0.330199 -0.885868 0.109604 -0.857242 -0.415176 -0.540402 -4.76928
 -4.82588 0.935502 0.878008 0.436283 -0.794051 0.198639 -0.790607 -0.42231 -0.538952 -4.77089
 -6.25457 -0.23474 0.468433 0.375753 -0.678262 0.288484 -0.722929 -0.42939 -0.537462 -4.7725
 -6.89618 -0.336625 -0.136172 0.177622 -0.54173 0.378466 -0.654388 -0.436411 -0.535934 -4.77412
 -7.31001 -0.637459 -0.312237 -0.0853099 -0.388043 0.467884 -0.585161 -0.443367 -0.534368 -4.77574
 -5.55858 0.859931 -0.190746 -0.317186 -0.22133 0.556028 -0.515424 -0.450255 -0.532764 -4.77736
 -6.31412 -0.00728973 -0.24952 -0.430501 -0.0459351 0.642181 -0.445354 -0.457069 -0.531122 -4.77898
 -6.62473 -0.4383 -0.467415 -0.376243 0.134027 0.725624 -0.375126 -0.463805 -0.529442 -4.78061
 -5.54808 0.154702 -0.527596 -0.161589 0.314937 0.805639 -0.304921 -0.470457 -0.527725 -4.78224
 -4.82624 0.0329111 -0.328863 0.154068 0.493854 0.881503 -0.234917 -0.477023 -0.525971 -4.78387
 -3.93576 -0.121987 0.0286659 0.482225 0.668337 0.952492 -0.165297 -0.483495 -0.52418 -4.7855
 -2.77528 0.0954764 0.416061 0.724607 0.836176 1.01788 -0.0962435 -0.48987 -0.522352 -4.78714
 -2.20199 0.0842958 0.698954 0.795902 0.995189 1.07695 -0.0279418 -0.496143 -0.520487 -4.78878
 -2.31217 -0.202868 0.749719 0.65523 1.14307 1.129 0.0394213 -0.50231 -0.518587 -4.79042
 -2.11207 0.360527 0.454854 0.328928 1.27771 1.17338 0.105658 -0.508365 -0.51665 -4.79206
 -3.25384 0.0810662 -0.141346 -0.0957927 1.39718 1.20954 0.170578 -0.514303 -0.514677 -4.79371
 -4.34122 -0.330521 -0.659289 -0.508258 1.49954 1.23703 0.233995 -0.520121 -0.512669 -4.79536
 -4.50158 -0.260237 -0.706445 -0.803499 1.58282 1.25558 0.295727 -0.525813 -0.510625 -4.79701
 -3.53367 0.297392 -0.368099 -0.913788 1.64522 1.26515 0.355601 -0.531375 -0.508546 -4.79867
 -3.18729 0.159226 -0.0538094 -0.82743 1.68499 1.26594 0.413458 -0.536802 -0.506432 -4.80033
 -3.07783 -0.216015 0.104845 -0.581779 1.70029 1.25839 0.469152 -0.542089 -0.504283 -4.80199
 -2.42862 -0.098071 0.247146 -0.241656 1.68861 1.24316 0.52255 -0.547233 -0.5021 -4.80365
 -1.8843 0.0672601 0.368998 0.126457 1.64652 1.22107 0.573525 -0.552228 -0.499882 -4.80531
 -1.38194 0.317474 0.277847 0.473064 1.56967 1.19302 0.621954 -0.55707 -0.497631 -4.80698
 -1.90513 -0.0791383 -0.0646075 0.770477 1.45299 1.15997 0.667719 -0.561754 -0.495345 -4.80865
 -2.3218 -0.172465 -0.356964 1.00362 1.29145 1.12295 0.710707 -0.566275 -0.493026 -4.81033
 -2.12178 -0.0133048 -0.288931 1.15646 1.08129 1.08296 0.750807 -0.57063 -0.490674 -4.812
 -2.15736 -0.280695 0.09287 1.20541 0.821732 1.041 0.787918 -0.574814 -0.488288 -4.81368
 -1.51159 0.504278 0.420483 1.12181 0.515894 0.998003 0.821942 -0.578822 -0.485869 -4.81536
 -2.63954 0.0130467 0.375599 0.891577 0.171019 0.954866 0.852786 -0.582651 -0.483417 -4.81705
 -3.72737 -0.0697872 0.0911695 0.530017 -0.20186 0.912472 0.880366 -0.586295 -0.480933 -4.81873
 -5.09109 -0.396601 -0.071222 0.0783707 -0.589085 0.871691 0.904605 -0.589751 -0.478417 -4.82042
 -5.24871 0.232378 -0.00114812 -0.399741 -0.975963 0.833379 0.925437 -0.593014 -0.475868 -4.82211
 -6.15651 0.0932994 0.0707512 -0.828158 -1.34751 0.798382 0.942807 -0.596082 -0.473288 -4.82381
 -7.11856 -0.0559092 -0.0764423 -1.13618 -1.68859 0.767526 0.956675 -0.59895 -0.470676 -4.8255
 -7.80628 0.0293485 -0.39915 -1.28032 -1.98393 0.741611 0.967019 -0.601614 -0.468032 -4.8272
 -8.30434 0.062877 -0.62059 -1.25897 -2.21883 0.721397 0.973835 -0.604073 -0.465358 -4.82891
 -8.46902 -0.408837 -0.40229 -1.11332 -2.38081 0.707577 0.977141 -0.606321 -0.462652 -4.83061
 -7.74961 -0.346131 0.232586 -0.92034 -2.46067 0.700723 0.976972 -0.608358 -0.459915 -4.83232
 -5.86204 0.850757 0.725575 -0.768107 -2.45233 0.701125 0.973383 -0.610181 -0.457148 -4.83403
 -6.51122 0.168542 0.580765 -0.724026 -2.35293 0.708539 0.966446 -0.611786 -0.454351 -4.83574
 -7.85265 -0.702831 0.0475247 -0.799743 -2.16469 0.722063 0.956249 -0.613174 -0.451524 -4.83746
 -7.56343 -0.191013 -0.295109 -0.957223 -1.89582 0.740436 0.942895 -0.614342 -0.448666 -4.83917
 -6.60562 0.61573 -0.321527 -1.13014 -1.55909 0.7623 0.926496 -0.615288 -0.445779 -4.84089
 -7.30121 -0.411094 -0.248348 -1.25123 -1.16971 0.786275 0.907169 -0.616011 -0.442863 -4.84262
 -6.11703 0.262834 -0.177122 -1.2746 -0.743532 0.810978 0.885032 -0.616511 -0.439917 -4.84434
 -5.90363 -0.156682 -0.0582441 -1.18326 -0.29616 0.835022 0.860211 -0.616785 -0.436943 -4.84607
 -4.84337 0.00593125 0.153024 -0.981013 0.157405 0.857021 0.832829 -0.616833 -0.43394 -4.8478
 -3.95983 -0.0497356 0.354538 -0.67594 0.602467 0.875584 0.803014 -0.616654 -0.430908 -4.84954
 -3.01489 0.0986344 0.337051 -0.272036 1.02425 0.88932 0.770898 -0.616246 -0.427848 -4.85127
 -2.51342 0.193325 -0.0515784 0.224992 1.40786 0.896839 0.736612 -0.61561 -0.42476 -4.85301
 -2.50677 -0.145121 -0.659979 0.78915 1.73868 0.896753 0.700291 -0.614743 -0.421644 -4.85475
 -1.93503 0.111861 -1.01562 1.36303 2.0026 0.887684 0.662075 -0.613644 -0.4185 -4.8565
 -1.41616 -0.334819 -0.676291 1.86717 2.18621 0.868284 0.62211 -0.612314 -0.415329 -4.85825
 -0.0903208 -0.423963 0.314644 2.20948 2.2768 0.837327 0.580548 -0.61075 -0.412131 -4.86
 1.93153 0.673791 1.29414 2.29485 2.26476 0.794051 0.537549 -0.608952 -0.408906 -4.86175
 1.24193 0.273676 1.45781 2.04756 2.15053 0.738584 0.493272 -0.606919 -0.405655 -4.8635
 -0.626671 0.0509793 0.67195 1.48247 1.9481 0.671624 0.447877 -0.60465 -0.402377 -4.86526
 -3.21006 -0.22419 -0.469587 0.715633 1.67647 0.594031 0.401523 -0.602145 -0.399073 -4.86702
 -5.00189 -0.0135896 -1.20564 -0.107103 1.35524 0.506692 0.354366 -0.599402 -0.395743 -4.86878
 -6.80181 -0.703096 -1.0818 -0.847961 1.00403 0.410506 0.306562 -0.59642 -0.392387 -4.87055
 -5.92483 0.513784 -0.353275 -1.40846 0.642404 0.306374 0.258269 -0.593199 -0.389006 -4.87232
 -6.34712 0.303236 0.253219 -1.7372 0.289508 0.195199 0.209641 -0.589737 -0.3856 -4.87409
 -7.43301 -0.320959 0.359737 -1.83002 -0.0369194 0.0778889 0.160831 -0.586035 -0.382168 -4.87586
 -7.49881 0.19086 0.141886 -1.7271 -0.322149 -0.0446474 0.111991 -0.582091 -0.378712 -4.87764
 -8.2453 -0.224594 -0.0655734 -1.48735 -0.555791 -0.171494 0.0632681 -0.577904 -0.375232 -4.87942
 -8.14735 -0.110115 -0.0847608 -1.16545 -0.732135 -0.301716 0.0148109 -0.573473 -0.371727 -4.8812
 -7.62478 0.345219 -0.0172288 -0.806267 -0.849464 -0.434302 -0.0332359 -0.568798 -0.368198 -4.88298
 -7.81252 -0.0346804 -0.00678916 -0.447813 -0.909587 -0.568088 -0.0807286 -0.563878 -0.364646 -4.88477
 -7.95735 -0.299814 0.0287938 -0.12449 -0.917366 -0.701742 -0.127526 -0.558711 -0.36107 -4.88656
 -7.36888 0.00226773 0.158017 0.13975 -0.880731 -0.833789 -0.173486 -0.553298 -0.357471 -4.88835
 -6.81664 0.424586 0.215018 0.338004 -0.810479 -0.962656 -0.218472 -0.547638 -0.353849 -4.89014
 -7.44948 -0.124514 0.0470184 0.479269 -0.719564 -1.0867 -0.262345 -0.541729 -0.350205 -4.89194
 -7.72327 -0.202718 -0.199627 0.583917 -0.621731 -1.20425 -0.304966 -0.53557 -0.346538 -4.89374
 -7.36589 0.243624 -0.300573 0.671973 -0.530024 -1.31364 -0.346202 -0.529162 -0.342849 -4.89554
 -7.83261 -0.391316 -0.166962 0.749793 -0.455279 -1.41325 -0.385915 -0.522503 -0.339139 -4.89735
 -7.0972 0.0854498 0.118862 0.803474 -0.40519 -1.50159 -0.423972 -0.515593 -0.335407 -4.89916
 -6.7446 0.263403 0.320047 0.808902 -0.383881 -1.57746 -0.460243 -0.508431 -0.331654 -4.90097
 -7.22341 0.00577663 0.259303 0.746341 -0.391851 -1.64012 -0.4946 -0.501017 -0.32788 -4.90278
 -7.87979 -0.145909 0.0395735 0.614143 -0.425921 -1.68933 -0.526926 -0.493349 -0.324085 -4.9046
 -8.11872 0.0374207 -0.123129 0.428012 -0.479795 -1.72529 -0.55712 -0.485429 -0.32027 -4.90642
 -8.56852 -0.0417324 -0.135505 0.217095 -0.545203 -1.74844 -0.585103 -0.477254 -0.316436 -4.90824
 -8.70245 0.0238883 -0.0628607 0.0146074 -0.612701 -1.75936 -0.610825 -0.468825 -0.312581 -4.91006
 -8.84385 0.0592652 -0.0210779 -0.154806 -0.672372 -1.75872 -0.634256 -0.460142 -0.308707 -4.91189
 -9.08218 0.0193267 -0.0494001 -0.278488 -0.714388 -1.74724 -0.655385 -0.451205 -0.304815 -4.91372
 -9.31392 -0.0822115 -0.08585 -0.355835 -0.730009 -1.72571 -0.674215 -0.442014 -0.300903 -4.91555
 -9.16902 0.00382656 -0.0421781 -0.396234 -0.712429 -1.69493 -0.690754 -0.432571 -0.296973 -4.91738
 -9.03048 -0.0153773 0.0727359 -0.413329 -0.657282 -1.65581 -0.705013 -0.422878 -0.293026 -4.91922
 -8.84788 -0.0847519 0.15261 -0.417163 -0.563024 -1.60923 -0.717004 -0.412939 -0.28906 -4.92106
 -8.33046 0.33129 0.093941 -0.411314 -0.431074 -1.55608 -0.726739 -0.402756 -0.285077 -4.92291
 -8.81853 -0.29327 -0.0770412 -0.393801 -0.265786 -1.49715 -0.734231 -0.392335 -0.281077 -4.92475
 -8.14178 0.225141 -0.1782 -0.359265 -0.073791 -1.43318 -0.739492 -0.381681 -0.27706 -4.9266
 -8.34338 -0.405573 -0.0915796 -0.304245 0.136398 -1.36492 -0.742533 -0.370803 -0.273026 -4.92845
 -7.03412 0.369862 0.0612062 -0.23002 0.355018 -1.29308 -0.743368 -0.359705 -0.268976 -4.9303
 -7.02832 -0.0239318 0.103201 -0.140779 0.571486 -1.2184 -0.742011 -0.348396 -0.264911 -4.93216
 -6.86992 -0.21507 0.0679184 -0.039827 0.774842 -1.14159 -0.738483 -0.336883 -0.260829 -4.93402
 -6.19088 0.117759 0.0334463 0.0734277 0.954115 -1.06339 -0.732803 -0.325173 -0.256733 -4.93588
 -5.84257 0.118548 -0.0271666 0.202342 1.09888 -0.984536 -0.725001 -0.313275 -0.252621 -4.93774
 -5.80432 -0.116877 -0.121389 0.347278 1.19989 -0.905736 -0.715113 -0.301195 -0.248495 -4.93961
 -5.34621 0.0430544 -0.180235 0.497237 1.24979 -0.827638 -0.703188 -0.288943 -0.244355 -4.94148
 -5.29318 -0.0470043 -0.153217 0.626973 1.24382 -0.750713 -0.689297 -0.276524 -0.240201 -4.94335
 -4.82535 0.106249 -0.00220323 0.699096 1.18039 -0.675161 -0.673537 -0.263948 -0.236033 -4.94523
 -5.03073 -0.350665 0.278033 0.675983 1.0617 -0.600912 -0.656026 -0.251222 -0.231851 -4.9471
 -4.27024 0.412306 0.496221 0.536182 0.894101 -0.52767 -0.636905 -0.238354 -0.227657 -4.94899
 -5.12512 0.0552324 0.357102 0.288887 0.687421 -0.455027 -0.616325 -0.225352 -0.223449 -4.95087
 -6.10871 -0.128662 -0.0842267 -0.0185543 0.453479 -0.382526 -0.594448 -0.212223 -0.21923 -4.95275
 -6.78917 -0.00386424 -0.457252 -0.317731 0.204733 -0.309701 -0.571443 -0.198976 -0.214998 -4.95464
 -7.25895 -0.104582 -0.453473 -0.54522 -0.0464676 -0.236078 -0.547483 -0.185619 -0.210754 -4.95653
 -7.58061 -0.465293 -0.0979201 -0.664836 -0.288608 -0.161167 -0.522741 -0.172158 -0.206499 -4.95843
 -5.96417 0.879566 0.218932 -0.673354 -0.51192 -0.0844452 -0.497394 -0.158602 -0.202232 -4.96032
 -7.06933 -0.208776 0.180642 -0.590195 -0.70931 -0.00533544 -0.471619 -0.14496 -0.197955 -4.96222
 -7.51584 -0.604431 0.0385128 -0.444838 -0.877024 0.0768161 -0.445588 -0.131237 -0.193667 -4.96412
 -6.67716 0.045073 0.0618811 -0.261101 -1.01465 0.162744 -0.419476 -0.117443 -0.189369 -4.96603
 -5.82912 0.696506 0.0397328 -0.0562134 -1.12433 0.253239 -0.393451 -0.103586 -0.185061 -4.96794
 -6.6893 -0.196511 -0.202609 0.151053 -1.2095 0.349121 -0.367675 -0.0896719 -0.180743 -4.96985
 -6.78486 -0.377295 -0.346164 0.333445 -1.27414 0.451181 -0.342301 -0.0757098 -0.176416 -4.97176
 -5.93248 0.00629397 -0.0645429 0.455356 -1.32215 0.560114 -0.317469 -0.0617071 -0.17208 -4.97367
 -5.28136 -0.0511802 0.425885 0.480315 -1.35715 0.676437 -0.293297 -0.0476714 -0.167735 -4.97559
 -4.6861 0.365982 0.598021 0.38648 -1.38229 0.800442 -0.269879 -0.0336105 -0.163382 -4.97751
 -5.13292 0.316223 0.231992 0.187923 -1.40007 0.932141 -0.247282 -0.019532 -0.159021 -4.97944
 -6.79737 -0.702787 -0.291762 -0.0572195 -1.41219 1.07122 -0.225548 -0.00544362 -0.154651 -4.98136
 -6.19623 0.0499269 -0.46149 -0.27253 -1.41954 1.21705 -0.204704 0.00864705 -0.150275 -4.98329
 -5.73784 0.330138 -0.325612 -0.385965 -1.42208 1.36872 -0.184769 0.0227323 -0.145891 -4.98522
 -5.78184 -0.0313048 -0.222502 -0.356586 -1.41847 1.52501 -0.165757 0.0368044 -0.1415 -4.98716
 -5.41325 -0.0979559 -0.226234 -0.192629 -1.40552 1.68442 -0.147682 0.0508558 -0.137103 -4.9891
 -4.89265 -0.0345487 -0.191826 0.0494444 -1.37854 1.84528 -0.130559 0.0648787 -0.132699 -4.99103
 -4.15712 0.0569144 0.00439231 0.282334 -1.33225 2.00574 -0.114402 0.0788655 -0.12829 -4.99298
 -3.45488 -0.0189224 0.348918 0.416124 -1.26132 2.1639 -0.0992236 0.0928084 -0.123875 -4.99492
 -3.16955 -0.269358 0.692122 0.384158 -1.16102 2.31781 -0.0850385 0.1067 -0.119454 -4.99687
 -2.16183 0.560739 0.738852 0.165881 -1.02808 2.46551 -0.0718598 0.120531 -0.115029 -4.99882
 -3.23784 -0.0823685 0.29635 -0.195526 -0.860952 2.60501 -0.0597003 0.134296 -0.110599 -5.00077
 -3.89784 0.023986 -0.37875 -0.601002 -0.65963 2.73438 -0.0485722 0.147985 -0.106164 -5.00273
 -4.61273 -0.322721 -0.794986 -0.935955 -0.425213 2.85173 -0.0384868 0.161591 -0.101725 -5.00469
 -4.0459 -0.0595422 -0.682114 -1.11145 -0.159728 2.95524 -0.0294544 0.175106 -0.0972828 -5.00665
 -2.86484 0.241466 -0.223034 -1.1008 0.133004 3.04316 -0.0214829 0.188522 -0.0928368 -5.00861
 -2.07318 -0.00181879 0.196439 -0.936512 0.446468 3.11381 -0.0145783 0.201832 -0.0883875 -5.01058
 -1.24331 -0.0070364 0.386145 -0.684883 0.772746 3.16551 -0.0087442 0.215027 -0.0839354 -5.01255
 -0.472351 0.110586 0.400134 -0.421759 1.10326 3.19661 -0.00398405 0.2281 -0.0794807 -5.01452
 -0.245463 -0.244054 0.374366 -0.204139 1.42824 3.20548 -0.000302274 0.241045 -0.0750237 -5.0165
 0.692951 0.271668 0.346457 -0.0475484 1.73538 3.19047 0.00229392 0.253855 -0.0705647 -5.01848
 0.455145 -0.190264 0.236145 0.0808294 2.00948 3.14998 0.00379791 0.266524 -0.066104 -5.02046
 0.860006 0.0845917 -0.0151679 0.24321 2.23392 3.08249 0.00421443 0.279046 -0.0616419 -5.02244
 0.702514 0.0845179 -0.46873 0.496574 2.39298 2.98663 0.0035735 0.291415 -0.0571788 -5.02443
 0.720715 0.258752 -0.947244 0.860387 2.47428 2.8614 0.00193488 0.303626 -0.052715 -5.02642
 0.133341 -0.631224 -0.942039 1.29817 2.46969 2.70661 -0.000621667 0.315673 -0.0482506 -5.02841
 1.2885 -0.382705 -0.169016 1.72342 2.37377 2.52333 -0.00400807 0.327552 -0.0437862 -5.0304
 3.11597 0.502069 0.869466 2.01598 2.18365 2.31378 -0.00813445 0.339258 -0.0393218 -5.0324
 3.16634 0.580448 1.30632 2.05478 1.90186 2.08072 -0.0129108 0.350784 -0.034858 -5.0344
 1.34654 0.0346177 0.861639 1.7734 1.53992 1.82703 -0.0182472 0.362128 -0.0303949 -5.0364
 -1.24008 -0.480168 0.0926277 1.21155 1.11661 1.55561 -0.0240537 0.373283 -0.0259328 -5.0384
 -2.78903 -0.159829 -0.341894 0.460925 0.653128 1.26935 -0.0302405 0.384245 -0.0214721 -5.04041
 -4.10509 0.169989 -0.354004 -0.359765 0.171005 0.97114 -0.0367179 0.395009 -0.0170131 -5.04242
 -5.75062 0.00947599 -0.307409 -1.11664 -0.308235 0.663882 -0.0433961 0.405571 -0.012556 -5.04444
 -6.93645 0.321836 -0.453979 -1.69281 -0.763108 0.350466 -0.0501855 0.415926 -0.00810116 -5.04645
 -8.83193 -0.310001 -0.6359 -2.01704 -1.17265 0.0337857 -0.0569965 0.426069 -0.00364888 -5.04847
 -9.28878 -0.166405 -0.547763 -2.0657 -1.51854 -0.283265 -0.0637396 0.435997 0.00080055 -5.05049
 -8.93101 0.156248 -0.19407 -1.85862 -1.78869 -0.5978 -0.0703253 0.445705 0.00524684 -5.05252
 -8.79337 0.0706148 0.141292 -1.45306 -1.97901 -0.907004 -0.0766643 0.455188 0.00968971 -5.05454
 -8.68313 -0.00348553 0.244178 -0.925076 -2.09128 -1.20826 -0.0826671 0.464443 0.0141288 -5.05657
 -8.50587 -0.0194582 0.146964 -0.354208 -2.13047 -1.49926 -0.0882444 0.473465 0.018564 -5.05861
 -8.19247 0.0930789 0.0152748 0.186924 -2.1034 -1.77796 -0.0933068 0.482249 0.0229948 -5.06064
 -8.36497 -0.336325 -0.00160084 0.640362 -2.01809 -2.04264 -0.0977652 0.490793 0.0274211 -5.06268
 -7.48729 0.279367 0.078586 0.96772 -1.88344 -2.29183 -0.10153 0.499092 0.0318425 -5.06472
 -7.47401 0.134315 0.111758 1.14649 -1.70911 -2.5243 -0.104513 0.507141 0.0362587 -5.06676
 -7.80376 -0.216055 0.0863377 1.16821 -1.50499 -2.73901 -0.106624 0.514938 0.0406695 -5.06881
 -7.84203 -0.177297 0.116957 1.04238 -1.2808 -2.93515 -0.107777 0.522477 0.0450746 -5.07086
 -7.60071 0.240733 0.170047 0.797105 -1.04608 -3.11212 -0.107887 0.529755 0.0494737 -5.07291
 -7.91385 0.18741 0.0872083 0.478999 -0.809791 -3.26961 -0.10687 0.536769 0.0538666 -5.07496
 -8.81403 -0.287587 -0.103032 0.147416 -0.580066 -3.40748 -0.104653 0.543514 0.0582528 -5.07702
 -8.73067 0.0548936 -0.201436 -0.137172 -0.364005 -3.52573 -0.101167 0.549986 0.0626323 -5.07908
 -8.71063 0.0986667 -0.160626 -0.327016 -0.167046 -3.62452 -0.0963502 0.556183 0.0670047 -5.08114
 -8.88969 -0.135405 -0.0897824 -0.399261 0.00754703 -3.70417 -0.0901539 0.562099 0.0713697 -5.08321
 -8.50431 0.0671524 -0.06342 -0.359842 0.158541 -3.76513 -0.0825375 0.567733 0.075727 -5.08528
 -8.16444 0.200131 -0.0657717 -0.240655 0.286458 -3.80801 -0.0734684 0.573079 0.0800765 -5.08735
 -8.21168 -0.268342 0.0147969 -0.0913222 0.392868 -3.83347 -0.0629234 0.578136 0.0844178 -5.08942
 -7.70774 -0.134077 0.202694 0.0372481 0.479746 -3.84226 -0.0508897 0.582899 0.0887507 -5.0915
 -6.92177 0.449888 0.303213 0.109037 0.549137 -3.8352 -0.0373659 0.587365 0.093075 -5.09358
 -7.44709 -0.0690246 0.161808 0.111462 0.602766 -3.81316 -0.0223632 0.591533 0.0973903 -5.09566
 -7.81064 -0.298006 -0.0564068 0.0604374 0.642074 -3.77702 -0.00590597 0.595398 0.101696 -5.09775
 -7.48493 0.0672759 -0.141086 -0.00776327 0.668532 -3.72764 0.0119706 0.598958 0.105993 -5.09983
 -7.51801 0.0728563 -0.154322 -0.0505284 0.683658 -3.66583 0.0312212 0.602212 0.11028 -5.10192
 -7.28904 0.249063 -0.257712 -0.0412284 0.688838 -3.59232 0.0517908 0.605156 0.114557 -5.10402
 -7.80414 -0.340888 -0.340428 0.0156468 0.685076 -3.50773 0.0736169 0.607791 0.118824 -5.10611
 -7.05456 0.0247634 -0.157139 0.0886618 0.672785 -3.41254 0.0966298 0.610116 0.123081 -5.10821
 -6.43963 -0.00347265 0.279686 0.132252 0.651987 -3.30712 0.120753 0.61213 0.127327 -5.11031
 -6.23722 -0.1895 0.648439 0.106663 0.622641 -3.19172 0.145904 0.613835 0.131562 -5.11242
 -5.50641 0.659529 0.569059 -0.000532834 0.584716 -3.06647 0.171995 0.61523 0.135786 -5.11452
 -6.79999 -0.11412 0.0189723 -0.162372 0.537889 -2.93143 0.198935 0.616319 0.139999 -5.11663
 -7.73209 -0.561709 -0.510501 -0.318161 0.481381 -2.78654 0.226626 0.617102 0.1442 -5.11875
 -7.23128 0.0972693 -0.602109 -0.402277 0.414085 -2.63167 0.25497 0.61758 0.148389 -5.12086
 -6.56703 0.370157 -0.370953 -0.373587 0.334644 -2.46668 0.283864 0.617757 0.152567 -5.12298
 -6.51714 -0.137349 -0.0926777 -0.230322 0.241698 -2.29139 0.313205 0.617634 0.156732 -5.1251
 -5.95596 -0.100717 0.176349 -0.00789842 0.134425 -2.10573 0.34289 0.617214 0.160885 -5.12722
 -5.18677 0.0488129 0.415691 0.240173 0.0127406 -1.90969 0.372813 0.616499 0.165026 -5.12935
 -4.90019 -0.0977785 0.458754 0.462765 -0.122826 -1.7034 0.402871 0.61549 0.169153 -5.13148
 -4.44253 0.510449 0.149046 0.619972 -0.270792 -1.48707 0.432961 0.614192 0.173268 -5.13361
 -5.41894 -0.178253 -0.345742 0.684642 -0.42816 -1.26103 0.462983 0.612606 0.17737 -5.13574
 -5.8134 -0.510144 -0.506304 0.642343 -0.589734 -1.02575 0.492837 0.610736 0.181458 -5.13788
 -4.91245 0.0119509 -0.0637372 0.490558 -0.748031 -0.781765 0.522425 0.608583 0.185533 -5.14002
 -4.37812 0.078624 0.557666 0.241974 -0.894058 -0.529707 0.551649 0.60615 0.189594 -5.14216
 -3.76327 0.701351 0.663003 -0.0765353 -1.01824 -0.270274 0.580413 0.603441 0.193641 -5.14431
 -5.37447 -0.190811 0.119786 -0.41509 -1.11127 -0.0042453 0.608622 0.600459 0.197674 -5.14646
 -6.31814 -0.518321 -0.475496 -0.702902 -1.16447 0.26751 0.636184 0.597205 0.201692 -5.14861
 -5.86028 -0.0754446 -0.602956 -0.870319 -1.17048 0.543962 0.663006 0.593684 0.205697 -5.15076
 -4.81955 0.372819 -0.356867 -0.881053 -1.12476 0.823812 0.688997 0.589898 0.209686 -5.15292
 -4.48465 -0.140755 -0.0552633 -0.744275 -1.02726 1.10546 0.714066 0.58585 0.213661 -5.15508
 -3.50117 -0.0611571 0.149521 -0.505391 -0.88217 1.38705 0.738121 0.581544 0.217621 -5.15724
 -2.50712 0.0781505 0.24303 -0.227751 -0.696178 1.66651 0.761071 0.576984 0.221566 -5.15941
 -1.77521 0.0548976 0.239835 0.0287762 -0.477404 1.94175 0.782823 0.572172 0.225495 -5.16158
 -1.29032 -0.0991107 0.171039 0.224788 -0.23518 2.21062 0.803287 0.567112 0.229409 -5.16375
 -0.503285 0.149834 0.0571795 0.348352 0.0201152 2.47097 0.822369 0.561809 0.233307 -5.16592
 -0.31434 -0.111406 -0.0751623 0.408573 0.27749 2.72068 0.839979 0.556267 0.237189 -5.1681
 0.23076 0.022507 -0.153201 0.427128 0.525925 2.95758 0.856023 0.550489 0.241055 -5.17028
 0.70592 -0.0373371 -0.115378 0.427655 0.755208 3.17955 0.870409 0.54448 0.244906 -5.17246
 1.28437 -0.0119361 0.0168276 0.427195 0.956596 3.38443 0.883045 0.538245 0.248739 -5.17464
 1.67643 -0.0356745 0.116654 0.431987 1.12332 3.57011 0.893838 0.531789 0.252556 -5.17683
 2.20723 0.205494 0.061754 0.440065 1.25114 3.73445 0.902696 0.525117 0.256357 -5.17902
 2.04876 -0.0635284 -0.0937422 0.444732 1.33866 3.87538 0.909525 0.518236 0.260141 -5.18121
 1.95464 -0.200339 -0.152255 0.435008 1.38709 3.99091 0.914236 0.51115 0.263907 -5.18341
 2.36896 0.0381251 -0.0335821 0.39758 1.39984 4.07932 0.916741 0.503867 0.267657 -5.18561
 2.65549 0.226465 0.114534 0.318469 1.38224 4.13931 0.916956 0.496392 0.271389 -5.18781
 2.20264 -0.111221 0.150427 0.187669 1.34119 4.16996 0.914813 0.488732 0.275104 -5.19002
 1.978 -0.074552 0.132166 0.00804198 1.28443 4.17071 0.910269 0.480894 0.278802 -5.19222
 1.67266 -0.0202089 0.117299 -0.198842 1.21967 4.1413 0.903315 0.472884 0.282481 -5.19443
 1.5341 0.248665 0.0222806 -0.398761 1.15404 4.08171 0.893985 0.464711 0.286143 -5.19665
 0.62976 -0.16127 -0.158223 -0.553057 1.09358 3.99218 0.88234 0.45638 0.289787 -5.19886
 0.359495 -0.08513 -0.273415 -0.631382 1.0429 3.8733 0.868461 0.4479 0.293413 -5.20108
 0.347193 0.0604318 -0.210977 -0.62244 1.00464 3.72603 0.852434 0.439279 0.297021 -5.2033
 0.329549 -0.0318149 -0.0152712 -0.540051 0.978882 3.55179 0.834349 0.430523 0.30061 -5.20552
 0.337057 -0.0648401 0.191091 -0.415403 0.963212 3.35242 0.814296 0.42164 0.30418 -5.20775
 0.546893 0.138234 0.293685 -0.280106 0.953178 3.13008 0.792369 0.412638 0.307733 -5.20998
 0.24787 0.00274988 0.273101 -0.15306 0.942333 2.88716 0.768658 0.403524 0.311266 -5.21221
 -0.29785 -0.254593 0.178566 -0.0323229 0.922454 2.6262 0.743254 0.394305 0.31478 -5.21445
 -0.374807 0.175747 -0.0106011 0.102127 0.884466 2.34979 0.71625 0.38499 0.318276 -5.21669
 -0.88078 0.210012 -0.35446 0.273218 0.819598 2.06053 0.687737 0.375584 0.321752 -5.21893
 -1.68107 -0.0786394 -0.685619 0.484596 0.720527 1.76098 0.657806 0.366096 0.32521 -5.22117
 -2.02515 -0.352737 -0.591924 0.707201 0.582594 1.45363 0.626549 0.356533 0.328648 -5.22342
 -1.79054 -0.349342 0.0580905 0.882569 0.404116 1.14088 0.594058 0.346902 0.332066 -5.22567
 -0.489 0.786779 0.762022 0.94296 0.186515 0.825002 0.560425 0.337209 0.335465 -5.22792
 -2.16803 -0.264279 0.915046 0.838312 -0.0650284 0.508213 0.525741 0.327463 0.338844 -5.23018
 -3.04996 0.148568 0.506172 0.570237 -0.340883 0.192675 0.490098 0.317669 0.342204 -5.23243
 -4.91218 -0.172589 -0.0859956 0.195366 -0.628623 -0.119457 0.453589 0.307835 0.345544 -5.23469
 -6.29578 0.00377897 -0.535473 -0.200662 -0.91496 -0.426029 0.416306 0.297967 0.348864 -5.23696
 -7.263 0.0397241 -0.689921 -0.529656 -1.18646 -0.724888 0.378342 0.288072 0.352163 -5.23922
 -8.15069 -0.0957745 -0.550753 -0.727506 -1.42981 -1.01388 0.339787 0.278156 0.355443 -5.24149
 -8.18586 0.0594401 -0.223558 -0.778939 -1.63229 -1.29086 0.300736 0.268225 0.358702 -5.24377
 -8.26862 0.041969 0.132041 -0.716405 -1.78283 -1.5537 0.26128 0.258285 0.361941 -5.24604
 -8.38751 -0.0929138 0.381296 -0.597696 -1.87287 -1.80034 0.221513 0.248343 0.36516 -5.24832
 -8.31525 0.131469 0.413449 -0.48017 -1.89698 -2.02897 0.181524 0.238405 0.368358 -5.2506
 -8.6555 0.147166 0.198968 -0.400506 -1.85336 -2.2383 0.141406 0.228477 0.371535 -5.25288
 -9.43965 -0.284714 -0.0727378 -0.363529 -1.7442 -2.42772 0.101249 0.218563 0.374692 -5.25517
 -9.28912 0.0412621 -0.175227 -0.347947 -1.57539 -2.59718 0.0611417 0.208672 0.377828 -5.25746
 -9.08075 0.126068 -0.143003 -0.319919 -1.35601 -2.74695 0.021175 0.198807 0.380943 -5.25975
 -9.08054 -0.00831691 -0.110674 -0.25234 -1.0974 -2.87739 -0.0185631 0.188975 0.384036 -5.26204
 -8.95005 -0.134066 -0.0758582 -0.137408 -0.812255 -2.98894 -0.0579855 0.179181 0.387109 -5.26434
 -8.40365 -0.0315241 0.00310464 0.0149174 -0.51363 -3.08203 -0.0970074 0.169432 0.390161 -5.26664
 -7.99559 0.00675919 0.0615834 0.179438 -0.214309 -3.15714 -0.135547 0.159732 0.393191 -5.26894
 -7.48623 0.205283 0.0236761 0.325136 0.0733552 -3.21473 -0.173526 0.150087 0.3962 -5.27125
 -7.46118 -0.00962667 -0.0244791 0.426134 0.337738 -3.25529 -0.210868 0.140502 0.399188 -5.27356
 -7.63017 -0.460392 0.0735836 0.46799 0.56843 -3.27931 -0.247504 0.130984 0.402153 -5.27587
 -6.46528 0.378691 0.249719 0.452774 0.756637 -3.28727 -0.283365 0.121537 0.405098 -5.27819
 -6.67636 0.209059 0.206559 0.398458 0.895684 -3.27967 -0.318387 0.112166 0.40802 -5.2805
 -7.41125 -0.25889 -0.0998408 0.333134 0.981441 -3.25696 -0.352509 0.102878 0.410921 -5.28282
 -7.45146 0.0332171 -0.369724 0.282413 1.01261 -3.21959 -0.385672 0.093677 0.4138 -5.28515
 -7.55579 -0.0433781 -0.369868 0.256102 0.990918 -3.16802 -0.41782 0.0845683 0.416657 -5.28747
 -7.07907 0.250942 -0.122392 0.242281 0.920722 -3.10281 -0.448904 0.075557 0.419491 -5.2898
 -7.51529 -0.493329 0.25579 0.213546 0.808505 -3.02463 -0.478882 0.0666477 0.422304 -5.29213
 -6.5369 0.401081 0.555838 0.141571 0.662388 -2.93423 -0.507725 0.0578448 0.425094 -5.29447
 -7.05496 0.21312 0.478244 0.0206327 0.491401 -2.83244 -0.535412 0.0491521 0.427862 -5.29681
 -7.99039 -0.101805 0.0139136 -0.123757 0.304783 -2.72011 -0.561933 0.0405734 0.430608 -5.29915
 -8.83985 -0.265864 -0.445276 -0.246263 0.111721 -2.5981 -0.587288 0.032112 0.433331 -5.30149
 -8.76957 0.10779 -0.575495 -0.302623 -0.07878 -2.46724 -0.611478 0.0237715 0.436032 -5.30384
 -8.75299 0.0103794 -0.41235 -0.273441 -0.258235 -2.32838 -0.634513 0.015555 0.43871 -5.30618
 -8.39203 0.0378992 -0.1048 -0.180524 -0.419209 -2.18232 -0.656402 0.00746574 0.441365 -5.30854
 -8.17737 -0.24952 0.26983 -0.0755417 -0.555692 -2.02988 -0.677156 -0.000493046 0.443998 -5.31089
 -7.28759 0.328849 0.54718 -0.0144966 -0.663139 -1.87184 -0.696786 -0.00831823 0.446608 -5.31325
 -7.55987 0.0333898 0.507047 -0.0336193 -0.738787 -1.70894 -0.715305 -0.0160067 0.449195 -5.31561
 -7.89192 -0.00442386 0.18046 -0.127974 -0.781878 -1.54188 -0.732725 -0.0235553 0.451759 -5.31797
 -8.43262 -0.236234 -0.18519 -0.251802 -0.7936 -1.3713 -0.749057 -0.0309611 0.454301 -5.32034
 -8.35341 0.0629205 -0.404751 -0.339216 -0.776887 -1.19778 -0.764312 -0.038221 0.456819 -5.32271
 -8.10954 0.22306 -0.489281 -0.332385 -0.73606 -1.02186 -0.778501 -0.0453319 0.459314 -5.32508
 -8.31755 -0.438178 -0.450207 -0.210735 -0.676393 -0.844018 -0.791632 -0.052291 0.461786 -5.32745
 -6.77266 0.450467 -0.187889 -0.00371866 -0.60363 -0.664739 -0.803711 -0.0590952 0.464235 -5.32983
 -6.85084 -0.606126 0.308309 0.225396 -0.523474 -0.484515 -0.814746 -0.0657416 0.46666 -5.33221
 -5.20528 0.123038 0.731549 0.407505 -0.441225 -0.303887 -0.82474 -0.0722273 0.469063 -5.33459
 -4.30542 0.878544 0.616972 0.491934 -0.361453 -0.123455 -0.833696 -0.0785495 0.471442 -5.33698
 -5.62581 -0.0356678 -0.0849136 0.466208 -0.287173 0.0560988 -0.841617 -0.0847053 0.473798 -5.33937
 -6.90444 -0.848135 -0.672102 0.356285 -0.219435 0.233993 -0.848503 -0.090692 0.47613 -5.34176
 -6.09745 -0.267717 -0.490129 0.199721 -0.157492 0.409352 -0.854357 -0.0965069 0.478439 -5.34416
 -4.80328 0.351031 0.159915 0.0288255 -0.0991998 0.581222 -0.85918 -0.102147 0.480725 -5.34655
 -4.11666 0.639731 0.484882 -0.134344 -0.0414452 0.748601 -0.862974 -0.107611 0.482987 -5.34895
 -5.17191 -0.194532 0.213132 -0.274301 0.0192522 0.910473 -0.865739 -0.112895 0.485225 -5.35136
 -5.76463 -0.498216 -0.199825 -0.378408 0.0859506 1.06584 -0.867479 -0.117998 0.48744 -5.35376
 -4.9856 0.208071 -0.292355 -0.433181 0.160649 1.21372 -0.868195 -0.122917 0.489632 -5.35617
 -4.82243 0.0133309 -0.106756 -0.427805 0.243796 1.35318 -0.867887 -0.12765 0.4918 -5.35858
 -4.29882 0.0559859 0.0808419 -0.360582 0.333896 1.48334 -0.866557 -0.132195 0.493944 -5.361
 -3.97352 -0.0557811 0.129428 -0.238295 0.427555 1.60336 -0.864206 -0.136552 0.496065 -5.36342
 -3.5697 0.112731 0.0276097 -0.0750194 0.520019 1.71247 -0.860834 -0.140718 0.498162 -5.36584
 -3.46257 0.000481099 -0.129866 0.107644 0.605613 1.80997 -0.85644 -0.144691 0.500235 -5.36826
 -3.31789 -0.140757 -0.176652 0.282318 0.678256 1.89522 -0.851025 -0.148472 0.502285 -5.37069
 -2.72278 0.0114721 -0.0244197 0.41844 0.73213 1.96768 -0.844589 -0.152059 0.504311 -5.37312
 -2.33741 0.0925078 0.196941 0.485584 0.76229 2.02692 -0.837133 -0.155451 0.506314 -5.37555
 -2.19854 0.0261821 0.286298 0.463304 0.765362 2.07275 -0.828656 -0.158648 0.508293 -5.37798
 -2.33907 0.117202 0.176869 0.352369 0.740206 2.1052 -0.819161 -0.161649 0.510248 -5.38042
 -2.98505 -0.126192 -0.027375 0.179565 0.688178 2.12461 -0.808652 -0.164455 0.512179 -5.38286
 -3.32916 -0.03844 -0.163271 -0.0114894 0.612592 2.13153 -0.79714 -0.167065 0.514087 -5.38531
 -3.39117 0.14254 -0.175208 -0.174792 0.517739 2.12665 -0.784646 -0.169479 0.515971 -5.38775
 -3.7763 -0.105808 -0.118253 -0.27517 0.408311 2.11079 -0.771198 -0.171698 0.517832 -5.3902
 -3.78867 -0.0137225 -0.0435257 -0.299511 0.289105 2.0848 -0.756838 -0.173723 0.519669 -5.39266
 -3.67792 0.111808 0.0316042 -0.259449 0.164533 2.04961 -0.741612 -0.175553 0.521482 -5.39511
 -3.82216 -0.0787366 0.103108 -0.180703 0.0385037 2.00616 -0.725573 -0.177191 0.523271 -5.39757
 -3.88552 -0.0486958 0.143545 -0.0905788 -0.0858482 1.95542 -0.708777 -0.178636 0.525037 -5.40003
 -3.80022 0.170859 0.0928345 -0.00621966 -0.206179 1.89837 -0.691283 -0.179891 0.52678 -5.4025
 -4.26602 -0.0597663 -0.0488813 0.0676508 -0.321071 1.83598 -0.673152 -0.180957 0.528498 -5.40496
 -4.43422 -0.00955527 -0.142761 0.133808 -0.429576 1.76918 -0.654447 -0.181835 0.530194 -5.40743
 -4.44755 -0.0344181 -0.0906953 0.195244 -0.530505 1.69888 -0.635231 -0.182527 0.531865 -5.40991
 -4.40029 -0.0308088 0.0168256 0.248466 -0.622156 1.62589 -0.615567 -0.183036 0.533513 -5.41238
 -4.24018 0.282887 0.041464 0.279888 -0.702147 1.55092 -0.595516 -0.183363 0.535138 -5.41486
 -4.83573 -0.218847 0.0112072 0.270202 -0.76726 1.47455 -0.575136 -0.183512 0.536739 -5.41734
 -5.09633 -0.267599 0.0674996 0.203108 -0.813372 1.39718 -0.554473 -0.183485 0.538317 -5.41983
 -4.62347 0.287673 0.170018 0.0750767 -0.835908 1.31906 -0.533562 -0.183285 0.539871 -5.42231
 -4.93372 0.218959 0.124236 -0.0998163 -0.830257 1.24031 -0.512422 -0.182916 0.541401 -5.4248
 -5.8993 -0.395621 -0.0480088 -0.28941 -0.79213 1.16096 -0.491063 -0.18238 0.542909 -5.4273
 -5.6588 0.108532 -0.151698 -0.451452 -0.718206 1.08096 -0.46949 -0.181681 0.544392 -5.42979
 -5.78268 0.010911 -0.138937 -0.546424 -0.606923 1.00019 -0.447699 -0.180823 0.545853 -5.43229
 -5.68615 0.00496954 -0.0987379 -0.549906 -0.459267 0.918514 -0.425687 -0.179809 0.54729 -5.43479
 -5.54518 -0.134568 -0.0675069 -0.45939 -0.279528 0.835806 -0.403446 -0.178642 0.548704 -5.4373
 -4.93889 0.207554 -0.0251639 -0.292725 -0.0752422 0.751948 -0.380969 -0.177326 0.550094 -5.43981
 -4.81473 -0.159618 0.0108848 -0.0835026 0.143842 0.666843 -0.358247 -0.175865 0.551461 -5.44232
 -4.19079 0.118751 0.0401134 0.128 0.366824 0.580409 -0.335273 -0.174263 0.552805 -5.44483
 -4.05084 -0.0897909 0.056667 0.303432 0.582351 0.492569 -0.312038 -0.172523 0.554126 -5.44735
 -3.66301 0.00866497 0.071864 0.413906 0.779147 0.403246 -0.288535 -0.17065 0.555423 -5.44987
 -3.38647 0.0985994 0.111201 0.4448 0.946599 0.312365 -0.264758 -0.168646 0.556697 -5.45239
 -3.54822 -0.111832 0.168229 0.398706 1.07563 0.219846 -0.240702 -0.166517 0.557948 -5.45492
 -3.48068 0.0258956 0.15915 0.299201 1.15955 0.125616 -0.216363 -0.164266 0.559176 -5.45744
 -3.54242 0.310601 0.0105767 0.18562 1.19435 0.0296399 -0.19174 -0.161898 0.56038 -5.45997
 -4.65945 -0.426977 -0.196187 0.0981243 1.17865 -0.068015 -0.166837 -0.159415 0.561562 -5.46251
 -4.37654 0.153019 -0.322641 0.0642202 1.11352 -0.16712 -0.141664 -0.156823 0.56272 -5.46505
 -4.57634 0.0919855 -0.324111 0.0872132 1.00262 -0.267281 -0.116233 -0.154126 0.563855 -5.46759
 -4.87763 -0.142034 -0.169238 0.142288 0.851949 -0.36799 -0.0905576 -0.151326 0.564967 -5.47013
 -4.68437 -0.146634 0.172204 0.183285 0.669273 -0.468662 -0.0646539 -0.14843 0.566055 -5.47267
 -4.36802 0.146407 0.55186 0.164905 0.46343 -0.568672 -0.0385377 -0.14544 0.567121 -5.47522
 -4.53204 0.233136 0.61739 0.0641643 0.243394 -0.667368 -0.0122245 -0.142361 0.568164 -5.47777
 -5.60716 0.0746725 0.22079 -0.102552 0.0176586 -0.764083 0.0142707 -0.139198 0.569183 -5.48033
 -6.96995 -0.274551 -0.341634 -0.282449 -0.205958 -0.858131 0.0409338 -0.135954 0.57018 -5.48289
 -7.39366 0.0107093 -0.627829 -0.410669 -0.420354 -0.948812 0.0677525 -0.132633 0.571153 -5.48545
 -7.59899 -0.054004 -0.492817 -0.437623 -0.619368 -1.03541 0.0947159 -0.129241 0.572104 -5.48801
 -7.31382 -0.0232045 -0.109041 -0.355752 -0.798397 -1.11717 0.121815 -0.12578 0.573031 -5.49058
 -6.82875 0.127497 0.273614 -0.197242 -0.954687 -1.19335 0.149043 -0.122256 0.573936 -5.49315
 -6.83743 -0.062471 0.444561 -0.0131169 -1.08696 -1.26319 0.176396 -0.118673 0.574817 -5.49572
 -6.73826 0.126761 0.313193 0.14743 -1.19489 -1.32595 0.20387 -0.115034 0.575676 -5.49829
 -7.10774 0.0656748 -0.0105615 0.252104 -1.27872 -1.3809 0.231465 -0.111345 0.576511 -5.50087
 -7.69091 -0.199386 -0.268082 0.289804 -1.33893 -1.4274 0.259185 -0.10761 0.577324 -5.50345
 -7.48923 0.0726111 -0.253621 0.263999 -1.37627 -1.46488 0.287033 -0.103831 0.578114 -5.50604
 -7.47361 -0.0899324 -0.00574565 0.183196 -1.39155 -1.49293 0.315015 -0.100015 0.578881 -5.50862
 -7.20769 0.0382333 0.249521 0.0585225 -1.38552 -1.51123 0.343131 -0.0961642 0.579625 -5.51121
 -7.23492 0.147125 0.278314 -0.0935659 -1.35906 -1.51963 0.371374 -0.0922831 0.580346 -5.51381
 -7.5747 0.0995369 0.035537 -0.247054 -1.31353 -1.51809 0.399729 -0.0883753 0.581045 -5.5164
 -8.12222 -0.193572 -0.25426 -0.369074 -1.25087 -1.50665 0.428169 -0.0844444 0.58172 -5.519
 -8.11242 -0.140743 -0.319106 -0.43019 -1.17367 -1.48547 0.456659 -0.0804938 0.582373 -5.5216
 -7.43488 0.172374 -0.134321 -0.414535 -1.08491 -1.45479 0.485156 -0.0765267 0.583003 -5.52421
 -6.99328 0.138203 0.12346 -0.324384 -0.987846 -1.41493 0.513615 -0.0725463 0.58361 -5.52682
 -7.0533 -0.471281 0.296844 -0.172183 -0.885817 -1.36629 0.541987 -0.0685558 0.584194 -5.52943
 -5.88541 0.382278 0.232003 0.026381 -0.78222 -1.30939 0.570225 -0.0645581 0.584756 -5.53204
 -5.93184 0.336552 -0.153538 0.2478 -0.680099 -1.24482 0.598282 -0.0605562 0.585295 -5.53466
 -6.6876 -0.457143 -0.559392 0.455317 -0.581658 -1.17323 0.626111 -0.056553 0.585811 -5.53728
 -6.07664 -0.175233 -0.482602 0.602029 -0.487952 -1.09539 0.653663 -0.0525513 0.586305 -5.5399
 -4.93365 -0.038845 0.149773 0.645466 -0.398493 -1.01214 0.680893 -0.0485539 0.586775 -5.54252
 -3.88479 0.231629 0.813978 0.555268 -0.310971 -0.924404 0.707753 -0.0445635 0.587224 -5.54515
 -3.84448 0.193498 0.918462 0.322858 -0.221263 -0.833135 0.734198 -0.0405829 0.587649 -5.54778
 -4.77743 -0.0190879 0.35535 -0.0136461 -0.123917 -0.739328 0.760181 -0.0366145 0.588052 -5.55042
 -5.58235 0.14329 -0.438047 -0.368584 -0.0130871 -0.643975 0.785657 -0.0326611 0.588432 -5.55306
 -6.67496 -0.563508 -0.873625 -0.642419 0.116701 -0.548038 0.810578 -0.028725 0.588789 -5.5557
 -5.65074 0.156232 -0.720814 -0.757147 0.269712 -0.452423 0.834899 -0.0248087 0.589124 -5.55834
 -4.84919 0.182053 -0.261248 -0.692471 0.447253 -0.357964 0.858572 -0.0209145 0.589436 -5.56099
 -4.11002 -0.0468953 0.131038 -0.480615 0.646427 -0.265406 0.881552 -0.0170448 0.589726 -5.56364
 -3.33637 -0.0454575 0.311264 -0.187569 0.86145 -0.175427 0.903791 -0.0132016 0.589993 -5.56629
 -2.6217 0.0451824 0.315499 0.107375 1.08532 -0.0886658 0.92524 -0.00938718 0.590237 -5.56894
 -2.24384 -0.0356698 0.232074 0.332861 1.31048 -0.00574075 0.945849 -0.0056034 0.590459 -5.5716
 -1.82529 0.0286043 0.12997 0.445496 1.52883 0.0727416 0.96557 -0.00185221 0.590659 -5.57426
 -1.61598 0.0162285 0.0361591 0.434896 1.73154 0.146187 0.984352 0.00186456 0.590835 -5.57693
 -1.58688 -0.0351068 -0.0239994 0.32377 1.909 0.214015 1.00214 0.00554515 0.59099 -5.57959
 -1.47971 0.0118222 -0.0393982 0.156682 2.05149 0.275668 1.01889 0.0091879 0.591121 -5.58226
 -1.52855 -0.0126079 -0.036804 -0.0151937 2.14977 0.33063 1.03455 0.0127912 0.59123 -5.58494
 -1.44466 0.129251 -0.0504384 -0.143425 2.19568 0.37846 1.04905 0.0163535 0.591317 -5.58761
 -1.66109 -0.0602432 -0.0698266 -0.19129 2.1828 0.418876 1.06236 0.0198734 0.591381 -5.59029
 -1.60994 -0.109048 -0.0448675 -0.139043 2.10734 0.451862 1.07442 0.0233495 0.591423 -5.59297
 -1.42267 -0.0221479 -0.00721153 0.0127874 1.96876 0.477719 1.08518 0.0267802 0.591442 -5.59566
 -1.19139 0.270165 -0.0986346 0.241272 1.76966 0.496998 1.0946 0.0301643 0.591438 -5.59835
 -1.64823 0.0136243 -0.303315 0.498189 1.51561 0.510403 1.10265 0.0335004 0.591413 -5.60104
 -1.98392 -0.284233 -0.30641 0.711533 1.21446 0.518718 1.10928 0.0367871 0.591364 -5.60373
 -1.76085 -0.224927 0.121275 0.806413 0.875917 0.522763 1.11446 0.0400231 0.591294 -5.60643
 -1.04633 0.347629 0.707542 0.728759 0.511067 0.523365 1.11815 0.0432071 0.591201 -5.60913
 -1.5723 0.26366 0.873525 0.461566 0.13188 0.521352 1.12033 0.0463379 0.591085 -5.61183
 -3.25227 -0.0963565 0.39861 0.0454531 -0.249292 0.517549 1.12095 0.0494142 0.590947 -5.61454
 -4.56441 0.149549 -0.348451 -0.423927 -0.620038 0.512783 1.11999 0.0524348 0.590787 -5.61724
 -6.34417 -0.413706 -0.796272 -0.830776 -0.968045 0.507882 1.11741 0.0553984 0.590604 -5.61996
 -6.65407 -0.2905 -0.689231 -1.07 -1.28145 0.503677 1.11318 0.058304 0.590399 -5.62267
 -5.85098 0.466296 -0.34969 -1.08306 -1.55036 0.501003 1.10727 0.0611506 0.590171 -5.62539
 -5.82599 0.39243 -0.191738 -0.872699 -1.76989 0.500685 1.09965 0.063937 0.589921 -5.62811
 -6.63905 -0.727485 -0.11265 -0.501198 -1.9409 0.503533 1.09029 0.0666624 0.589649 -5.63083
 -5.51788 -0.223969 0.227598 -0.0621164 -2.06754 0.510323 1.07915 0.0693261 0.589354 -5.63356
 -4.38124 0.187831 0.651388 0.353681 -2.15523 0.521774 1.0662 0.0719273 0.589037 -5.63629
 -3.49665 0.897125 0.581496 0.675012 -2.20999 0.538532 1.05143 0.0744655 0.588698 -5.63902
 -5.28919 -0.53169 -0.00453404 0.855518 -2.23774 0.561141 1.03479 0.0769406 0.588336 -5.64176
 -5.5908 -0.445123 -0.408217 0.880213 -2.24354 0.590021 1.01627 0.0793524 0.587952 -5.6445
 -5.09033 -0.137872 -0.173196 0.758612 -2.23082 0.625384 0.995845 0.0817008 0.587545 -5.64724
 -4.45042 0.23149 0.359095 0.524363 -2.20096 0.667133 0.973523 0.0839859 0.587116 -5.64998
 -4.0763 0.672124 0.488118 0.225671 -2.15359 0.714855 0.949313 0.0862079 0.586665 -5.65273
 -5.48181 -0.0809892 0.0389203 -0.0827436 -2.08701 0.767886 0.923235 0.088367 0.586191 -5.65548
 -6.59029 -0.498079 -0.466133 -0.345779 -1.99859 0.825375 0.895319 0.0904635 0.585695 -5.65824
 -6.25795 -0.159034 -0.521119 -0.518463 -1.88512 0.886364 0.865598 0.0924979 0.585177 -5.66099
 -5.44953 0.281823 -0.187111 -0.585659 -1.74334 0.949828 0.834114 0.0944707 0.584636 -5.66375
 -5.09123 0.0581058 0.154234 -0.562955 -1.57071 1.01471 0.800909 0.0963823 0.584073 -5.66652
 -4.85065 -0.160708 0.287792 -0.484009 -1.36612 1.07996 0.766032 0.0982334 0.583488 -5.66928
 -4.26288 0.177114 0.236006 -0.384434 -1.13015 1.14453 0.729534 0.100025 0.58288 -5.67205
 -4.2089 -0.0787648 0.0835778 -0.286496 -0.865442 1.20741 0.691469 0.101756 0.58225 -5.67482
 -3.99398 -0.0694088 -0.064896 -0.193165 -0.576846 1.26763 0.651897 0.10343 0.581597 -5.6776
 -3.51632 0.105485 -0.154029 -0.0949788 -0.271088 1.32424 0.610878 0.105045 0.580922 -5.68038
 -3.28488 -0.0310195 -0.181104 0.0168135 0.044087 1.37631 0.568474 0.106604 0.580225 -5.68316
 -2.76415 -0.0837884 -0.109663 0.137917 0.36066 1.42291 0.524748 0.108106 0.579505 -5.68594
 -2.05407 0.021059 0.0576454 0.251513 0.670821 1.46311 0.479768 0.109553 0.578763 -5.68873
 -1.53889 0.054768 0.188167 0.335484 0.967404 1.49598 0.433598 0.110946 0.577999 -5.69152
 -1.15283 0.160986 0.144223 0.371816 1.24412 1.52054 0.386308 0.112285 0.577212 -5.69431
 -1.42794 -0.0836571 -0.0269767 0.351799 1.49547 1.53584 0.337969 0.113571 0.576403 -5.69711
 -1.41406 -0.115047 -0.133466 0.277532 1.71692 1.54091 0.288653 0.114806 0.575571 -5.69991
 -1.19324 0.015854 -0.064242 0.159964 1.90492 1.53484 0.238434 0.11599 0.574717 -5.70271
 -1.15891 -0.0258251 0.0928362 0.0119494 2.05693 1.51679 0.187387 0.117125 0.573841 -5.70551
 -1.08851 0.114268 0.160684 -0.14999 2.17078 1.48607 0.13559 0.118211 0.572942 -5.70832
 -1.38296 0.0867737 0.0607278 -0.299671 2.24412 1.44226 0.083125 0.11925 0.572021 -5.71113
 -2.01114 -0.160273 -0.0962448 -0.404058 2.27437 1.38527 0.0300814 0.120243 0.571077 -5.71395
 -1.97285 0.0796544 -0.146842 -0.430079 2.25859 1.31536 -0.0234434 0.12119 0.570111 -5.71676
 -2.283 -0.14581 -0.0820799 -0.353276 2.19392 1.23311 -0.077346 0.122093 0.569123 -5.71958
 -2.13458 0.0506435 -0.0288105 -0.164995 2.07813 1.13934 -0.131522 0.122952 0.568112 -5.72241
 -2.06145 0.250745 -0.120706 0.115006 1.91003 1.03503 -0.185868 0.12377 0.567079 -5.72523
 -2.56412 -0.107136 -0.282955 0.435695 1.68999 0.921269 -0.240281 0.124546 0.566024 -5.72806
 -2.75771 -0.182914 -0.229418 0.721878 1.42014 0.799206 -0.294659 0.125282 0.564946 -5.7309
 -2.67711 -0.132208 0.181085 0.892739 1.10466 0.67 -0.348901 0.125979 0.563845 -5.73373
 -2.39293 0.23394 0.665834 0.885558 0.750468 0.534825 -0.402905 0.126638 0.562723 -5.73657
 -3.07202 0.207377 0.772022 0.678389 0.368347 0.394856 -0.456571 0.127261 0.561577 -5.73941
 -4.68812 -0.0678546 0.38555 0.310088 -0.0272121 0.251261 -0.509797 0.127847 0.56041 -5.74226
 -6.26998 0.02597 -0.218067 -0.130112 -0.420147 0.10521 -0.562483 0.128398 0.55922 -5.7451
 -7.87132 -0.200639 -0.667977 -0.533524 -0.794192 -0.0421333 -0.614528 0.128916 0.558007 -5.74795
 -8.58123 -0.0740708 -0.720089 -0.802656 -1.13318 -0.189603 -0.665831 0.129401 0.556773 -5.75081
 -8.78508 0.0144663 -0.382271 -0.887515 -1.42172 -0.336036 -0.716291 0.129854 0.555516 -5.75367
 -8.75748 -0.0741571 0.086632 -0.798166 -1.64728 -0.48028 -0.765808 0.130276 0.554236 -5.75653
 -8.33168 0.22066 0.35255 -0.588432 -1.802 -0.621231 -0.814281 0.130669 0.552934 -5.75939
 -8.51082 0.0912191 0.277846 -0.331949 -1.88283 -0.757889 -0.861609 0.131033 0.551609 -5.76225
 -8.9794 -0.261803 0.0739726 -0.0978922 -1.89063 -0.889412 -0.907691 0.13137 0.550263 -5.76512
 -8.8865 -0.0821947 0.0222709 0.0675696 -1.82947 -1.01514 -0.952428 0.13168 0.548893 -5.768
 -8.48264 0.171398 0.10876 0.149275 -1.70634 -1.13457 -0.99572 0.131964 0.547502 -5.77087
 -8.48852 0.111125 0.118693 0.159987 -1.53063 -1.2473 -1.03747 0.132224 0.546088 -5.77375
 -8.73717 -0.0306181 -0.0258755 0.129539 -1.31336 -1.35303 -1.07757 0.132461 0.544651 -5.77663
 -8.848 -0.0189991 -0.202722 0.0920817 -1.06627 -1.45147 -1.11593 0.132675 0.543192 -5.77951
 -8.88356 -0.136035 -0.246231 0.0732639 -0.800826 -1.5424 -1.15245 0.132868 0.541711 -5.7824
 -8.53576 -0.0323048 -0.094414 0.0836896 -0.527501 -1.62563 -1.18704 0.133041 0.540207 -5.78529
 -8.01956 0.0629187 0.132181 0.116109 -0.25538 -1.70105 -1.21961 0.133194 0.538681 -5.78818
 -7.72791 0.0430869 0.239915 0.154568 0.00786168 -1.76854 -1.25007 0.133329 0.537132 -5.79108
 -7.67895 -0.0186699 0.14217 0.180357 0.255793 -1.82807 -1.27832 0.133446 0.535561 -5.79398
 -7.69881 0.0156718 -0.0540503 0.181155 0.483004 -1.87961 -1.30429 0.133547 0.533967 -5.79688
 -7.80173 -0.0813636 -0.153271 0.154285 0.684913 -1.92319 -1.32788 0.133632 0.532352 -5.79979
 -7.64474 -0.0958247 -0.076082 0.104964 0.857799 -1.95885 -1.34903 0.133703 0.530713 -5.8027
 -7.18951 0.15501 0.0960704 0.0437948 0.998761 -1.98667 -1.36764 0.133761 0.529052 -5.80561
 -7.25735 -0.00834037 0.185926 -0.0151916 1.10563 -2.00673 -1.38364 0.133805 0.527369 -5.80852
 -7.39672 -0.0212061 0.0918372 -0.0548843 1.17694 -2.01917 -1.39696 0.133838 0.525664 -5.81144
 -7.43579 0.124951 -0.1322 -0.0608574 1.21197 -2.0241 -1.40754 0.13386 0.523935 -5.81436
 -7.8454 -0.0691462 -0.313285 -0.0265273 1.21081 -2.02171 -1.41535 0.133871 0.522185 -5.81729
 -7.82781 -0.216306 -0.251892 0.0413373 1.17443 -2.01216 -1.42035 0.133872 0.520412 -5.82021
 -7.30433 -0.0295571 0.0631406 0.121838 1.10474 -1.99564 -1.42254 0.133863 0.518617 -5.82314
 -6.72008 0.233291 0.375167 0.18594 1.00452 -1.97231 -1.42196 0.133844 0.516799 -5.82608
 -7.06508 0.0445684 0.388372 0.209719 0.877454 -1.9423 -1.41864 0.133814 0.514958 -5.82901
 -7.47874 0.030317 0.0904708 0.187278 0.728197 -1.90572 -1.41264 0.133774 0.513096 -5.83195
 -8.20169 -0.194887 -0.245266 0.132231 0.562275 -1.86265 -1.40402 0.133723 0.511211 -5.8349
 -8.12869 0.179536 -0.379417 0.0646982 0.385812 -1.81315 -1.39287 0.13366 0.509303 -5.83784
 -8.5736 -0.215837 -0.218231 -0.00151892 0.205274 -1.75724 -1.37925 0.133585 0.507373 -5.84079
 -8.20942 -0.0437253 0.128174 -0.0634731 0.027184 -1.69494 -1.36327 0.133498 0.50542 -5.84374
 -7.88753 0.217721 0.377493 -0.124855 -0.142128 -1.6262 -1.345 0.133398 0.503445 -5.8467
 -8.16764 0.11891 0.307848 -0.185623 -0.296973 -1.55099 -1.32453 0.133284 0.501448 -5.84965
 -8.87873 -0.201107 -0.00870481 -0.238585 -0.432589 -1.46922 -1.30198 0.133157 0.499428 -5.85262
 -9.04799 -0.0537525 -0.306062 -0.269287 -0.545485 -1.38077 -1.27743 0.133016 0.497386 -5.85558
 -9.00029 0.10855 -0.38934 -0.265289 -0.633705 -1.28553 -1.25098 0.13286 0.495321 -5.85855
 -8.92491 -0.181221 -0.194424 -0.224094 -0.696995 -1.18338 -1.22273 0.13269 0.493234 -5.86152
 -8.40349 -0.220581 0.191523 -0.156912 -0.736669 -1.07422 -1.19278 0.132504 0.491124 -5.86449
 -7.27637 0.468627 0.439242 -0.0813416 -0.755307 -0.95802 -1.16124 0.132302 0.488992 -5.86747
 -7.57849 0.12822 0.261244 -0.0094664 -0.756591 -0.834798 -1.1282 0.132084 0.486838 -5.87045
 -8.20945 -0.317529 -0.161586 0.058946 -0.744998 -0.704649 -1.09376 0.131849 0.484661 -5.87343
 -7.93658 -0.0574057 -0.386278 0.131847 -0.725052 -0.567758 -1.058 0.131597 0.482461 -5.87641
 -7.52724 -0.0895187 -0.251928 0.212656 -0.700707 -0.42442 -1.02104 0.131328 0.480239 -5.8794
 -6.80241 0.127036 0.00578277 0.290201 -0.674828 -0.275048 -0.982951 0.13104 0.477995 -5.8824
 -5.94885 0.484135 0.120786 0.340745 -0.648812 -0.120207 -0.943829 0.130734 0.475728 -5.88539
 -6.86388 -0.65096 0.167855 0.334919 -0.622691 0.0393949 -0.903762 0.13041 0.473439 -5.88839
 -6.32211 -0.311897 0.299523 0.253799 -0.595174 0.202895 -0.862838 0.130066 0.471127 -5.89139
 -4.93933 0.978766 0.295591 0.107286 -0.563848 0.369316 -0.821146 0.129702 0.468793 -5.89439
 -6.30501 -0.113168 -0.0538373 -0.0691457 -0.525386 0.537587 -0.778773 0.129317 0.466436 -5.8974
 -7.1976 -0.728732 -0.40037 -0.226102 -0.476152 0.706566 -0.735808 0.128913 0.464057 -5.90041
 -6.04048 0.134299 -0.340258 -0.321606 -0.412831 0.875056 -0.692339 0.128487 0.461655 -5.90342
 -5.29493 0.373197 -0.0449385 -0.340838 -0.333017 1.04181 -0.648454 0.128039 0.459231 -5.90644
 -5.30676 -0.209844 0.130762 -0.294962 -0.235773 1.20557 -0.604241 0.12757 0.456785 -5.90946
 -4.70479 0.0789143 0.132366 -0.210772 -0.121749 1.36503 -0.559788 0.127078 0.454316 -5.91248
 -4.48649 -0.153623 0.0997552 -0.118617 0.00679414 1.51889 -0.515185 0.126563 0.451824 -5.91551
 -3.90987 0.0709798 0.0853951 -0.0380124 0.146066 1.66587 -0.470519 0.126024 0.44931 -5.91854
 -3.44895 0.204143 0.0267339 0.0269234 0.29108 1.80465 -0.425877 0.125462 0.446774 -5.92157
 -3.53819 -0.176134 -0.0824529 0.0802573 0.436029 1.93394 -0.38135 0.124876 0.444215 -5.92461
 -3.12563 -0.054021 -0.149035 0.128113 0.574715 2.05247 -0.337024 0.124265 0.441634 -5.92764
 -2.66525 0.108248 -0.123087 0.172302 0.700947 2.159 -0.292988 0.123628 0.43903 -5.93069
 -2.61644 -0.223253 -0.00866452 0.207363 0.809088 2.25232 -0.24933 0.122966 0.436404 -5.93373
 -1.88422 0.197852 0.112841 0.224275 0.894504 2.33129 -0.206138 0.122278 0.433755 -5.93678
 -1.84688 0.0371779 0.138198 0.216129 0.953874 2.39489 -0.163499 0.121564 0.431084 -5.93983
 -1.9468 -0.0970538 0.0867432 0.182425 0.985584 2.44228 -0.121497 0.120822 0.42839 -5.94288
 -1.84691 -0.0132509 0.062756 0.130211 0.989797 2.4729 -0.0802126 0.120053 0.425674 -5.94594
 -1.87413 -0.0114037 0.0506865 0.0726116 0.968138 2.48647 -0.039716 0.119257 0.422935 -5.949
 -1.8839 0.154079 -0.0509134 0.0259752 0.923347 2.48302 -6.52076e-05 0.118432 0.420174 -5.95206
 -2.25847 -0.00596238 -0.200888 0.000401449 0.859051 2.46285 0.038699 0.117578 0.417391 -5.95513
 -2.58543 -0.23033 -0.204811 -0.00645436 0.779332 2.42654 0.0765525 0.116695 0.414585 -5.9582
 -2.19153 0.135429 -0.00200082 -0.00871598 0.688423 2.37481 0.113485 0.115784 0.411756 -5.96127
 -2.08391 0.115987 0.209474 -0.0260709 0.590358 2.30853 0.149494 0.114843 0.408905 -5.96435
 -2.41948 -0.0470058 0.226287 -0.072345 0.488475 2.22866 0.184583 0.113872 0.406032 -5.96743
 -2.79343 0.00445739 0.0737714 -0.145148 0.384941 2.13627 0.218755 0.112872 0.403136 -5.97051
 -3.20224 0.0120271 -0.0939933 -0.224636 0.280729 2.03246 0.252015 0.111841 0.400218 -5.97359
 -3.58806 -0.100475 -0.15155 -0.282023 0.175697 1.91842 0.284368 0.110781 0.397277 -5.97668
 -3.69003 -0.0389775 -0.0700655 -0.289513 0.0689162 1.79536 0.31582 0.10969 0.394313 -5.97977
 -3.53289 0.211884 0.0238394 -0.228808 -0.0409632 1.66452 0.346377 0.108568 0.391328 -5.98287
 -3.89512 -0.0862458 0.00625514 -0.0979329 -0.155302 1.52712 0.376045 0.107416 0.388319 -5.98597
 -3.98449 0.0295363 -0.0862085 0.0873271 -0.274972 1.38436 0.404829 0.106233 0.385288 -5.98907
 -4.01731 0.0413355 -0.132572 0.296277 -0.400097 1.23738 0.432737 0.105019 0.382235 -5.99217
 -4.1751 -0.142914 -0.0493998 0.487402 -0.529975 1.08725 0.459772 0.103773 0.379159 -5.99528
 -4.12653 -0.0301343 0.12877 0.61502 -0.662877 0.93495 0.485943 0.102496 0.376061 -5.99839
 -3.97965 0.18782 0.244228 0.639708 -0.795982 0.781376 0.511254 0.101187 0.372941 -6.0015
 -4.54711 0.00767222 0.19537 0.536837 -0.925026 0.627339 0.535712 0.0998459 0.369797 -6.00462
 -5.28601 -0.11054 0.0788863 0.306366 -1.04405 0.473593 0.559323 0.0984729 0.366632 -6.00774
 -5.7258 -0.0025545 0.0576161 -0.0244827 -1.14568 0.320849 0.582095 0.0970676 0.363444 -6.01086
 -6.35357 -0.101731 0.138036 -0.402795 -1.22172 0.16978 0.604035 0.0956298 0.360233 -6.01399
 -6.81812 0.0196888 0.133715 -0.755457 -1.26371 0.0210251 0.625151 0.0941592 0.357 -6.01711
 -7.18493 0.33861 -0.147137 -1.00848 -1.26335 -0.124821 0.645453 0.0926558 0.353744 -6.02025
 -8.18418 -0.0470142 -0.604797 -1.10759 -1.21331 -0.267235 0.664956 0.0911192 0.350466 -6.02338
 -8.6635 -0.451132 -0.781583 -1.03207 -1.10967 -0.405816 0.683674 0.0895493 0.347165 -6.02652
 -7.80107 -0.204118 -0.335855 -0.809588 -0.953929 -0.54028 0.701625 0.087946 0.343842 -6.02966
 -6.18207 0.251783 0.434827 -0.515333 -0.751736 -0.670412 0.718827 0.0863089 0.340497 -6.03281
 -5.17221 0.380545 0.865505 -0.237575 -0.510607 -0.796009 0.735301 0.0846379 0.337129 -6.03595
 -5.39674 0.0647817 0.633269 -0.0429385 -0.239639 -0.916872 0.751065 0.0829329 0.333738 -6.03911
 -6.04618 -0.318553 0.0625563 0.0545473 0.0496216 -1.03281 0.766139 0.0811935 0.330325 -6.04226
 -5.99972 -0.052531 -0.347716 0.0862252 0.342719 -1.14362 0.780545 0.0794197 0.32689 -6.04542
 -5.76754 0.0585018 -0.455812 0.11138 0.623421 -1.24913 0.794302 0.0776113 0.323432 -6.04858
 -5.36568 0.151832 -0.410913 0.191322 0.875497 -1.34916 0.807429 0.0757679 0.319951 -6.05174
 -5.26078 -0.185847 -0.293184 0.358328 1.08448 -1.44355 0.819946 0.0738895 0.316448 -6.05491
 -4.78577 -0.0676352 -0.104098 0.601755 1.23877 -1.53217 0.831871 0.0719758 0.312923 -6.05808
 -3.93878 0.177642 0.078283 0.874121 1.3298 -1.61495 0.843219 0.0700266 0.309375 -6.06125
 -3.92891 0.0552738 0.153304 1.10789 1.35156 -1.69184 0.854005 0.0680418 0.305804 -6.06443
 -4.07347 -0.205501 0.182684 1.23347 1.3007 -1.76279 0.864236 0.0660211 0.302211 -6.06761
 -3.84931 0.14729 0.272168 1.19857 1.17822 -1.82769 0.873914 0.0639644 0.298596 -6.07079
 -4.45943 -0.0760006 0.37319 0.985531 0.991324 -1.88638 0.883035 0.0618715 0.294958 -6.07397
 -5.01725 0.0568546 0.318374 0.620093 0.752424 -1.93867 0.891591 0.0597421 0.291297 -6.07716
 -5.92002 0.247946 0.0394046 0.167351 0.476058 -1.98439 0.899572 0.057576 0.287614 -6.08036
 -7.55324 -0.228314 -0.30794 -0.286225 0.177261 -2.02333 0.906967 0.0553731 0.283909 -6.08355
 -8.23596 -0.127435 -0.460478 -0.654833 -0.128835 -2.05534 0.913765 0.0531332 0.280181 -6.08675
 -8.4235 0.169406 -0.360935 -0.876059 -0.427322 -2.08022 0.919956 0.0508561 0.27643 -6.08995
 -8.77085 -0.0664231 -0.150236 -0.93127 -0.704276 -2.09781 0.925529 0.0485415 0.272657 -6.09316
 -8.82905 -0.111886 0.0603172 -0.847176 -0.947768 -2.10792 0.930474 0.0461894 0.268862 -6.09636
 -8.49714 0.124308 0.20558 -0.679206 -1.14846 -2.11039 0.93478 0.0437994 0.265044 -6.09957
 -8.55478 0.0384715 0.20955 -0.493476 -1.29961 -2.10503 0.938436 0.0413714 0.261203 -6.10279
 -8.61109 -0.0498909 0.116667 -0.344752 -1.39718 -2.09169 0.941432 0.0389052 0.257341 -6.10601
 -8.66607 -0.101634 0.0660274 -0.262813 -1.44035 -2.07029 0.943756 0.0364006 0.253455 -6.10923
 -8.49769 0.0502883 0.0943342 -0.246858 -1.43217 -2.04079 0.945399 0.0338574 0.249547 -6.11245
 -8.40136 0.0905724 0.0884092 -0.267062 -1.37897 -2.00324 0.94635 0.0312754 0.245617 -6.11568
 -8.5839 -0.0823915 -0.0322266 -0.276641 -1.28925 -1.95776 0.946597 0.0286544 0.241664 -6.11891
 -8.44157 0.0537571 -0.233539 -0.232695 -1.1724 -1.90445 0.94613 0.0259942 0.237688 -6.12214
 -8.26541 -0.00386958 -0.416207 -0.114864 -1.03779 -1.84347 0.944939 0.0232946 0.23369 -6.12538
 -7.88277 0.0489016 -0.420632 0.0660318 -0.893958 -1.77495 0.943013 0.0205555 0.22967 -6.12862
 -7.49269 -0.25215 -0.103424 0.267324 -0.74838 -1.69907 0.940341 0.0177766 0.225626 -6.13186
 -6.38433 -0.0940771 0.442849 0.431728 -0.607605 -1.61602 0.936913 0.0149577 0.221561 -6.13511
 -5.25308 0.350221 0.81382 0.510682 -0.47729 -1.526 0.932717 0.0120986 0.217473 -6.13835
 -5.52604 0.12912 0.614302 0.48481 -0.361389 -1.42928 0.927744 0.00919917 0.213362 -6.14161
 -6.24011 0.0880956 -0.0976875 0.37745 -0.261486 -1.32621 0.921982 0.00625918 0.209229 -6.14486
 -7.13411 -0.213083 -0.784104 0.23697 -0.176976 -1.21725 0.915421 0.00327844 0.205074 -6.14812
 -7.25963 -0.317122 -0.861616 0.110318 -0.105597 -1.10296 0.90805 0.000256744 0.200896 -6.15138
 -6.29615 -0.00481942 -0.259938 0.0218117 -0.0438443 -0.983978 0.899859 -0.0028061 0.196695 -6.15465
 -5.23042 0.202337 0.510105 -0.0312373 0.0124415 -0.860996 0.890836 -0.00591029 0.192472 -6.15792
 -4.7278 0.255339 0.81602 -0.0613622 0.0677586 -0.734745 0.880972 -0.00905602 0.188226 -6.16119
 -5.0969 0.133482 0.430718 -0.0796585 0.126498 -0.605985 0.870255 -0.0122435 0.183958 -6.16446
 -5.95582 -0.167598 -0.271909 -0.087422 0.192419 -0.475486 0.858675 -0.0154729 0.179667 -6.16774
 -6.31353 -0.299961 -0.658114 -0.0806262 0.268454 -0.344019 0.846221 -0.0187444 0.175354 -6.17102
 -5.60578 -0.0418555 -0.422747 -0.0548682 0.356676 -0.212352 0.832883 -0.0220583 0.171019 -6.17431
 -4.61293 0.063973 0.14612 -0.0141539 0.45807 -0.0812401 0.818649 -0.0254147 0.16666 -6.17759
 -3.83599 0.245656 0.501833 0.0295101 0.572606 0.0485767 0.80351 -0.0288138 0.16228 -6.18088
 -3.88026 0.106008 0.350017 0.0645667 0.699344 0.176373 0.787454 -0.0322558 0.157876 -6.18418
 -4.34957 -0.168472 -0.0851461 0.0885247 0.836483 0.301437 0.77047 -0.0357409 0.153451 -6.18747
 -4.28341 -0.198088 -0.346884 0.109447 0.981531 0.42307 0.752549 -0.0392693 0.149002 -6.19077
 -3.79898 0.0457579 -0.253113 0.13662 1.13144 0.540575 0.73368 -0.0428413 0.144532 -6.19408
 -3.26225 0.0542332 -0.0157941 0.174404 1.28259 0.653258 0.713851 -0.0464569 0.140038 -6.19738
 -2.74688 0.137711 0.128247 0.216891 1.43097 0.76043 0.693052 -0.0501164 0.135522 -6.20069
 -2.70143 -0.129843 0.163946 0.252558 1.57228 0.861404 0.671273 -0.05382 0.130984 -6.20401
 -2.44977 -0.0098342 0.163002 0.275229 1.70195 0.955494 0.648502 -0.0575679 0.126423 -6.20732
 -2.16526 0.0371233 0.117341 0.29256 1.81516 1.04202 0.62473 -0.0613603 0.12184 -6.21064
 -2.15697 0.0947721 0.00547457 0.327504 1.90711 1.1203 0.599945 -0.0651974 0.117234 -6.21396
 -2.35527 -0.151486 -0.152871 0.407581 1.97348 1.18967 0.574137 -0.0690793 0.112605 -6.21729
 -1.98202 0.0893965 -0.292108 0.549881 2.01081 1.24944 0.547295 -0.0730063 0.107954 -6.22062
 -1.92896 -0.0107235 -0.314254 0.747825 2.0168 1.29895 0.519408 -0.0769786 0.103281 -6.22395
 -1.67687 -0.0740407 -0.152347 0.968596 1.99043 1.33751 0.490466 -0.0809963 0.0985846 -6.22729
 -1.13271 0.0383797 0.164056 1.15838 1.93155 1.36445 0.460458 -0.0850597 0.0938661 -6.23063
 -1.01866 -0.108786 0.469624 1.25635 1.84064 1.37909 0.429374 -0.089169 0.089125 -6.23397
 -0.571329 0.433126 0.524362 1.2154 1.71868 1.38077 0.397202 -0.0933243 0.0843613 -6.23731
 -1.83467 -0.237448 0.282512 1.02051 1.56716 1.3688 0.363932 -0.0975259 0.0795752 -6.24066
 -2.61827 -0.0502512 -0.0368666 0.69134 1.38798 1.3425 0.329554 -0.101774 0.0747665 -6.24401
 -3.43549 0.0307598 -0.247886 0.269781 1.18322 1.30122 0.294056 -0.106069 0.0699352 -6.24737
 -4.36069 0.0788956 -0.333287 -0.193598 0.954989 1.24425 0.257429 -0.11041 0.0650815 -6.25073
 -5.36869 -0.188308 -0.328098 -0.650108 0.705435 1.17094 0.219661 -0.114799 0.0602052 -6.25409
 -5.89544 0.102194 -0.29148 -1.06016 0.436718 1.08061 0.180741 -0.119234 0.0553064 -6.25745
 -6.62866 0.146788 -0.3287 -1.39477 0.151007 0.97258 0.14066 -0.123717 0.050385 -6.26082
 -7.66406 -0.101365 -0.428805 -1.63334 -0.149524 0.846175 0.0994058 -0.128248 0.0454411 -6.26419
 -8.41101 -0.118118 -0.425639 -1.76136 -0.462708 0.700721 0.0569685 -0.132827 0.0404747 -6.26756
 -8.66557 -0.0991433 -0.226138 -1.76778 -0.786374 0.535542 0.0133372 -0.137453 0.0354857 -6.27094
 -8.61394 0.147704 0.080232 -1.64269 -1.11835 0.349963 -0.0314987 -0.142128 0.0304742 -6.27432
 -8.69527 0.150849 0.345409 -1.37636 -1.45648 0.143308 -0.07755 -0.146851 0.0254402 -6.27771
 -8.93941 0.0264869 0.416705 -0.959062 -1.79857 -0.0850981 -0.124827 -0.151623 0.0203836 -6.28109
