0.6 0.9 0.167815 0.009
0.6 0.92 0.137326 0.008
0.6 0.94 0.137075 0.008
0.6 0.96 0.134557 0.008
0.6 0.98 0.137319 0.008
0.6 1 0.141079 0.008
0.6 1.02 0.1466 0.008
0.6 1.04 0.157675 0.008
0.6 1.06 0.187542 0.009
0.6 1.08 0.17059 0.009
0.6 1.1 0.181464 0.009
0.6 1.12 0.185366 0.01
0.6 1.14 0.188338 0.01
0.6 1.16 0.217175 0.011
0.6 1.18 0.241896 0.009
0.6 1.2 0.238228 0.01
0.62 0.9 0.135213 0.008
0.62 0.92 0.133996 0.009
0.62 0.94 0.142905 0.008
0.62 0.96 0.14588 0.008
0.62 0.98 0.146345 0.008
0.62 1 0.151152 0.008
0.62 1.02 0.161029 0.008
0.62 1.04 0.17605 0.008
0.62 1.06 0.187335 0.01
0.62 1.08 0.197181 0.01
0.62 1.1 0.195972 0.01
0.62 1.12 0.201169 0.01
0.62 1.14 0.205539 0.01
0.62 1.16 0.214896 0.01
0.62 1.18 0.225104 0.01
0.62 1.2 0.248292 0.012
0.64 0.9 0.156682 0.008
0.64 0.92 0.146181 0.008
0.64 0.94 0.15855 0.008
0.64 0.96 0.154826 0.008
0.64 0.98 0.155305 0.008
0.64 1 0.158895 0.008
0.64 1.02 0.171661 0.008
0.64 1.04 0.239725 0.011
0.64 1.06 0.197087 0.009
0.64 1.08 0.203567 0.009
0.64 1.1 0.206478 0.01
0.64 1.12 0.251091 0.009
0.640000 1.140000 0.244890 0.011000
0.640000 1.160000 0.234263 0.010000
0.640000 1.180000 0.259006 0.012000
0.640000 1.200000 0.272593 0.012000

0.660000 0.900000 0.157102 0.008000
0.660000 0.920000 0.152562 0.009000
0.660000 0.940000 0.156869 0.008000
0.660000 0.960000 0.161257 0.008000
0.660000 0.980000 0.167695 0.008000
0.660000 1.000000 0.174355 0.008000
0.660000 1.020000 0.186557 0.008000
0.660000 1.040000 0.211360 0.009000
0.660000 1.060000 0.219148 0.009000
0.660000 1.080000 0.237095 0.010000
0.660000 1.100000 0.223486 0.010000
0.660000 1.120000 0.248869 0.010000
0.660000 1.140000 0.293085 0.011000
0.660000 1.160000 0.252426 0.010000
0.660000 1.180000 0.283149 0.012000
0.660000 1.200000 0.301506 0.012000
0.680000 0.900000 0.163697 0.008000
0.680000 0.920000 0.162855 0.008000
0.680000 0.940000 0.170995 0.008000
0.680000 0.960000 0.175745 0.008000
0.680000 0.980000 0.176598 0.008000
0.680000 1.000000 0.187880 0.008000
0.680000 1.020000 0.288524 0.009000
0.680000 1.040000 0.246578 0.010000
0.680000 1.060000 0.246506 0.010000
0.680000 1.080000 0.246800 0.009000
0.680000 1.100000 0.264756 0.010000
0.680000 1.120000 0.287570 0.011000
0.680000 1.140000 0.264706 0.010000
0.680000 1.160000 0.274769 0.010000
0.680000 1.180000 0.304507 0.012000
0.680000 1.200000 0.316112 0.012000
0.700000 0.900000 0.176230 0.008000
0.700000 0.920000 0.175595 0.008000
0.700000 0.940000 0.175706 0.008000
0.700000 0.960000 0.184968 0.008000
0.700000 0.980000 0.188010 0.008000
0.700000 1.000000 0.201449 0.008000
0.700000 1.020000 0.258095 0.009000
0.700000 1.040000 0.256136 0.009000
0.700000 1.060000 0.248781 0.009000
0.700000 1.080000 0.303969 0.009000
0.700000 1.100000 0.289779 0.010000
0.700000 1.120000 0.303998 0.011000
0.700000 1.140000 0.285429 0.010000
0.700000 1.160000 0.300807 0.010000
0.700000 1.180000 0.332193 0.012000
0.700000 1.200000 0.352601 0.012000
0.720000 0.900000 0.186255 0.008000
0.720000 0.920000 0.185873 0.008000
0.720000 0.940000 0.194059 0.008000
0.720000 0.960000 0.195280 0.008000
0.720000 0.980000 0.206845 0.008000
0.720000 1.000000 0.232155 0.008000
0.720000 1.020000 0.258970 0.009000
0.720000 1.040000 0.270594 0.009000
0.720000 1.060000 0.271980 0.009000
0.720000 1.080000 0.316548 0.010000
0.720000 1.100000 0.298982 0.010000
0.720000 1.120000 0.330430 0.012000
0.720000 1.140000 0.307764 0.010000
0.720000 1.160000 0.324011 0.010000
0.720000 1.180000 0.358776 0.012000
0.720000 1.200000 0.359311 0.011000
0.740000 0.900000 0.199688 0.008000
0.740000 0.920000 0.194299 0.008000
0.740000 0.940000 0.201452 0.008000
0.740000 0.960000 0.211012 0.008000
0.740000 0.980000 0.216167 0.008000
0.740000 1.000000 0.303698 0.008000
0.740000 1.020000 0.297802 0.009000
0.740000 1.040000 0.290862 0.010000
0.740000 1.060000 0.303647 0.010000
0.740000 1.080000 0.306678 0.010000
0.740000 1.100000 0.335191 0.010000
0.740000 1.120000 0.368931 0.012000
0.740000 1.140000 0.349056 0.010000
0.740000 1.160000 0.367112 0.012000
0.740000 1.180000 0.391300 0.012000
0.740000 1.200000 0.389923 0.011000
0.760000 0.900000 0.202424 0.008000
0.760000 0.920000 0.205161 0.008000
0.760000 0.940000 0.215361 0.008000
0.760000 0.960000 0.223673 0.008000
0.760000 0.980000 0.243826 0.008000
0.760000 1.000000 0.264554 0.009000
0.760000 1.020000 0.327075 0.008000
0.760000 1.040000 0.340338 0.009000
0.760000 1.060000 0.351259 0.010000
0.760000 1.080000 0.346903 0.010000
0.760000 1.100000 0.396414 0.011000
0.760000 1.120000 0.344960 0.010000
0.760000 1.140000 0.352412 0.010000
0.760000 1.160000 0.410840 0.012000
0.760000 1.180000 0.422877 0.012000
0.760000 1.200000 0.414770 0.011000
0.780000 0.900000 0.216689 0.008000
0.780000 0.920000 0.219095 0.008000
0.780000 0.940000 0.251738 0.009000
0.780000 0.960000 0.252927 0.009000
0.780000 0.980000 0.267278 0.009000
0.780000 1.000000 0.302229 0.009000
0.780000 1.020000 0.401050 0.009000
0.780000 1.040000 0.369643 0.010000
0.780000 1.060000 0.345802 0.010000
0.780000 1.080000 0.342758 0.010000
0.780000 1.100000 0.399497 0.011000
0.780000 1.120000 0.377709 0.010000
0.780000 1.140000 0.380179 0.010000
0.780000 1.160000 0.439447 0.012000
0.780000 1.180000 0.467555 0.012000
0.780000 1.200000 0.455318 0.011000
0.800000 0.900000 0.223077 0.008000
0.800000 0.920000 0.347701 0.009000
0.800000 0.940000 0.259327 0.009000
0.800000 0.960000 0.269447 0.009000
0.800000 0.980000 0.288433 0.009000
0.800000 1.000000 0.327735 0.009000
0.800000 1.020000 0.365141 0.009000
0.800000 1.040000 0.369064 0.010000
0.800000 1.060000 0.470503 0.010000
0.800000 1.080000 0.390771 0.010000
0.800000 1.100000 0.473232 0.011000
0.800000 1.120000 0.457371 0.011000
0.800000 1.140000 0.483639 0.010000
0.800000 1.160000 0.450266 0.011000
0.800000 1.180000 0.459811 0.011000
0.800000 1.200000 0.569770 0.011000
0.820000 0.900000 0.275969 0.008000
0.820000 0.920000 0.275141 0.009000
0.820000 0.940000 0.280387 0.009000
0.820000 0.960000 0.287837 0.009000
0.820000 0.980000 0.308750 0.009000
0.820000 1.000000 0.496158 0.009000
0.820000 1.020000 0.385078 0.010000
0.820000 1.040000 0.406469 0.010000
0.820000 1.060000 0.399932 0.010000
0.820000 1.080000 0.527158 0.012000
0.820000 1.100000 0.473480 0.012000
0.820000 1.120000 0.498952 0.012000
0.820000 1.140000 0.547759 0.011000
0.820000 1.160000 0.458131 0.011000
0.820000 1.180000 0.498716 0.011000
0.820000 1.200000 0.568678 0.011000
0.840000 0.900000 0.298913 0.008000
0.840000 0.920000 0.280591 0.009000
0.840000 0.940000 0.295190 0.009000
0.840000 0.960000 0.301845 0.009000
0.840000 0.980000 0.331855 0.009000
0.840000 1.000000 1.352884 0.011000
0.840000 1.020000 0.494653 0.010000
0.840000 1.040000 0.419159 0.010000
0.840000 1.060000 0.477344 0.010000
0.840000 1.080000 0.473685 0.011000
0.840000 1.100000 0.508664 0.012000
0.840000 1.120000 0.538872 0.011000
0.840000 1.140000 0.596322 0.011000
0.840000 1.160000 0.498754 0.011000
0.840000 1.180000 0.538315 0.011000
0.840000 1.200000 0.690128 0.010000
0.860000 0.900000 0.303529 0.009000
0.860000 0.920000 0.295850 0.009000
0.860000 0.940000 0.305984 0.009000
0.860000 0.960000 0.321521 0.009000
0.860000 0.980000 0.362633 0.009000
0.860000 1.000000 0.418479 0.010000
0.860000 1.020000 0.388433 0.010000
0.860000 1.040000 0.411285 0.010000
0.860000 1.060000 0.432432 0.010000
0.860000 1.080000 0.518901 0.011000
0.860000 1.100000 0.539997 0.012000
0.860000 1.120000 0.605054 0.011000
0.860000 1.140000 0.519415 0.011000
0.860000 1.160000 0.539102 0.011000
0.860000 1.180000 0.578178 0.011000
0.860000 1.200000 0.770829 0.010000
0.880000 0.900000 0.306140 0.009000
0.880000 0.920000 0.311928 0.009000
0.880000 0.940000 0.320340 0.009000
0.880000 0.960000 0.347253 0.009000
0.880000 0.980000 0.393967 0.009000
0.880000 1.000000 0.465683 0.010000
0.880000 1.020000 0.415068 0.010000
0.880000 1.040000 0.435322 0.010000
0.880000 1.060000 0.468243 0.010000
0.880000 1.080000 0.570880 0.012000
0.880000 1.100000 0.590558 0.012000
0.880000 1.120000 0.653666 0.011000
0.880000 1.140000 0.550662 0.011000
0.880000 1.160000 0.587980 0.011000
0.880000 1.180000 0.632470 0.011000
0.880000 1.200000 0.757049 0.011000
0.900000 0.900000 0.330294 0.009000
0.900000 0.920000 0.329669 0.009000
0.900000 0.940000 0.351228 0.009000
0.900000 0.960000 0.377949 0.009000
0.900000 0.980000 0.456910 0.009000
0.900000 1.000000 0.484368 0.010000
0.900000 1.020000 0.404896 0.010000
0.900000 1.040000 0.471678 0.010000
0.900000 1.060000 0.561144 0.011000
0.900000 1.080000 0.594509 0.012000
0.900000 1.100000 0.635865 0.012000
0.900000 1.120000 0.672053 0.011000
0.900000 1.140000 0.601217 0.011000
0.900000 1.160000 0.625515 0.011000
0.900000 1.180000 0.896115 0.012000
0.900000 1.200000 0.927627 0.012000
0.920000 0.900000 0.329806 0.009000
0.920000 0.920000 0.336081 0.009000
0.920000 0.940000 0.359848 0.009000
0.920000 0.960000 0.408513 0.009000
0.920000 0.980000 0.515660 0.011000
0.920000 1.000000 0.414540 0.010000
0.920000 1.020000 0.454654 0.010000
0.920000 1.040000 0.497445 0.010000
0.920000 1.060000 0.631087 0.011000
0.920000 1.080000 0.659202 0.012000
0.920000 1.100000 0.711967 0.012000
0.920000 1.120000 0.608560 0.011000
0.920000 1.140000 0.625083 0.011000
0.920000 1.160000 0.673375 0.011000
0.920000 1.180000 1.011658 0.012000
0.920000 1.200000 0.860413 0.010000
0.940000 0.900000 0.352935 0.009000
0.940000 0.920000 0.362237 0.009000
0.940000 0.940000 0.378344 0.009000
0.940000 0.960000 0.433792 0.009000
0.940000 0.980000 0.454485 0.010000
0.940000 1.000000 0.429749 0.010000
0.940000 1.020000 0.493898 0.010000
0.940000 1.040000 0.540304 0.010000
0.940000 1.060000 0.657885 0.012000
0.940000 1.080000 0.713848 0.012000
0.940000 1.100000 0.778909 0.011000
0.940000 1.120000 0.633731 0.011000
0.940000 1.140000 0.674829 0.011000
0.940000 1.160000 0.724819 0.011000
0.940000 1.180000 1.205871 0.012000
0.940000 1.200000 1.443259 0.012000
0.960000 0.900000 0.364224 0.009000
0.960000 0.920000 0.378907 0.009000
0.960000 0.940000 0.407926 0.009000
0.960000 0.960000 0.542416 0.010000
0.960000 0.980000 0.484195 0.010000
0.960000 1.000000 0.463610 0.010000
0.960000 1.020000 0.531484 0.010000
0.960000 1.040000 0.616281 0.010000
0.960000 1.060000 0.718239 0.012000
0.960000 1.080000 0.765772 0.012000
0.960000 1.100000 0.896622 0.011000
0.960000 1.120000 0.675410 0.011000
0.960000 1.140000 0.709063 0.011000
0.960000 1.160000 0.781663 0.011000
0.960000 1.180000 0.996667 0.010000
0.960000 1.200000 1.195782 0.012000
0.980000 0.900000 0.380598 0.009000
0.980000 0.920000 0.402396 0.009000
0.980000 0.940000 0.630495 0.010000
0.980000 0.960000 0.716325 0.010000
0.980000 0.980000 0.477379 0.010000
0.980000 1.000000 0.483309 0.010000
0.980000 1.020000 0.569675 0.010000
0.980000 1.040000 0.706650 0.011000
0.980000 1.060000 0.793711 0.012000
0.980000 1.080000 0.832790 0.012000
0.980000 1.100000 0.768751 0.011000
0.980000 1.120000 0.731968 0.011000
0.980000 1.140000 0.761901 0.011000
0.980000 1.160000 0.855720 0.011000
0.980000 1.180000 1.101437 0.011000
0.980000 1.200000 1.226482 0.011000
1.000000 0.900000 0.402188 0.009000
1.000000 0.920000 0.557349 0.009000
1.000000 0.940000 0.568242 0.010000
1.000000 0.960000 0.596900 0.011000
1.000000 0.980000 0.504188 0.010000
1.000000 1.000000 0.556433 0.010000
1.000000 1.020000 0.617080 0.010000
1.000000 1.040000 0.763558 0.011000
1.000000 1.060000 0.866366 0.012000
1.000000 1.080000 0.956606 0.011000
1.000000 1.100000 0.804645 0.011000
1.000000 1.120000 0.782546 0.011000
1.000000 1.140000 0.835320 0.011000
1.000000 1.160000 1.087707 0.010000
1.000000 1.180000 1.058672 0.011000
1.000000 1.200000 1.472166 0.013000
0.600000 0.900000 0.167815 0.009000
0.600000 0.920000 0.137326 0.008000
0.600000 0.940000 0.137075 0.008000
0.600000 0.960000 0.134557 0.008000
0.600000 0.980000 0.137319 0.008000
0.600000 1.000000 0.141079 0.008000
0.600000 1.020000 0.146600 0.008000
0.600000 1.040000 0.157675 0.008000
0.600000 1.060000 0.187542 0.009000
0.600000 1.080000 0.170590 0.009000
0.600000 1.100000 0.181464 0.009000
0.600000 1.120000 0.185366 0.010000
0.600000 1.140000 0.188338 0.010000
0.600000 1.160000 0.217175 0.011000
0.600000 1.180000 0.241896 0.009000
0.600000 1.200000 0.238228 0.010000
0.580000 0.900000 0.163233 0.009000
0.580000 0.920000 0.136362 0.008000
0.580000 0.940000 0.129405 0.008000
0.580000 0.960000 0.130441 0.008000
0.580000 0.980000 0.124486 0.009000
0.580000 1.000000 0.132492 0.008000
0.580000 1.020000 0.137636 0.008000
0.580000 1.040000 0.142770 0.008000
0.580000 1.060000 0.224954 0.009000
0.580000 1.080000 0.170429 0.009000
0.580000 1.100000 0.179484 0.010000
0.580000 1.120000 0.196760 0.010000
0.580000 1.140000 0.175766 0.010000
0.580000 1.160000 0.180859 0.010000
0.580000 1.180000 0.208161 0.010000
0.580000 1.200000 0.219076 0.010000
0.560000 0.900000 0.152012 0.009000
0.560000 0.920000 0.145881 0.008000
0.560000 0.940000 0.117193 0.008000
0.560000 0.960000 0.123886 0.008000
0.560000 0.980000 0.123708 0.008000
0.560000 1.000000 0.128784 0.008000
0.560000 1.020000 0.125717 0.008000
0.560000 1.040000 0.133327 0.008000
0.560000 1.060000 0.144854 0.008000
0.560000 1.080000 0.156280 0.009000
0.560000 1.100000 0.164405 0.009000
0.560000 1.120000 0.167840 0.010000
0.560000 1.140000 0.183075 0.011000
0.560000 1.160000 0.167478 0.010000
0.560000 1.180000 0.173996 0.010000
0.560000 1.200000 0.186921 0.011000
0.540000 0.900000 0.141261 0.009000
0.540000 0.920000 0.133552 0.009000
0.540000 0.940000 0.110037 0.008000
0.540000 0.960000 0.110605 0.008000
0.540000 0.980000 0.114698 0.008000
0.540000 1.000000 0.118055 0.008000
0.540000 1.020000 0.115688 0.008000
0.540000 1.040000 0.117098 0.009000
0.540000 1.060000 0.129878 0.008000
0.540000 1.080000 0.161454 0.010000
0.540000 1.100000 0.151274 0.009000
0.540000 1.120000 0.148997 0.010000
0.540000 1.140000 0.149204 0.010000
0.540000 1.160000 0.157699 0.010000
0.540000 1.180000 0.177179 0.011000
0.540000 1.200000 0.173817 0.011000
0.520000 0.900000 0.142192 0.009000
0.520000 0.920000 0.096821 0.009000
0.520000 0.940000 0.100801 0.008000
0.520000 0.960000 0.101401 0.008000
0.520000 0.980000 0.104920 0.008000
0.520000 1.000000 0.109579 0.008000
0.520000 1.020000 0.112785 0.008000
0.520000 1.040000 0.107816 0.009000
0.520000 1.060000 0.120023 0.009000
0.520000 1.080000 0.129700 0.009000
0.520000 1.100000 0.134341 0.009000
0.520000 1.120000 0.140538 0.010000
0.520000 1.140000 0.141856 0.010000
0.520000 1.160000 0.153248 0.009000
0.520000 1.180000 0.152492 0.010000
0.520000 1.200000 0.195326 0.011000
0.500000 0.900000 0.097246 0.009000
0.500000 0.920000 0.088956 0.009000
0.500000 0.940000 0.088654 0.009000
0.500000 0.960000 0.093955 0.008000
0.500000 0.980000 0.095113 0.008000
0.500000 1.000000 0.099318 0.008000
0.500000 1.020000 0.105176 0.008000
0.500000 1.040000 0.098488 0.009000
0.500000 1.060000 0.102966 0.009000
0.500000 1.080000 0.114868 0.009000
0.500000 1.100000 0.119965 0.008000
0.500000 1.120000 0.127414 0.009000
0.500000 1.140000 0.126585 0.010000
0.500000 1.160000 0.126783 0.011000
0.500000 1.180000 0.133149 0.011000
0.500000 1.200000 0.139327 0.011000
0.480000 0.900000 0.085387 0.009000
0.480000 0.920000 0.083316 0.009000
0.480000 0.940000 0.080963 0.009000
0.480000 0.960000 0.081547 0.009000
0.480000 0.980000 0.083247 0.009000
0.480000 1.000000 0.090235 0.008000
0.480000 1.020000 0.093262 0.008000
0.480000 1.040000 0.097073 0.008000
0.480000 1.060000 0.094009 0.009000
0.480000 1.080000 0.103358 0.009000
0.480000 1.100000 0.105617 0.009000
0.480000 1.120000 0.115290 0.010000
0.480000 1.140000 0.115597 0.010000
0.480000 1.160000 0.116901 0.010000
0.480000 1.180000 0.124200 0.010000
0.480000 1.200000 0.128668 0.010000
0.460000 0.900000 1.154480 0.015000
0.460000 0.920000 0.077589 0.009000
0.460000 0.940000 0.075698 0.009000
0.460000 0.960000 0.076654 0.009000
0.460000 0.980000 0.078001 0.009000
0.460000 1.000000 0.077661 0.009000
0.460000 1.020000 0.080745 0.009000
0.460000 1.040000 0.086830 0.008000
0.460000 1.060000 0.091521 0.008000
0.460000 1.080000 0.100134 0.009000
0.460000 1.100000 0.101638 0.009000
0.460000 1.120000 0.110415 0.011000
0.460000 1.140000 0.104774 0.010000
0.460000 1.160000 0.104913 0.010000
0.460000 1.180000 0.108400 0.010000
0.460000 1.200000 0.113723 0.010000
0.440000 0.900000 0.099411 0.010000
0.440000 0.920000 0.105824 0.009000
0.440000 0.940000 0.068655 0.009000
0.440000 0.960000 0.068438 0.009000
0.440000 0.980000 0.069421 0.009000
0.440000 1.000000 0.071904 0.009000
0.440000 1.020000 0.072219 0.009000
0.440000 1.040000 0.075794 0.009000
0.440000 1.060000 0.080477 0.009000
0.440000 1.080000 0.088012 0.009000
0.440000 1.100000 0.088648 0.009000
0.440000 1.120000 0.095711 0.009000
0.440000 1.140000 0.100126 0.010000
0.440000 1.160000 0.095878 0.010000
0.440000 1.180000 0.103043 0.011000
0.440000 1.200000 0.099950 0.010000
0.420000 0.900000 0.116583 0.011000
0.420000 0.920000 0.099196 0.009000
0.420000 0.940000 0.059456 0.008000
0.420000 0.960000 0.062876 0.008000
0.420000 0.980000 0.063976 0.009000
0.420000 1.000000 0.065640 0.009000
0.420000 1.020000 0.067363 0.009000
0.420000 1.040000 0.068942 0.009000
0.420000 1.060000 0.073050 0.009000
0.420000 1.080000 0.076887 0.009000
0.420000 1.100000 0.081794 0.009000
0.420000 1.120000 0.089471 0.009000
0.420000 1.140000 0.088092 0.010000
0.420000 1.160000 0.085771 0.011000
0.420000 1.180000 0.090640 0.010000
0.420000 1.200000 0.086075 0.010000
0.400000 0.900000 0.085581 0.008000
0.400000 0.920000 0.086969 0.011000
0.400000 0.940000 0.072292 0.008000
0.400000 0.960000 0.054910 0.008000
0.400000 0.980000 0.055059 0.008000
0.400000 1.000000 0.056828 0.008000
0.400000 1.020000 0.060271 0.009000
0.400000 1.040000 0.061765 0.009000
0.400000 1.060000 0.063812 0.009000
0.400000 1.080000 0.069917 0.009000
0.400000 1.100000 0.074663 0.009000
0.400000 1.120000 0.077840 0.009000
0.400000 1.140000 0.087377 0.011000
0.400000 1.160000 0.080335 0.010000
0.400000 1.180000 0.075870 0.010000
0.400000 1.200000 0.082917 0.010000
